1738124317246 0.208984375 0
1738124317248 0.27839842438697815 1
1738124317249 0.32374998927116394 2
1738124317250 0.3582421839237213 3
1738124317251 0.3973437547683716 4
1738124317253 0.42628905177116394 5
1738124317255 0.46953123807907104 6
1738124317256 0.49730467796325684 7
1738124317258 0.524609386920929 8
1738124317260 0.5496484637260437 9
1738124317261 0.5749609470367432 10
1738124317262 0.5896093845367432 11
1738124317264 0.6173437237739563 12
1738124317266 0.6322265863418579 13
1738124317268 0.6512500047683716 14
1738124317270 0.6682422161102295 15
1738124317272 0.6767187714576721 16
1738124317274 0.689648449420929 17
1738124317275 0.6977343559265137 18
1738124317277 0.7070702910423279 19
1738124317279 0.7183593511581421 20
1738124317281 0.7261718511581421 21
1738124317283 0.7359374761581421 22
1738124317285 0.739062488079071 23
1738124317287 0.7457812428474426 24
1738124317290 0.7555859088897705 25
1738124317292 0.7582031488418579 26
1738124317294 0.7666406035423279 27
1738124317296 0.7681640386581421 28
1738124317297 0.7777343988418579 29
1738124317299 0.7749218940734863 30
1738124317300 0.7814843654632568 31
1738124317302 0.7843359112739563 32
1738124317304 0.7919140458106995 33
1738124317306 0.7919531464576721 34
1738124317308 0.80078125 35
1738124317310 0.7993749976158142 36
1738124317312 0.8011718988418579 37
1738124317313 0.7991796731948853 38
1738124317315 0.8061718940734863 39
1738124317317 0.8102734088897705 40
1738124317319 0.8130468726158142 41
1738124317321 0.8160547018051147 42
1738124317323 0.8147265911102295 43
1738124317325 0.8197656273841858 44
1738124317326 0.8215234279632568 45
1738124317328 0.8210155963897705 46
1738124317330 0.824023425579071 47
1738124317332 0.8304296731948853 48
1738124317334 0.824023425579071 49
1738124317336 0.8323047161102295 50
1738124317338 0.8309375047683716 51
1738124317339 0.831835925579071 52
1738124317341 0.8319140672683716 53
1738124317343 0.8361718654632568 54
1738124317345 0.8387890458106995 55
1738124317347 0.8412109613418579 56
1738124317349 0.8366405963897705 57
1738124317351 0.8441015481948853 58
1738124317352 0.8400781154632568 59
1738124317354 0.8436718583106995 60
1738124317356 0.8434374928474426 61
1738124317358 0.8486718535423279 62
1738124317360 0.8448437452316284 63
1738124317362 0.8444921970367432 64
1738124317364 0.8480859398841858 65
1738124317365 0.8533984422683716 66
1738124317367 0.8516796827316284 67
1738124317369 0.8494531512260437 68
1738124317371 0.8529687523841858 69
1738124317373 0.854687511920929 70
1738124317375 0.8582812547683716 71
1738124317377 0.8500390648841858 72
1738124317378 0.8575390577316284 73
1738124317380 0.8578906059265137 74
1738124317382 0.8593359589576721 75
1738124317384 0.8582812547683716 76
