1738124317246 2.8350696563720703 0
1738124317248 2.2361550331115723 1
1738124317249 1.9820303916931152 2
1738124317250 1.8383194208145142 3
1738124317251 1.702521800994873 4
1738124317253 1.608375906944275 5
1738124317255 1.4914484024047852 6
1738124317256 1.406890869140625 7
1738124317258 1.3273364305496216 8
1738124317260 1.267298698425293 9
1738124317261 1.1962891817092896 10
1738124317262 1.1514904499053955 11
1738124317264 1.0813210010528564 12
1738124317266 1.0314593315124512 13
1738124317268 0.999447226524353 14
1738124317270 0.9524514079093933 15
1738124317272 0.9232698678970337 16
1738124317274 0.8910143971443176 17
1738124317275 0.8711549639701843 18
1738124317277 0.8471696376800537 19
1738124317279 0.805060625076294 20
1738124317281 0.794826865196228 21
1738124317283 0.7664039134979248 22
1738124317285 0.7600939273834229 23
1738124317287 0.7341647148132324 24
1738124317290 0.7101917862892151 25
1738124317292 0.7053187489509583 26
1738124317294 0.6848938465118408 27
1738124317296 0.6771191954612732 28
1738124317297 0.6572839617729187 29
1738124317299 0.6606766581535339 30
1738124317300 0.6376675963401794 31
1738124317302 0.6366793513298035 32
1738124317304 0.6097028851509094 33
1738124317306 0.6163015961647034 34
1738124317308 0.595132052898407 35
1738124317310 0.5897822380065918 36
1738124317312 0.5792915225028992 37
1738124317313 0.5902820229530334 38
1738124317315 0.5648491978645325 39
1738124317317 0.5598615407943726 40
1738124317319 0.5466989278793335 41
1738124317321 0.5472648739814758 42
1738124317323 0.5427138805389404 43
1738124317325 0.532716691493988 44
1738124317326 0.5237857103347778 45
1738124317328 0.5250953435897827 46
1738124317330 0.5146839618682861 47
1738124317332 0.505576491355896 48
1738124317334 0.5165709257125854 49
1738124317336 0.4977695047855377 50
1738124317338 0.49518099427223206 51
1738124317339 0.49037620425224304 52
1738124317341 0.4979929029941559 53
1738124317343 0.4868606925010681 54
1738124317345 0.4755588471889496 55
1738124317347 0.4759957790374756 56
1738124317349 0.48201313614845276 57
1738124317351 0.46562859416007996 58
1738124317352 0.4668678343296051 59
1738124317354 0.4580361247062683 60
1738124317356 0.46166858077049255 61
1738124317358 0.44806012511253357 62
1738124317360 0.44887760281562805 63
1738124317362 0.45698925852775574 64
1738124317364 0.44793322682380676 65
1738124317365 0.43895968794822693 66
1738124317367 0.4421793818473816 67
1738124317369 0.4446251690387726 68
1738124317371 0.438689261674881 69
1738124317373 0.43166694045066833 70
1738124317375 0.4227195680141449 71
1738124317377 0.4373894929885864 72
1738124317378 0.42312949895858765 73
1738124317380 0.4210430979728699 74
1738124317382 0.41696763038635254 75
1738124317384 0.42261210083961487 76
