1738764018771 0.42140623927116394 0
1738764018773 0.5319140553474426 1
1738764018776 0.5768749713897705 2
1738764018778 0.6109765768051147 3
1738764018780 0.6341797113418579 4
1738764018783 0.6552343964576721 5
1738764018784 0.6756250262260437 6
1738764018785 0.6899999976158142 7
1738764018787 0.7065234184265137 8
1738764018788 0.7173437476158142 9
1738764018789 0.7289453148841858 10
1738764018790 0.7346875071525574 11
1738764018791 0.744140625 12
1738764018793 0.7533984184265137 13
1738764018795 0.7619531154632568 14
1738764018797 0.7623437643051147 15
1738764018798 0.7718359231948853 16
1738764018799 0.7723827958106995 17
1738764018801 0.7842578291893005 18
1738764018802 0.779492199420929 19
1738764018803 0.7887890338897705 20
1738764018804 0.7924218773841858 21
1738764018805 0.7914453148841858 22
1738764018807 0.8001953363418579 23
1738764018808 0.8014453053474426 24
1738764018809 0.8016796708106995 25
1738764018811 0.8030468821525574 26
1738764018812 0.8109375238418579 27
1738764018814 0.8117969036102295 28
1738764018815 0.8120312690734863 29
1738764018816 0.813671886920929 30
1738764018817 0.8204296827316284 31
1738764018819 0.8199218511581421 32
1738764018820 0.8190234303474426 33
1738764018821 0.821484386920929 34
1738764018822 0.8203906416893005 35
1738764018823 0.8213281035423279 36
1738764018825 0.8268749713897705 37
1738764018826 0.8321874737739563 38
1738764018828 0.8287109136581421 39
1738764018829 0.8294140696525574 40
1738764018830 0.8346484303474426 41
1738764018831 0.8317577838897705 42
1738764018832 0.8354687690734863 43
1738764018834 0.8398047089576721 44
1738764018835 0.8365234136581421 45
1738764018836 0.8330859541893005 46
1738764018837 0.838085949420929 47
1738764018838 0.8386328220367432 48
1738764018839 0.8373437523841858 49
1738764018841 0.8443750143051147 50
1738764018842 0.8430078029632568 51
1738764018843 0.8442968726158142 52
1738764018844 0.8433984518051147 53
1738764018845 0.8457812666893005 54
1738764018846 0.8476172089576721 55
1738764018848 0.8485546708106995 56
1738764018849 0.8452343940734863 57
1738764018850 0.846484363079071 58
1738764018851 0.8487499952316284 59
1738764018852 0.8510156273841858 60
1738764018853 0.8506249785423279 61
1738764018854 0.8523828387260437 62
1738764018855 0.8523046970367432 63
1738764018857 0.8507031202316284 64
1738764018858 0.8507031202316284 65
1738764018859 0.8567578196525574 66
1738764018860 0.8550390601158142 67
1738764018861 0.853320300579071 68
1738764018862 0.8585546612739563 69
1738764018864 0.854296863079071 70
1738764018865 0.8562109470367432 71
1738764018866 0.8590624928474426 72
1738764018867 0.8563281297683716 73
1738764018868 0.8586719036102295 74
1738764018869 0.8573437333106995 75
1738764018870 0.8558593988418579 76
1738764018871 0.8566015362739563 77
1738764018873 0.8592187762260437 78
1738764018874 0.858203113079071 79
1738764018875 0.8588281273841858 80
1738764018876 0.8608984351158142 81
1738764018877 0.8632422089576721 82
1738764018878 0.8575000166893005 83
1738764018880 0.8587890863418579 84
1738764018881 0.8577343821525574 85
1738764018882 0.8635547161102295 86
1738764018883 0.8613671660423279 87
1738764018884 0.864062488079071 88
1738764018885 0.865234375 89
1738764018886 0.8674218654632568 90
1738764018888 0.863085925579071 91
1738764018889 0.8648828268051147 92
1738764018890 0.8665234446525574 93
1738764018891 0.8635156154632568 94
1738764018892 0.863085925579071 95
1738764018893 0.8644921779632568 96
1738764018894 0.8645703196525574 97
1738764018896 0.864453136920929 98
1738764018898 0.8676171898841858 99
1738764018899 0.8618749976158142 100
1738764018900 0.8666796684265137 101
1738764018901 0.8672656416893005 102
1738764018902 0.8670703172683716 103
1738764018903 0.8652734160423279 104
1738764018904 0.8667187690734863 105
1738764018906 0.8681250214576721 106
1738764018907 0.8694140911102295 107
1738764018908 0.8682812452316284 108
1738764018909 0.868945300579071 109
1738764018910 0.8683984279632568 110
1738764018911 0.8708202838897705 111
1738764018912 0.8698828220367432 112
1738764018913 0.871289074420929 113
1738764018915 0.8713281154632568 114
1738764018916 0.8723046779632568 115
1738764018917 0.8701562285423279 116
1738764018918 0.8679296970367432 117
1738764018919 0.8732030987739563 118
1738764018920 0.8712109327316284 119
