1738764018771 1.4639750719070435 0
1738764018773 1.2092859745025635 1
1738764018776 1.0988737344741821 2
1738764018778 1.0223959684371948 3
1738764018780 0.9741470813751221 4
1738764018783 0.9246682524681091 5
1738764018784 0.8788342475891113 6
1738764018785 0.8426279425621033 7
1738764018787 0.8116471171379089 8
1738764018788 0.7871442437171936 9
1738764018789 0.759103000164032 10
1738764018790 0.7361765503883362 11
1738764018791 0.7157845497131348 12
1738764018793 0.7042473554611206 13
1738764018795 0.676911473274231 14
1738764018797 0.6789871454238892 15
1738764018798 0.6569662690162659 16
1738764018799 0.6486225128173828 17
1738764018801 0.6277402639389038 18
1738764018802 0.6281943321228027 19
1738764018803 0.6072481274604797 20
1738764018804 0.6006565690040588 21
1738764018805 0.5956109762191772 22
1738764018807 0.581530749797821 23
1738764018808 0.5836533308029175 24
1738764018809 0.5734497904777527 25
1738764018811 0.5697463154792786 26
1738764018812 0.5630889534950256 27
1738764018814 0.5537305474281311 28
1738764018815 0.5513184070587158 29
1738764018816 0.5480538010597229 30
1738764018817 0.5326225161552429 31
1738764018819 0.5276288390159607 32
1738764018820 0.5372195243835449 33
1738764018821 0.5238175392150879 34
1738764018822 0.524790346622467 35
1738764018823 0.52475905418396 36
1738764018825 0.5107797980308533 37
1738764018826 0.4984753727912903 38
1738764018828 0.5063058733940125 39
1738764018829 0.5064722299575806 40
1738764018830 0.4943389594554901 41
1738764018831 0.4955730140209198 42
1738764018832 0.4889924228191376 43
1738764018834 0.4726836383342743 44
1738764018835 0.48301559686660767 45
1738764018836 0.49008408188819885 46
1738764018837 0.47822341322898865 47
1738764018838 0.4751809239387512 48
1738764018839 0.47786659002304077 49
1738764018841 0.46563243865966797 50
1738764018842 0.46912941336631775 51
1738764018843 0.4631589651107788 52
1738764018844 0.46243172883987427 53
1738764018845 0.46023380756378174 54
1738764018846 0.4565297067165375 55
1738764018848 0.4562629759311676 56
1738764018849 0.4600042402744293 57
1738764018850 0.4527986943721771 58
1738764018851 0.45371004939079285 59
1738764018852 0.44872406125068665 60
1738764018853 0.4454931616783142 61
1738764018854 0.4450894594192505 62
1738764018855 0.43998822569847107 63
1738764018857 0.44696834683418274 64
1738764018858 0.4506077170372009 65
1738764018859 0.43109798431396484 66
1738764018860 0.4431222081184387 67
1738764018861 0.43594786524772644 68
1738764018862 0.4298698902130127 69
1738764018864 0.434682160615921 70
1738764018865 0.43416324257850647 71
1738764018866 0.4250863790512085 72
1738764018867 0.4253106415271759 73
1738764018868 0.42224040627479553 74
1738764018869 0.42742061614990234 75
1738764018870 0.4304208755493164 76
1738764018871 0.42744237184524536 77
1738764018873 0.4277053773403168 78
1738764018874 0.4220534861087799 79
1738764018875 0.41873958706855774 80
1738764018876 0.4225115180015564 81
1738764018877 0.41375577449798584 82
1738764018878 0.42236828804016113 83
1738764018880 0.42070597410202026 84
1738764018881 0.41718167066574097 85
1738764018882 0.41326531767845154 86
1738764018883 0.4189850687980652 87
1738764018884 0.41742804646492004 88
1738764018885 0.4059681296348572 89
1738764018886 0.40122249722480774 90
1738764018888 0.41120147705078125 91
1738764018889 0.40905818343162537 92
1738764018890 0.4060785174369812 93
1738764018891 0.4161677658557892 94
1738764018892 0.40907493233680725 95
1738764018893 0.4084293246269226 96
1738764018894 0.4094655215740204 97
1738764018896 0.4074244797229767 98
1738764018898 0.3984915614128113 99
1738764018899 0.40866193175315857 100
1738764018900 0.399135023355484 101
1738764018901 0.4018262028694153 102
1738764018902 0.39739829301834106 103
1738764018903 0.40234601497650146 104
1738764018904 0.3998247981071472 105
1738764018906 0.39552783966064453 106
1738764018907 0.3967025876045227 107
1738764018908 0.3947089910507202 108
1738764018909 0.39164596796035767 109
1738764018910 0.395416796207428 110
1738764018911 0.3925460875034332 111
1738764018912 0.395564466714859 112
1738764018913 0.38722696900367737 113
1738764018915 0.39117223024368286 114
1738764018916 0.38570109009742737 115
1738764018917 0.3876414895057678 116
1738764018918 0.39278534054756165 117
1738764018919 0.3863605856895447 118
1738764018920 0.386270672082901 119
