1738030779275 4.926705360412598 0
1738030779277 1.5963499546051025 1
1738030779278 1.4326858520507812 2
1738030779279 1.3179911375045776 3
1738030779281 1.2396442890167236 4
1738030779283 1.23158597946167 5
1738030779284 1.154717206954956 6
1738030779286 1.124047040939331 7
1738030779288 1.1282126903533936 8
1738030779290 1.0611199140548706 9
1738030779291 1.0103003978729248 10
1738030779294 1.0032215118408203 11
1738030779296 0.9836453199386597 12
1738030779298 1.0232594013214111 13
1738030779299 0.962200403213501 14
1738030779300 0.9386721849441528 15
1738030779301 0.9174085855484009 16
1738030779302 0.9270416498184204 17
1738030779303 0.9136775135993958 18
1738030779304 0.9001059532165527 19
1738030779306 0.8753384351730347 20
1738030779307 0.8942269682884216 21
1738030779308 0.8758499622344971 22
1738030779309 0.8489859700202942 23
1738030779310 0.8593297600746155 24
1738030779311 0.8536230325698853 25
1738030779312 0.8311710953712463 26
1738030779313 0.8236958980560303 27
1738030779314 0.8134880065917969 28
1738030779315 0.8170588612556458 29
1738030779316 0.7919771671295166 30
1738030779317 0.8156285881996155 31
1738030779317 0.8033413887023926 32
1738030779318 0.776071310043335 33
1738030779319 0.7824008464813232 34
1738030779320 0.7697049975395203 35
1738030779322 0.7714536786079407 36
1738030779323 0.760611355304718 37
1738030779324 0.7421706318855286 38
1738030779325 0.753129243850708 39
1738030779326 0.7852039337158203 40
1738030779327 0.7244463562965393 41
1738030779328 0.7275636196136475 42
