1738030779275 0.30949220061302185 0
1738030779277 0.4407031238079071 1
1738030779278 0.49140626192092896 2
1738030779279 0.546875 3
1738030779281 0.5816015601158142 4
1738030779283 0.5903515815734863 5
1738030779284 0.622265636920929 6
1738030779286 0.6298437714576721 7
1738030779288 0.6295703053474426 8
1738030779290 0.6573827862739563 9
1738030779291 0.6742187738418579 10
1738030779294 0.6769140362739563 11
1738030779296 0.6866406202316284 12
1738030779298 0.6751953363418579 13
1738030779299 0.6935937404632568 14
1738030779300 0.6997265815734863 15
1738030779301 0.7055078148841858 16
1738030779302 0.7027734518051147 17
1738030779303 0.7084375023841858 18
1738030779304 0.7123437523841858 19
1738030779306 0.7202343940734863 20
1738030779307 0.7146093845367432 21
1738030779308 0.7262109518051147 22
1738030779309 0.7331640720367432 23
1738030779310 0.7292578220367432 24
1738030779311 0.7316015362739563 25
1738030779312 0.7403515577316284 26
1738030779313 0.7403515577316284 27
1738030779314 0.7441796660423279 28
1738030779315 0.7450000047683716 29
1738030779316 0.7522656321525574 30
1738030779317 0.7464062571525574 31
1738030779317 0.747851550579071 32
1738030779318 0.7581250071525574 33
1738030779319 0.7555468678474426 34
1738030779320 0.7622265815734863 35
1738030779322 0.7612109184265137 36
1738030779323 0.7607421875 37
1738030779324 0.766796886920929 38
1738030779325 0.7637500166893005 39
1738030779326 0.7582421898841858 40
1738030779327 0.7735546827316284 41
1738030779328 0.7715625166893005 42
