1738308470467 12.066678047180176 0
1738308470468 4.319605350494385 1
1738308470470 1.877487301826477 2
1738308470471 1.309687614440918 3
1738308470472 1.1792161464691162 4
1738308470474 1.1979632377624512 5
1738308470475 1.188370704650879 6
1738308470476 1.1716285943984985 7
1738308470477 1.2145135402679443 8
1738308470479 1.216494083404541 9
1738308470480 1.19009268283844 10
1738308470481 1.187525749206543 11
1738308470482 1.238563895225525 12
1738308470484 1.2477620840072632 13
1738308470485 1.2212841510772705 14
1738308470486 1.2283722162246704 15
1738308470487 1.3558943271636963 16
1738308470488 1.3453996181488037 17
1738308470490 1.2003929615020752 18
1738308470491 1.1774903535842896 19
