1738308470467 0.4079296886920929 0
1738308470468 0.649218738079071 1
1738308470470 0.7319921851158142 2
1738308470471 0.7619531154632568 3
1738308470472 0.7749999761581421 4
1738308470474 0.7796875238418579 5
1738308470475 0.7913671731948853 6
1738308470476 0.7978906035423279 7
1738308470477 0.7965234518051147 8
1738308470479 0.798828125 9
1738308470480 0.8065624833106995 10
1738308470481 0.8019140362739563 11
1738308470482 0.8024609088897705 12
1738308470484 0.8031250238418579 13
1738308470485 0.8122656345367432 14
1738308470486 0.807812511920929 15
1738308470487 0.7982422113418579 16
1738308470488 0.806640625 17
1738308470490 0.8164452910423279 18
1738308470491 0.8128125071525574 19
