1738443767640 3.497833013534546 0
1738443767642 2.938595771789551 1
1738443767643 2.616973876953125 2
1738443767645 2.4144845008850098 3
1738443767647 2.28800630569458 4
1738443767648 2.1926181316375732 5
1738443767650 2.1210241317749023 6
1738443767652 2.0541646480560303 7
1738443767654 2.012539863586426 8
1738443767656 1.9754921197891235 9
1738443767658 1.941927194595337 10
1738443767661 1.9076794385910034 11
1738443767662 1.8911406993865967 12
1738443767663 1.8686680793762207 13
1738443767664 1.8563956022262573 14
1738443767666 1.832738995552063 15
1738443767667 1.817803144454956 16
1738443767668 1.8059756755828857 17
1738443767669 1.7933192253112793 18
1738443767671 1.786033034324646 19
1738443767672 1.7719618082046509 20
1738443767674 1.7638180255889893 21
1738443767676 1.7575747966766357 22
1738443767678 1.752793550491333 23
1738443767679 1.7419089078903198 24
1738443767681 1.7299342155456543 25
1738443767683 1.7286680936813354 26
1738443767684 1.7153542041778564 27
1738443767686 1.7079226970672607 28
1738443767687 1.7050567865371704 29
1738443767688 1.696285367012024 30
1738443767689 1.6889020204544067 31
1738443767690 1.6859409809112549 32
1738443767692 1.6701745986938477 33
1738443767693 1.669792890548706 34
1738443767695 1.6653169393539429 35
1738443767696 1.6600359678268433 36
1738443767697 1.6496676206588745 37
1738443767698 1.6431654691696167 38
1738443767700 1.6416473388671875 39
1738443767701 1.6349437236785889 40
1738443767702 1.6244322061538696 41
1738443767703 1.620008111000061 42
1738443767705 1.6188023090362549 43
1738443767706 1.6082954406738281 44
1738443767707 1.6065089702606201 45
1738443767708 1.5939369201660156 46
1738443767709 1.587242841720581 47
1738443767711 1.5911216735839844 48
1738443767712 1.5799843072891235 49
1738443767713 1.5756546258926392 50
1738443767715 1.576991319656372 51
1738443767716 1.5659795999526978 52
1738443767717 1.5613996982574463 53
1738443767718 1.5624706745147705 54
1738443767719 1.5465012788772583 55
1738443767720 1.553430199623108 56
1738443767721 1.5486871004104614 57
1738443767723 1.5333017110824585 58
1738443767725 1.542075514793396 59
1738443767727 1.5298854112625122 60
1738443767728 1.5334759950637817 61
1738443767730 1.5226643085479736 62
1738443767731 1.5226848125457764 63
1738443767732 1.5143455266952515 64
1738443767734 1.5127253532409668 65
1738443767735 1.5043518543243408 66
1738443767736 1.502265214920044 67
1738443767737 1.5141547918319702 68
1738443767739 1.498865008354187 69
1738443767740 1.4959968328475952 70
1738443767741 1.4932361841201782 71
1738443767743 1.4932235479354858 72
1738443767745 1.487011432647705 73
1738443767746 1.479729413986206 74
1738443767748 1.4834768772125244 75
1738443767749 1.4758219718933105 76
1738443767750 1.4699816703796387 77
1738443767752 1.4758050441741943 78
1738443767754 1.47187077999115 79
1738443767755 1.4629929065704346 80
1738443767756 1.4746387004852295 81
1738443767757 1.468143343925476 82
1738443767759 1.4680771827697754 83
1738443767761 1.4693386554718018 84
1738443767763 1.4580903053283691 85
1738443767764 1.459985613822937 86
1738443767766 1.4534412622451782 87
1738443767767 1.4500023126602173 88
1738443767769 1.4466813802719116 89
1738443767771 1.448280692100525 90
1738443767773 1.441161036491394 91
1738443767775 1.441429615020752 92
1738443767777 1.4437447786331177 93
1738443767778 1.440547227859497 94
1738443767779 1.4374552965164185 95
1738443767781 1.434514045715332 96
1738443767782 1.4272478818893433 97
1738443767783 1.4288371801376343 98
1738443767784 1.4261611700057983 99
1738443767785 1.426896095275879 100
1738443767786 1.4312195777893066 101
1738443767788 1.4268988370895386 102
1738443767789 1.4189496040344238 103
1738443767790 1.4217348098754883 104
1738443767791 1.4204217195510864 105
1738443767793 1.4119511842727661 106
1738443767794 1.4132719039916992 107
1738443767795 1.4138522148132324 108
1738443767796 1.4060091972351074 109
1738443767797 1.4058935642242432 110
1738443767799 1.4119157791137695 111
1738443767800 1.4103400707244873 112
1738443767801 1.4037126302719116 113
1738443767802 1.403931736946106 114
1738443767803 1.399904489517212 115
1738443767804 1.4069678783416748 116
1738443767805 1.3969284296035767 117
1738443767807 1.3997067213058472 118
1738443767808 1.390635371208191 119
