1738443767640 0.1683984398841858 0
1738443767642 0.17226561903953552 1
1738443767643 0.17910155653953552 2
1738443767645 0.17824219167232513 3
1738443767647 0.18742187321186066 4
1738443767648 0.19035156071186066 5
1738443767650 0.18886718153953552 6
1738443767652 0.19578124582767487 7
1738443767654 0.19285155832767487 8
1738443767656 0.1996484398841858 9
1738443767658 0.20351561903953552 10
1738443767661 0.20289061963558197 11
1738443767662 0.20539063215255737 12
1738443767663 0.20703125 13
1738443767664 0.21285156905651093 14
1738443767666 0.2150000035762787 15
1738443767667 0.21949218213558197 16
1738443767668 0.22605468332767487 17
1738443767669 0.22597655653953552 18
1738443767671 0.23078125715255737 19
1738443767672 0.23644530773162842 20
1738443767674 0.2395312488079071 21
1738443767676 0.24351562559604645 22
1738443767678 0.24558593332767487 23
1738443767679 0.24667969346046448 24
1738443767681 0.2596093714237213 25
1738443767683 0.25675782561302185 26
1738443767684 0.2650781273841858 27
1738443767686 0.2703515589237213 28
1738443767687 0.27308595180511475 29
1738443767688 0.27632811665534973 30
1738443767689 0.2787109315395355 31
1738443767690 0.2822265625 32
1738443767692 0.2930859327316284 33
1738443767693 0.2893359363079071 34
1738443767695 0.2950390577316284 35
1738443767696 0.3006640672683716 36
1738443767697 0.3084374964237213 37
1738443767698 0.3097265660762787 38
1738443767700 0.31718748807907104 39
1738443767701 0.3182031214237213 40
1738443767702 0.32890623807907104 41
1738443767703 0.3258593678474426 42
1738443767705 0.3317187428474426 43
1738443767706 0.33640626072883606 44
1738443767707 0.337890625 45
1738443767708 0.3449999988079071 46
1738443767709 0.34984374046325684 47
1738443767711 0.3499999940395355 48
1738443767712 0.353515625 49
1738443767713 0.35832032561302185 50
1738443767715 0.35402342677116394 51
1738443767716 0.36625000834465027 52
1738443767717 0.36906251311302185 53
1738443767718 0.36867186427116394 54
1738443767719 0.3707812428474426 55
1738443767720 0.37085938453674316 56
1738443767721 0.3792187571525574 57
1738443767723 0.3815625011920929 58
1738443767725 0.37890625 59
1738443767727 0.38191404938697815 60
1738443767728 0.3804296851158142 61
1738443767730 0.38667967915534973 62
1738443767731 0.38902342319488525 63
1738443767732 0.3893359303474426 64
1738443767734 0.39304688572883606 65
1738443767735 0.3966015577316284 66
1738443767736 0.39769530296325684 67
1738443767737 0.39839842915534973 68
1738443767739 0.40140625834465027 69
1738443767740 0.4014843702316284 70
1738443767741 0.4060937464237213 71
1738443767743 0.40449219942092896 72
1738443767745 0.40699219703674316 73
1738443767746 0.40980470180511475 74
1738443767748 0.40898436307907104 75
1738443767749 0.40746092796325684 76
1738443767750 0.41148436069488525 77
1738443767752 0.4122265577316284 78
1738443767754 0.4157421886920929 79
1738443767755 0.4166796803474426 80
1738443767756 0.4136718809604645 81
1738443767757 0.4185156226158142 82
1738443767759 0.4144921898841858 83
1738443767761 0.4164453148841858 84
1738443767763 0.4251953065395355 85
1738443767764 0.4228515625 86
1738443767766 0.42433592677116394 87
1738443767767 0.4246484339237213 88
1738443767769 0.42429688572883606 89
1738443767771 0.4296875 90
1738443767773 0.4310546815395355 91
1738443767775 0.42753905057907104 92
1738443767777 0.4263281226158142 93
1738443767778 0.43382811546325684 94
1738443767779 0.43074217438697815 95
1738443767781 0.4349609315395355 96
1738443767782 0.4345703125 97
1738443767783 0.43437498807907104 98
1738443767784 0.4382031261920929 99
1738443767785 0.4372265636920929 100
1738443767786 0.4358203113079071 101
1738443767788 0.4345703125 102
1738443767789 0.43882811069488525 103
1738443767790 0.4379296898841858 104
1738443767791 0.4446484446525574 105
1738443767793 0.4453125 106
1738443767794 0.4461718797683716 107
1738443767795 0.44429686665534973 108
1738443767796 0.45066407322883606 109
1738443767797 0.44820311665534973 110
1738443767799 0.45152342319488525 111
1738443767800 0.44398438930511475 112
1738443767801 0.45234376192092896 113
1738443767802 0.4500781297683716 114
1738443767803 0.45460936427116394 115
1738443767804 0.4489062428474426 116
1738443767805 0.4532421827316284 117
1738443767807 0.45207032561302185 118
1738443767808 0.4556640684604645 119
