1738854993784 1.2191754579544067 0
1738854993786 0.9707281589508057 1
1738854993787 0.876700758934021 2
1738854993788 0.8255833387374878 3
1738854993791 0.7608441114425659 4
1738854993793 0.7396242022514343 5
1738854993795 0.7012103199958801 6
1738854993798 0.6933467984199524 7
1738854993800 0.6728657484054565 8
1738854993803 0.6535047888755798 9
1738854993804 0.6321356296539307 10
1738854993806 0.6232316493988037 11
1738854993807 0.5915441513061523 12
1738854993808 0.5986177325248718 13
1738854993809 0.5865050554275513 14
1738854993811 0.6048424243927002 15
1738854993812 0.576614260673523 16
1738854993813 0.5775598287582397 17
1738854993815 0.5564289689064026 18
1738854993817 0.5546280741691589 19
1738854993819 0.5520150661468506 20
1738854993821 0.5465772151947021 21
1738854993823 0.5413405895233154 22
1738854993824 0.555040180683136 23
1738854993825 0.5280497670173645 24
1738854993827 0.5312449336051941 25
1738854993828 0.5292383432388306 26
1738854993829 0.524081289768219 27
1738854993831 0.5133535265922546 28
1738854993832 0.5025886297225952 29
1738854993834 0.5069372057914734 30
1738854993835 0.5081730484962463 31
1738854993837 0.5031924247741699 32
1738854993838 0.49737074971199036 33
1738854993839 0.4960460364818573 34
1738854993840 0.49163177609443665 35
1738854993842 0.5012288093566895 36
1738854993843 0.4992165267467499 37
1738854993844 0.4865298867225647 38
1738854993845 0.4872320890426636 39
1738854993846 0.47279614210128784 40
1738854993847 0.4888368546962738 41
1738854993849 0.4781169593334198 42
1738854993850 0.4762188792228699 43
1738854993851 0.4718157649040222 44
1738854993852 0.46525251865386963 45
1738854993853 0.4627458155155182 46
1738854993855 0.47137451171875 47
1738854993856 0.4719163775444031 48
1738854993857 0.4564722776412964 49
1738854993859 0.4674118459224701 50
1738854993860 0.4748719036579132 51
1738854993861 0.4606875479221344 52
1738854993862 0.4519796371459961 53
1738854993864 0.4473362863063812 54
1738854993865 0.4441479444503784 55
1738854993866 0.45853763818740845 56
1738854993867 0.4500373899936676 57
1738854993868 0.4435160756111145 58
1738854993869 0.4496361017227173 59
1738854993871 0.4520154595375061 60
1738854993872 0.445044606924057 61
1738854993873 0.4388212263584137 62
1738854993874 0.44709286093711853 63
1738854993875 0.43027010560035706 64
1738854993876 0.44315147399902344 65
1738854993877 0.4312814772129059 66
1738854993878 0.4368338882923126 67
1738854993880 0.4406430125236511 68
1738854993881 0.43352237343788147 69
1738854993882 0.4416363537311554 70
1738854993883 0.4254857003688812 71
1738854993884 0.42553848028182983 72
1738854993885 0.4321664571762085 73
1738854993886 0.43148642778396606 74
1738854993888 0.4251052737236023 75
1738854993889 0.43262791633605957 76
1738854993890 0.4276040196418762 77
1738854993892 0.42488470673561096 78
1738854993893 0.4195118844509125 79
1738854993894 0.42386746406555176 80
1738854993895 0.43145325779914856 81
1738854993896 0.415266215801239 82
1738854993897 0.4175907373428345 83
1738854993898 0.4239369332790375 84
1738854993900 0.4225585460662842 85
1738854993901 0.41129153966903687 86
1738854993902 0.42192813754081726 87
1738854993903 0.41162601113319397 88
1738854993904 0.4132167100906372 89
1738854993905 0.4125509262084961 90
1738854993906 0.41640540957450867 91
1738854993907 0.40679019689559937 92
1738854993909 0.4028865098953247 93
1738854993910 0.39896395802497864 94
1738854993911 0.410385400056839 95
1738854993912 0.40734776854515076 96
1738854993913 0.4038217067718506 97
1738854993914 0.41128870844841003 98
1738854993916 0.3992113471031189 99
1738854993917 0.4047430455684662 100
1738854993918 0.4077131748199463 101
1738854993919 0.40693607926368713 102
1738854993920 0.40992313623428345 103
1738854993921 0.39865970611572266 104
1738854993922 0.4027109444141388 105
1738854993924 0.40473923087120056 106
1738854993925 0.40364935994148254 107
1738854993926 0.4000503420829773 108
1738854993927 0.41302868723869324 109
1738854993928 0.39037829637527466 110
1738854993929 0.3955828845500946 111
1738854993930 0.3980414867401123 112
1738854993931 0.3973098695278168 113
1738854993933 0.402511864900589 114
1738854993934 0.3980027735233307 115
1738854993935 0.39159220457077026 116
1738854993936 0.3931193947792053 117
1738854993937 0.4021110236644745 118
1738854993939 0.38386914134025574 119
