1738854993784 0.521679699420929 0
1738854993786 0.6364062428474426 1
1738854993787 0.675585925579071 2
1738854993788 0.7000781297683716 3
1738854993791 0.7298046946525574 4
1738854993793 0.7381640672683716 5
1738854993795 0.7536327838897705 6
1738854993798 0.7600781321525574 7
1738854993800 0.7665234208106995 8
1738854993803 0.7742968797683716 9
1738854993804 0.7796093821525574 10
1738854993806 0.7886718511581421 11
1738854993807 0.7975000143051147 12
1738854993808 0.7971484661102295 13
1738854993809 0.7973046898841858 14
1738854993811 0.7915234565734863 15
1738854993812 0.8050000071525574 16
1738854993813 0.8021484613418579 17
1738854993815 0.8111718893051147 18
1738854993817 0.8119531273841858 19
1738854993819 0.8136327862739563 20
1738854993821 0.8129296898841858 21
1738854993823 0.8158203363418579 22
1738854993824 0.8110156059265137 23
1738854993825 0.8214062452316284 24
1738854993827 0.8194140791893005 25
1738854993828 0.8215625286102295 26
1738854993829 0.8207421898841858 27
1738854993831 0.8287109136581421 28
1738854993832 0.8307031393051147 29
1738854993834 0.8272656202316284 30
1738854993835 0.828906238079071 31
1738854993837 0.8301562666893005 32
1738854993838 0.8338671922683716 33
1738854993839 0.8315625190734863 34
1738854993840 0.8362109661102295 35
1738854993842 0.8320702910423279 36
1738854993843 0.8320702910423279 37
1738854993844 0.8361718654632568 38
1738854993845 0.839062511920929 39
1738854993846 0.8395702838897705 40
1738854993847 0.8362890481948853 41
1738854993849 0.8393750190734863 42
1738854993850 0.8410937786102295 43
1738854993851 0.8402734398841858 44
1738854993852 0.8412109613418579 45
1738854993853 0.8463281393051147 46
1738854993855 0.8411328196525574 47
1738854993856 0.8416796922683716 48
1738854993857 0.845898449420929 49
1738854993859 0.8416796922683716 50
1738854993860 0.8418359160423279 51
1738854993861 0.8455469012260437 52
1738854993862 0.8507031202316284 53
1738854993864 0.8496875166893005 54
1738854993865 0.8532421588897705 55
1738854993866 0.8448437452316284 56
1738854993867 0.8467187285423279 57
1738854993868 0.8519140481948853 58
1738854993869 0.849804699420929 59
1738854993871 0.8491406440734863 60
1738854993872 0.8514453172683716 61
1738854993873 0.8530859351158142 62
1738854993874 0.8499609231948853 63
1738854993875 0.855664074420929 64
1738854993876 0.8519531488418579 65
1738854993877 0.857617199420929 66
1738854993878 0.8531249761581421 67
1738854993880 0.8521484136581421 68
1738854993881 0.856249988079071 69
1738854993882 0.8539843559265137 70
1738854993883 0.8587499856948853 71
1738854993884 0.8596484661102295 72
1738854993885 0.8550390601158142 73
1738854993886 0.8548437356948853 74
1738854993888 0.8583593964576721 75
1738854993889 0.8548828363418579 76
1738854993890 0.8565234541893005 77
1738854993892 0.856249988079071 78
1738854993893 0.8599218726158142 79
1738854993894 0.857617199420929 80
1738854993895 0.858593761920929 81
1738854993896 0.8626953363418579 82
1738854993897 0.8600780963897705 83
1738854993898 0.8597656488418579 84
1738854993900 0.8598437309265137 85
1738854993901 0.8639843463897705 86
1738854993902 0.8600390553474426 87
1738854993903 0.8642578125 88
1738854993904 0.8619531393051147 89
1738854993905 0.8610937595367432 90
1738854993906 0.8606640696525574 91
1738854993907 0.8662499785423279 92
1738854993909 0.8676171898841858 93
1738854993910 0.8662109375 94
1738854993911 0.8646875023841858 95
1738854993912 0.8651562333106995 96
1738854993913 0.8662109375 97
1738854993914 0.863085925579071 98
1738854993916 0.8707422018051147 99
1738854993917 0.8644140362739563 100
1738854993918 0.8666406273841858 101
1738854993919 0.8668749928474426 102
1738854993920 0.8637499809265137 103
1738854993921 0.8653125166893005 104
1738854993922 0.8648828268051147 105
1738854993924 0.8648828268051147 106
1738854993925 0.8657422065734863 107
1738854993926 0.867968738079071 108
1738854993927 0.8618749976158142 109
1738854993928 0.8720312714576721 110
1738854993929 0.8682812452316284 111
1738854993930 0.8691015839576721 112
1738854993931 0.8684375286102295 113
1738854993933 0.8670312762260437 114
1738854993934 0.8690234422683716 115
1738854993935 0.8710156083106995 116
1738854993936 0.8689844012260437 117
1738854993937 0.8683984279632568 118
1738854993939 0.8739062547683716 119
