1738765766159 2.0559709072113037 0
1738765766162 1.4986685514450073 1
1738765766164 1.376493215560913 2
1738765766165 1.3301423788070679 3
1738765766167 1.2710219621658325 4
1738765766168 1.2360140085220337 5
1738765766169 1.2222778797149658 6
1738765766171 1.186964750289917 7
1738765766173 1.1603271961212158 8
1738765766175 1.1415385007858276 9
1738765766177 1.1461799144744873 10
1738765766179 1.1201746463775635 11
1738765766182 1.1050163507461548 12
1738765766183 1.0987253189086914 13
1738765766184 1.1161506175994873 14
1738765766185 1.0899795293807983 15
1738765766187 1.0895929336547852 16
1738765766188 1.075337290763855 17
1738765766189 1.080937385559082 18
1738765766192 1.0812773704528809 19
1738765766194 1.0593523979187012 20
1738765766196 1.0786681175231934 21
1738765766197 1.0617799758911133 22
1738765766198 1.0466091632843018 23
1738765766200 1.048791527748108 24
1738765766201 1.0347464084625244 25
1738765766202 1.0603349208831787 26
1738765766203 1.0400406122207642 27
1738765766204 1.0412650108337402 28
1738765766206 1.034666657447815 29
1738765766209 1.0416847467422485 30
1738765766211 1.0291122198104858 31
1738765766213 1.0397599935531616 32
1738765766215 1.0288262367248535 33
1738765766216 1.0423485040664673 34
1738765766217 1.024277925491333 35
1738765766219 1.0281033515930176 36
1738765766220 1.0218125581741333 37
1738765766221 1.0259404182434082 38
1738765766223 1.020931363105774 39
1738765766224 1.0154236555099487 40
1738765766226 1.008500099182129 41
1738765766227 1.0141620635986328 42
1738765766228 1.0093275308609009 43
1738765766230 1.0058552026748657 44
1738765766232 1.0138940811157227 45
1738765766233 1.0077458620071411 46
1738765766234 1.0280232429504395 47
1738765766235 1.022615671157837 48
1738765766236 1.0156948566436768 49
1738765766238 1.0096327066421509 50
1738765766239 1.0152673721313477 51
1738765766241 1.0108275413513184 52
1738765766242 1.0087374448776245 53
1738765766243 1.0178303718566895 54
1738765766244 1.0148978233337402 55
1738765766245 1.0108721256256104 56
1738765766247 1.0195403099060059 57
1738765766248 1.009067416191101 58
1738765766249 1.012915015220642 59
1738765766250 1.0159554481506348 60
1738765766251 0.9952210187911987 61
1738765766252 1.0132145881652832 62
1738765766253 1.0024968385696411 63
1738765766255 1.0057154893875122 64
1738765766256 1.0178722143173218 65
1738765766257 1.0057300329208374 66
1738765766258 1.001212239265442 67
1738765766259 1.0088894367218018 68
1738765766261 1.0087391138076782 69
1738765766263 1.002996802330017 70
1738765766264 1.0102181434631348 71
1738765766267 0.9945799112319946 72
1738765766269 1.0050787925720215 73
1738765766272 0.996033251285553 74
1738765766274 1.0159705877304077 75
1738765766276 1.0014164447784424 76
1738765766277 0.9862858653068542 77
1738765766279 1.0113722085952759 78
1738765766280 0.9929163455963135 79
1738765766281 1.005847692489624 80
1738765766283 0.9874532222747803 81
1738765766285 0.9976828694343567 82
1738765766286 0.9940690398216248 83
1738765766287 0.9931281805038452 84
1738765766288 0.9986913204193115 85
1738765766289 1.0005755424499512 86
1738765766291 1.0080828666687012 87
1738765766293 1.0104564428329468 88
1738765766295 0.9971016645431519 89
1738765766296 1.0046520233154297 90
1738765766298 1.0010284185409546 91
1738765766299 0.9951462745666504 92
1738765766300 1.0012884140014648 93
1738765766301 0.9923014044761658 94
1738765766303 0.9786009192466736 95
1738765766305 0.9845008254051208 96
1738765766307 0.9784324169158936 97
1738765766308 0.995993971824646 98
1738765766310 0.986643373966217 99
1738765766311 0.9875838756561279 100
1738765766312 0.994917631149292 101
1738765766314 1.0074695348739624 102
1738765766315 0.9904323816299438 103
1738765766316 0.9951088428497314 104
1738765766317 0.9945667386054993 105
1738765766318 0.9750487804412842 106
1738765766320 0.9954220652580261 107
1738765766321 0.9954807162284851 108
1738765766322 0.9889044761657715 109
1738765766324 0.998727023601532 110
1738765766325 0.9741606116294861 111
1738765766327 0.976999819278717 112
1738765766328 0.9906046986579895 113
1738765766329 0.9912912249565125 114
1738765766330 0.9785045385360718 115
1738765766331 0.9967160820960999 116
1738765766332 0.9970902800559998 117
1738765766334 0.9780076742172241 118
1738765766335 0.9871742129325867 119
