1738765766159 0.5072656273841858 0
1738765766162 0.5850390791893005 1
1738765766164 0.6163281202316284 2
1738765766165 0.6266796588897705 3
1738765766167 0.640429675579071 4
1738765766168 0.6546093821525574 5
1738765766169 0.6562890410423279 6
1738765766171 0.6694531440734863 7
1738765766173 0.6775781512260437 8
1738765766175 0.6868359446525574 9
1738765766177 0.6801953315734863 10
1738765766179 0.6904296875 11
1738765766182 0.6922265887260437 12
1738765766183 0.6967577934265137 13
1738765766184 0.6959765553474426 14
1738765766185 0.7014453411102295 15
1738765766187 0.7048046588897705 16
1738765766188 0.7077734470367432 17
1738765766189 0.7048046588897705 18
1738765766192 0.7049219012260437 19
1738765766194 0.7134374976158142 20
1738765766196 0.7074999809265137 21
1738765766197 0.7123827934265137 22
1738765766198 0.7227343916893005 23
1738765766200 0.7208203077316284 24
1738765766201 0.7251172065734863 25
1738765766202 0.7195703387260437 26
1738765766203 0.7276952862739563 27
1738765766204 0.7310156226158142 28
1738765766206 0.7286328077316284 29
1738765766209 0.7291796803474426 30
1738765766211 0.7327343821525574 31
1738765766213 0.724609375 32
1738765766215 0.7288281321525574 33
1738765766216 0.728710949420929 34
1738765766217 0.7349218726158142 35
1738765766219 0.7339062690734863 36
1738765766220 0.7354297041893005 37
1738765766221 0.7314843535423279 38
1738765766223 0.7358593940734863 39
1738765766224 0.7383984327316284 40
1738765766226 0.7378906011581421 41
1738765766227 0.7351171970367432 42
1738765766228 0.7347656488418579 43
1738765766230 0.7416015863418579 44
1738765766232 0.7369140386581421 45
1738765766233 0.741406261920929 46
1738765766234 0.7346875071525574 47
1738765766235 0.7346093654632568 48
1738765766236 0.7391796708106995 49
1738765766238 0.7420703172683716 50
1738765766239 0.7398046851158142 51
1738765766241 0.7425000071525574 52
1738765766242 0.740039050579071 53
1738765766243 0.7385937571525574 54
1738765766244 0.7407812476158142 55
1738765766245 0.744140625 56
1738765766247 0.7395703196525574 57
1738765766248 0.7431640625 58
1738765766249 0.7384374737739563 59
1738765766250 0.742382824420929 60
1738765766251 0.747851550579071 61
1738765766252 0.7414844036102295 62
1738765766253 0.7444531321525574 63
1738765766255 0.7451171875 64
1738765766256 0.7424609661102295 65
1738765766257 0.7454296946525574 66
1738765766258 0.745312511920929 67
1738765766259 0.7447265386581421 68
1738765766261 0.7420703172683716 69
1738765766263 0.7441015839576721 70
1738765766264 0.7439844012260437 71
1738765766267 0.7514843940734863 72
1738765766269 0.7452734112739563 73
1738765766272 0.7463672161102295 74
1738765766274 0.7417578101158142 75
1738765766276 0.7457812428474426 76
1738765766277 0.7481640577316284 77
1738765766279 0.7436327934265137 78
1738765766280 0.7496874928474426 79
1738765766281 0.748242199420929 80
1738765766283 0.7502343654632568 81
1738765766285 0.751171886920929 82
1738765766286 0.7469921708106995 83
1738765766287 0.7503125071525574 84
1738765766288 0.7453515529632568 85
1738765766289 0.7494140863418579 86
1738765766291 0.7478125095367432 87
1738765766293 0.7466015815734863 88
1738765766295 0.7469531297683716 89
1738765766296 0.7450781464576721 90
1738765766298 0.7453515529632568 91
1738765766299 0.7462499737739563 92
1738765766300 0.7471484541893005 93
1738765766301 0.7487890720367432 94
1738765766303 0.7536327838897705 95
1738765766305 0.7547656297683716 96
1738765766307 0.7566797137260437 97
1738765766308 0.7484765648841858 98
1738765766310 0.7543359398841858 99
1738765766311 0.7515624761581421 100
1738765766312 0.7493359446525574 101
1738765766314 0.744921863079071 102
1738765766315 0.7485937476158142 103
1738765766316 0.7479296922683716 104
1738765766317 0.74609375 105
1738765766318 0.7548828125 106
1738765766320 0.746874988079071 107
1738765766321 0.7482812404632568 108
1738765766322 0.7490234375 109
1738765766324 0.7469921708106995 110
1738765766325 0.753710925579071 111
1738765766327 0.7551171779632568 112
1738765766328 0.7510547041893005 113
1738765766329 0.7484765648841858 114
1738765766330 0.7516796588897705 115
1738765766331 0.7454296946525574 116
1738765766332 0.7525390386581421 117
1738765766334 0.7516015768051147 118
1738765766335 0.7528125047683716 119
