1738443398028 0.40871092677116394 0
1738443398030 0.5092577934265137 1
1738443398032 0.5392968654632568 2
1738443398033 0.5492187738418579 3
1738443398034 0.570117175579071 4
1738443398036 0.5830859541893005 5
1738443398038 0.5901562571525574 6
1738443398039 0.6009765863418579 7
1738443398041 0.6082812547683716 8
1738443398043 0.6068359613418579 9
1738443398045 0.6200390458106995 10
1738443398047 0.6241406202316284 11
1738443398049 0.6317577958106995 12
1738443398051 0.6300390362739563 13
1738443398053 0.6341797113418579 14
1738443398055 0.6354687213897705 15
1738443398057 0.6429687738418579 16
1738443398059 0.640820324420929 17
1738443398061 0.6436328291893005 18
1738443398063 0.649609386920929 19
1738443398065 0.6470702886581421 20
1738443398067 0.6523047089576721 21
1738443398069 0.6540234088897705 22
1738443398071 0.6526562571525574 23
1738443398072 0.6594921946525574 24
1738443398074 0.6549609303474426 25
1738443398076 0.6606640815734863 26
1738443398078 0.6569140553474426 27
1738443398080 0.6610937714576721 28
1738443398082 0.6641015410423279 29
1738443398084 0.6658984422683716 30
1738443398085 0.6599218845367432 31
1738443398087 0.6655468940734863 32
1738443398089 0.6650000214576721 33
1738443398091 0.6684765815734863 34
1738443398093 0.6694140434265137 35
1738443398095 0.6675390601158142 36
1738443398097 0.6735546588897705 37
1738443398099 0.6683984398841858 38
1738443398101 0.6778125166893005 39
1738443398103 0.6751562356948853 40
1738443398105 0.6765234470367432 41
1738443398106 0.6766015887260437 42
1738443398108 0.6731250286102295 43
1738443398110 0.6729297041893005 44
1738443398112 0.681640625 45
1738443398114 0.6762499809265137 46
1738443398116 0.6775000095367432 47
1738443398118 0.6728125214576721 48
1738443398120 0.6803125143051147 49
1738443398122 0.6825390458106995 50
1738443398124 0.6815624833106995 51
1738443398126 0.6796875 52
1738443398128 0.6816015839576721 53
1738443398130 0.6796875 54
1738443398131 0.6835547089576721 55
1738443398132 0.6876171827316284 56
1738443398133 0.6820312738418579 57
1738443398134 0.6870703101158142 58
1738443398135 0.686718761920929 59
1738443398136 0.686328113079071 60
1738443398137 0.684765636920929 61
1738443398138 0.6854687333106995 62
1738443398140 0.6879296898841858 63
1738443398141 0.6909765601158142 64
1738443398142 0.6898828148841858 65
1738443398143 0.6851953268051147 66
1738443398144 0.6878125071525574 67
1738443398145 0.6911718845367432 68
1738443398146 0.6878515481948853 69
1738443398148 0.6864452958106995 70
1738443398149 0.690234363079071 71
1738443398150 0.6942968964576721 72
1738443398151 0.6910156011581421 73
1738443398152 0.6944140791893005 74
1738443398153 0.692578136920929 75
1738443398154 0.6928515434265137 76
1738443398156 0.6939452886581421 77
1738443398157 0.6923828125 78
1738443398158 0.6986328363418579 79
1738443398159 0.6964452862739563 80
1738443398160 0.6918359398841858 81
1738443398161 0.6918359398841858 82
1738443398162 0.6913672089576721 83
1738443398164 0.6967968940734863 84
1738443398165 0.6952343583106995 85
1738443398166 0.6894140839576721 86
1738443398167 0.6994531154632568 87
1738443398168 0.7017187476158142 88
1738443398169 0.6938672065734863 89
1738443398170 0.6958203315734863 90
1738443398172 0.7010937333106995 91
1738443398173 0.6938672065734863 92
1738443398174 0.6952343583106995 93
1738443398175 0.6915234327316284 94
1738443398176 0.6982421875 95
1738443398177 0.7006250023841858 96
1738443398178 0.698437511920929 97
1738443398180 0.6964062452316284 98
1738443398181 0.6983984112739563 99
1738443398182 0.6976953148841858 100
1738443398183 0.7006640434265137 101
1738443398184 0.697265625 102
1738443398185 0.7029687762260437 103
1738443398186 0.699414074420929 104
1738443398188 0.6965234279632568 105
1738443398189 0.6985937356948853 106
1738443398190 0.6987109184265137 107
1738443398191 0.7016797065734863 108
1738443398192 0.703125 109
1738443398193 0.7023046612739563 110
1738443398194 0.705859363079071 111
1738443398196 0.7040234208106995 112
1738443398197 0.7018359303474426 113
1738443398198 0.7017968893051147 114
1738443398199 0.7062890529632568 115
1738443398200 0.7026562690734863 116
1738443398201 0.7050390839576721 117
1738443398202 0.7066406011581421 118
1738443398204 0.706835925579071 119
