1738443398028 1.4805607795715332 0
1738443398030 1.2621338367462158 1
1738443398032 1.1890301704406738 2
1738443398033 1.16408371925354 3
1738443398034 1.130724310874939 4
1738443398036 1.1028870344161987 5
1738443398038 1.086300253868103 6
1738443398039 1.0637387037277222 7
1738443398041 1.0573055744171143 8
1738443398043 1.0573121309280396 9
1738443398045 1.0366833209991455 10
1738443398047 1.0319621562957764 11
1738443398049 1.0136048793792725 12
1738443398051 1.016249656677246 13
1738443398053 1.0081952810287476 14
1738443398055 0.9969980716705322 15
1738443398057 0.9898987412452698 16
1738443398059 0.988131582736969 17
1738443398061 0.9888800978660583 18
1738443398063 0.9831559658050537 19
1738443398065 0.9805973768234253 20
1738443398067 0.9674846529960632 21
1738443398069 0.9744371175765991 22
1738443398071 0.9659660458564758 23
1738443398072 0.9550473690032959 24
1738443398074 0.9565101861953735 25
1738443398076 0.9556015133857727 26
1738443398078 0.9555479288101196 27
1738443398080 0.9475801587104797 28
1738443398082 0.9487062096595764 29
1738443398084 0.9379000067710876 30
1738443398085 0.9381260871887207 31
1738443398087 0.9302778840065002 32
1738443398089 0.9443365335464478 33
1738443398091 0.9307162761688232 34
1738443398093 0.9236182570457458 35
1738443398095 0.9263597726821899 36
1738443398097 0.9182600975036621 37
1738443398099 0.9335637092590332 38
1738443398101 0.9117037057876587 39
1738443398103 0.9222837686538696 40
1738443398105 0.9130806922912598 41
1738443398106 0.9122486710548401 42
1738443398108 0.9165744781494141 43
1738443398110 0.9207330942153931 44
1738443398112 0.9001563787460327 45
1738443398114 0.9152876138687134 46
1738443398116 0.9073994159698486 47
1738443398118 0.9130148887634277 48
1738443398120 0.9093631505966187 49
1738443398122 0.8950441479682922 50
1738443398124 0.910938024520874 51
1738443398126 0.9042783379554749 52
1738443398128 0.9044880867004395 53
1738443398130 0.9127838015556335 54
1738443398131 0.8932129740715027 55
1738443398132 0.8896758556365967 56
1738443398133 0.8997889757156372 57
1738443398134 0.8936076164245605 58
1738443398135 0.8967285752296448 59
1738443398136 0.8909663558006287 60
1738443398137 0.8925746083259583 61
1738443398138 0.8870794177055359 62
1738443398140 0.8872320055961609 63
1738443398141 0.8865835666656494 64
1738443398142 0.889625072479248 65
1738443398143 0.8850309252738953 66
1738443398144 0.8849793076515198 67
1738443398145 0.882243275642395 68
1738443398146 0.8873591423034668 69
1738443398148 0.8860814571380615 70
1738443398149 0.8846593499183655 71
1738443398150 0.8741637468338013 72
1738443398151 0.883003830909729 73
1738443398152 0.8680618405342102 74
1738443398153 0.882506251335144 75
1738443398154 0.8788496255874634 76
1738443398156 0.8763352036476135 77
1738443398157 0.8889471292495728 78
1738443398158 0.866046130657196 79
1738443398159 0.8704555630683899 80
1738443398160 0.8740676641464233 81
1738443398161 0.8778838515281677 82
1738443398162 0.8771865963935852 83
1738443398164 0.8747149109840393 84
1738443398165 0.8659354448318481 85
1738443398166 0.880405068397522 86
1738443398167 0.8627126216888428 87
1738443398168 0.8621588945388794 88
1738443398169 0.8755496740341187 89
1738443398170 0.8563147187232971 90
1738443398172 0.8575568199157715 91
1738443398173 0.8735738396644592 92
1738443398174 0.8636417984962463 93
1738443398175 0.8773963451385498 94
1738443398176 0.8606007099151611 95
1738443398177 0.8586554527282715 96
1738443398178 0.8704376816749573 97
1738443398180 0.8605495691299438 98
1738443398181 0.8644106388092041 99
1738443398182 0.8648861050605774 100
1738443398183 0.8629214763641357 101
1738443398184 0.8597003221511841 102
1738443398185 0.8619261980056763 103
1738443398186 0.8700131773948669 104
1738443398188 0.8705891966819763 105
1738443398189 0.8699555397033691 106
1738443398190 0.856985867023468 107
1738443398191 0.8564751148223877 108
1738443398192 0.8669864535331726 109
1738443398193 0.8508800268173218 110
1738443398194 0.8542399406433105 111
1738443398196 0.8558470010757446 112
1738443398197 0.861676812171936 113
1738443398198 0.8536933660507202 114
1738443398199 0.8436611294746399 115
1738443398200 0.8597195148468018 116
1738443398201 0.848246693611145 117
1738443398202 0.8501672148704529 118
1738443398204 0.849638819694519 119
