1738364740108 1.3129370212554932 0
1738364740110 0.7785353064537048 1
1738364740112 0.5718492269515991 2
1738364740114 0.458159476518631 3
1738364740115 0.3782886862754822 4
1738364740117 0.32004374265670776 5
1738364740119 0.29663047194480896 6
1738364740121 0.2520041763782501 7
1738364740123 0.23428413271903992 8
1738364740125 0.21967822313308716 9
1738364740128 0.19693264365196228 10
1738364740131 0.19008506834506989 11
1738364740133 0.16573910415172577 12
1738364740135 0.16413022577762604 13
1738364740137 0.15144675970077515 14
1738364740140 0.14670924842357635 15
1738364740142 0.1418451964855194 16
1738364740146 0.13606558740139008 17
1738364740147 0.126737579703331 18
1738364740148 0.12268325686454773 19
1738364740150 0.12114065140485764 20
1738364740151 0.10783614218235016 21
1738364740152 0.10975401103496552 22
1738364740154 0.10738416016101837 23
1738364740155 0.0985913872718811 24
1738364740156 0.09751850366592407 25
1738364740157 0.10289666056632996 26
1738364740160 0.09392765909433365 27
1738364740162 0.09764183312654495 28
1738364740163 0.085673026740551 29
1738364740165 0.08949413150548935 30
1738364740166 0.08611579239368439 31
1738364740167 0.08154746145009995 32
1738364740169 0.08498051762580872 33
1738364740170 0.0843781977891922 34
1738364740171 0.07502951472997665 35
1738364740172 0.06966520100831985 36
1738364740173 0.08229909092187881 37
1738364740175 0.06892015784978867 38
1738364740177 0.06715285032987595 39
1738364740179 0.0743410736322403 40
1738364740180 0.0712587907910347 41
1738364740181 0.06983970105648041 42
1738364740183 0.06848622858524323 43
1738364740184 0.06231251731514931 44
1738364740185 0.06182589381933212 45
1738364740186 0.06631344556808472 46
1738364740187 0.06500057876110077 47
1738364740189 0.0595642626285553 48
1738364740190 0.05856119468808174 49
1738364740191 0.05498802661895752 50
1738364740193 0.05667068436741829 51
1738364740195 0.05500495806336403 52
1738364740197 0.058642398566007614 53
1738364740198 0.05849703401327133 54
