1738364740108 0.5240234136581421 0
1738364740110 0.7194530963897705 1
1738364740112 0.8052343726158142 2
1738364740114 0.8483984470367432 3
1738364740115 0.8744921684265137 4
1738364740117 0.8954296708106995 5
1738364740119 0.9038281440734863 6
1738364740121 0.9200780987739563 7
1738364740123 0.9233202934265137 8
1738364740125 0.9299218654632568 9
1738364740128 0.9381640553474426 10
1738364740131 0.9385547041893005 11
1738364740133 0.9469921588897705 12
1738364740135 0.9482812285423279 13
1738364740137 0.9508984088897705 14
1738364740140 0.9546874761581421 15
1738364740142 0.9527343511581421 16
1738364740146 0.9576953053474426 17
1738364740147 0.960156261920929 18
1738364740148 0.9596484303474426 19
1738364740150 0.9613671898841858 20
1738364740151 0.9661328196525574 21
1738364740152 0.9647656083106995 22
1738364740154 0.9658203125 23
1738364740155 0.9690234661102295 24
1738364740156 0.967578113079071 25
1738364740157 0.9669530987739563 26
1738364740160 0.9697656035423279 27
1738364740162 0.9702734351158142 28
1738364740163 0.9720703363418579 29
1738364740165 0.9704687595367432 30
1738364740166 0.9716015458106995 31
1738364740167 0.9733984470367432 32
1738364740169 0.9723827838897705 33
1738364740170 0.9712890386581421 34
1738364740171 0.975390613079071 35
1738364740172 0.9771875143051147 36
1738364740173 0.9743359088897705 37
1738364740175 0.9770703315734863 38
1738364740177 0.9776952862739563 39
1738364740179 0.9769921898841858 40
1738364740180 0.9764843583106995 41
1738364740181 0.9776952862739563 42
1738364740183 0.9778906106948853 43
1738364740184 0.9787499904632568 44
1738364740185 0.9789062738418579 45
1738364740186 0.9799609184265137 46
1738364740187 0.9788671731948853 47
1738364740189 0.9809374809265137 48
1738364740190 0.9809765815734863 49
1738364740191 0.9820703268051147 50
1738364740193 0.9812109470367432 51
1738364740195 0.9818750023841858 52
1738364740197 0.9813281297683716 53
1738364740198 0.9810546636581421 54
