1738448334989 0.2035546898841858 0
1738448334991 0.2146874964237213 1
1738448334994 0.20308594405651093 2
1738448334996 0.20476561784744263 3
1738448334999 0.19847656786441803 4
1738448335001 0.20574218034744263 5
1738448335003 0.1997656226158142 6
1738448335004 0.20343750715255737 7
1738448335006 0.17722655832767487 8
1738448335007 0.16582031548023224 9
1738448335009 0.16847656667232513 10
1738448335010 0.16792969405651093 11
1738448335013 0.16953125596046448 12
1738448335015 0.1704687476158142 13
1738448335017 0.16980469226837158 14
1738448335018 0.17156249284744263 15
1738448335020 0.17363281548023224 16
1738448335021 0.1664453148841858 17
1738448335023 0.1725781261920929 18
1738448335024 0.17292968928813934 19
1738448335026 0.17101562023162842 20
1738448335027 0.1763281226158142 21
1738448335030 0.17707031965255737 22
1738448335032 0.17082031071186066 23
1738448335033 0.18851561844348907 24
1738448335035 0.1884765625 25
1738448335036 0.20000000298023224 26
1738448335038 0.21105468273162842 27
1738448335039 0.21746093034744263 28
1738448335041 0.23109374940395355 29
1738448335042 0.22980469465255737 30
1738448335044 0.24128906428813934 31
1738448335045 0.2444140613079071 32
1738448335047 0.24937500059604645 33
1738448335048 0.2523828148841858 34
1738448335049 0.2503906190395355 35
1738448335051 0.2430078089237213 36
1738448335052 0.2522656321525574 37
1738448335054 0.24417968094348907 38
1738448335055 0.23386718332767487 39
1738448335056 0.2406640648841858 40
1738448335058 0.2267187535762787 41
1738448335059 0.22312499582767487 42
1738448335061 0.21746093034744263 43
1738448335062 0.22160156071186066 44
1738448335064 0.20292969048023224 45
1738448335065 0.2131640613079071 46
1738448335067 0.1983984410762787 47
1738448335069 0.20105469226837158 48
1738448335070 0.19554688036441803 49
1738448335072 0.19464844465255737 50
1738448335073 0.17488281428813934 51
1738448335075 0.16566406190395355 52
1738448335076 0.1672656238079071 53
1738448335078 0.17191405594348907 54
1738448335080 0.1678124964237213 55
1738448335081 0.17152343690395355 56
1738448335083 0.17058593034744263 57
1738448335084 0.17394530773162842 58
1738448335086 0.17222656309604645 59
1738448335087 0.17027343809604645 60
1738448335088 0.16957031190395355 61
1738448335090 0.1704687476158142 62
1738448335091 0.17601563036441803 63
1738448335093 0.17699219286441803 64
1738448335094 0.18113280832767487 65
1738448335096 0.19468750059604645 66
1738448335097 0.20449218153953552 67
1738448335099 0.20804686844348907 68
1738448335100 0.21519531309604645 69
1738448335101 0.22132812440395355 70
1738448335103 0.23289062082767487 71
1738448335104 0.2312890589237213 72
1738448335106 0.2341015636920929 73
1738448335107 0.2258593738079071 74
1738448335108 0.2472265660762787 75
1738448335110 0.2438671886920929 76
1738448335111 0.24589844048023224 77
1738448335113 0.2430078089237213 78
1738448335114 0.2503125071525574 79
1738448335116 0.24894531071186066 80
1738448335117 0.2462500035762787 81
1738448335118 0.2392578125 82
1738448335120 0.24867187440395355 83
1738448335121 0.22644531726837158 84
1738448335123 0.22453124821186066 85
1738448335124 0.22632811963558197 86
1738448335125 0.22156250476837158 87
1738448335127 0.20695312321186066 88
1738448335128 0.2014453113079071 89
1738448335130 0.2208593785762787 90
1738448335131 0.21167968213558197 91
1738448335133 0.2088281214237213 92
1738448335134 0.1964453160762787 93
1738448335136 0.173828125 94
1738448335137 0.16933593153953552 95
1738448335138 0.1664453148841858 96
1738448335140 0.17148438096046448 97
1738448335141 0.1694921851158142 98
1738448335143 0.16597656905651093 99
1738448335144 0.17042969167232513 100
1738448335146 0.1714453101158142 101
1738448335147 0.1700781285762787 102
1738448335149 0.17207030951976776 103
1738448335150 0.16968749463558197 104
1738448335152 0.1714453101158142 105
1738448335153 0.17289061844348907 106
1738448335155 0.16941405832767487 107
1738448335156 0.1720312535762787 108
1738448335158 0.17167969048023224 109
1738448335159 0.17601563036441803 110
1738448335161 0.18367187678813934 111
1738448335162 0.19437499344348907 112
1738448335164 0.2036718726158142 113
1738448335165 0.20792968571186066 114
1738448335167 0.20738281309604645 115
1738448335168 0.2146874964237213 116
1738448335170 0.22050781548023224 117
1738448335171 0.23136718571186066 118
1738448335172 0.2399609386920929 119
