1738448334989 2.098470687866211 0
1738448334991 1.9174073934555054 1
1738448334994 1.9736508131027222 2
1738448334996 1.9671131372451782 3
1738448334999 1.973638653755188 4
1738448335001 1.9494388103485107 5
1738448335003 1.964186191558838 6
1738448335004 2.0027289390563965 7
1738448335006 45.680015563964844 8
1738448335007 8.100058555603027 9
1738448335009 4.322580337524414 10
1738448335010 3.328529119491577 11
1738448335013 2.815117597579956 12
1738448335015 2.55458664894104 13
1738448335017 2.3217711448669434 14
1738448335018 2.17771053314209 15
1738448335020 2.2331008911132812 16
1738448335021 2.154170274734497 17
1738448335023 1.9934440851211548 18
1738448335024 2.017827033996582 19
1738448335026 2.050964117050171 20
1738448335027 1.9430538415908813 21
1738448335030 1.9730457067489624 22
1738448335032 2.0482983589172363 23
1738448335033 1.897202968597412 24
1738448335035 1.9038509130477905 25
1738448335036 1.8890349864959717 26
1738448335038 1.876083493232727 27
1738448335039 1.8603652715682983 28
1738448335041 1.8423570394515991 29
1738448335042 1.8460056781768799 30
1738448335044 1.837591290473938 31
1738448335045 1.8361904621124268 32
1738448335047 1.8232334852218628 33
1738448335048 1.8346294164657593 34
1738448335049 1.8419865369796753 35
1738448335051 1.8455336093902588 36
1738448335052 1.8344428539276123 37
1738448335054 1.8582909107208252 38
1738448335055 1.8816150426864624 39
1738448335056 1.8772246837615967 40
1738448335058 1.9161427021026611 41
1738448335059 1.9034991264343262 42
1738448335061 1.9236419200897217 43
1738448335062 1.956879734992981 44
1738448335064 1.9719440937042236 45
1738448335065 1.9213827848434448 46
1738448335067 2.030742645263672 47
1738448335069 1.9760202169418335 48
1738448335070 2.0152392387390137 49
1738448335072 2.967104434967041 50
1738448335073 63.121910095214844 51
1738448335075 5.873114109039307 52
1738448335076 4.1622538566589355 53
1738448335078 3.385957717895508 54
1738448335080 2.939122200012207 55
1738448335081 2.620870590209961 56
1738448335083 2.4973464012145996 57
1738448335084 2.3696112632751465 58
1738448335086 2.2284226417541504 59
1738448335087 2.379521608352661 60
1738448335088 2.150932788848877 61
1738448335090 2.2773373126983643 62
1738448335091 2.5712032318115234 63
1738448335093 1.939528226852417 64
1738448335094 1.9070717096328735 65
1738448335096 1.9183613061904907 66
1738448335097 1.89206862449646 67
1738448335099 1.8893728256225586 68
1738448335100 1.8739029169082642 69
1738448335101 1.8661161661148071 70
1738448335103 1.8604826927185059 71
1738448335104 1.8715358972549438 72
1738448335106 1.8472297191619873 73
1738448335107 1.8635101318359375 74
1738448335108 1.8258600234985352 75
1738448335110 1.845818281173706 76
1738448335111 1.8361915349960327 77
1738448335113 1.8372081518173218 78
1738448335114 1.8228412866592407 79
1738448335116 1.8213211297988892 80
1738448335117 1.8493127822875977 81
1738448335118 1.8608883619308472 82
1738448335120 1.8552448749542236 83
1738448335121 1.8929443359375 84
1738448335123 1.90240478515625 85
1738448335124 1.8948265314102173 86
1738448335125 1.9369404315948486 87
1738448335127 1.959771990776062 88
1738448335128 1.979611873626709 89
1738448335130 1.9036561250686646 90
1738448335131 1.9385102987289429 91
1738448335133 1.9637227058410645 92
1738448335134 2.0530600547790527 93
1738448335136 59.670379638671875 94
1738448335137 7.8941874504089355 95
1738448335138 3.7113637924194336 96
1738448335140 2.9636003971099854 97
1738448335141 2.571371555328369 98
1738448335143 2.3316521644592285 99
1738448335144 2.1767892837524414 100
1738448335146 2.0777509212493896 101
1738448335147 2.0250742435455322 102
1738448335149 2.0382983684539795 103
1738448335150 1.9622806310653687 104
1738448335152 2.1822166442871094 105
1738448335153 2.0658555030822754 106
1738448335155 1.9566357135772705 107
1738448335156 2.0584168434143066 108
1738448335158 1.9294641017913818 109
1738448335159 1.9249664545059204 110
1738448335161 1.9077640771865845 111
1738448335162 1.8905823230743408 112
1738448335164 1.8679019212722778 113
1738448335165 1.8662418127059937 114
1738448335167 1.8654475212097168 115
1738448335168 1.8558746576309204 116
1738448335170 1.8514219522476196 117
1738448335171 1.8413264751434326 118
1738448335172 1.834200143814087 119
