1738761491865 0.34867188334465027 0
1738761491866 0.4593749940395355 1
1738761491868 0.4928515553474426 2
1738761491869 0.5058203339576721 3
1738761491870 0.5196484327316284 4
1738761491872 0.532421886920929 5
1738761491873 0.5341015458106995 6
1738761491875 0.5424218773841858 7
1738761491876 0.5459374785423279 8
1738761491878 0.547070324420929 9
1738761491879 0.5576953291893005 10
1738761491880 0.5566796660423279 11
1738761491882 0.5599218606948853 12
1738761491884 0.5635156035423279 13
1738761491885 0.5564844012260437 14
1738761491886 0.5621484518051147 15
1738761491887 0.5667577981948853 16
1738761491889 0.5700390338897705 17
1738761491890 0.5688281059265137 18
1738761491891 0.5729296803474426 19
1738761491892 0.5770702958106995 20
1738761491893 0.5680859088897705 21
1738761491894 0.5751171708106995 22
1738761491896 0.5766015648841858 23
1738761491897 0.5816406011581421 24
1738761491898 0.5780078172683716 25
1738761491900 0.5803515911102295 26
1738761491901 0.5795312523841858 27
1738761491902 0.5881249904632568 28
1738761491903 0.584765613079071 29
1738761491904 0.5790625214576721 30
1738761491906 0.5843750238418579 31
1738761491907 0.581250011920929 32
1738761491908 0.5874609351158142 33
1738761491909 0.5933984518051147 34
1738761491910 0.5894140601158142 35
1738761491911 0.5940625071525574 36
1738761491912 0.5915625095367432 37
1738761491914 0.5911718606948853 38
1738761491915 0.592578113079071 39
1738761491916 0.5971484184265137 40
1738761491917 0.5921875238418579 41
1738761491919 0.5904687643051147 42
1738761491920 0.5991015434265137 43
1738761491921 0.5968359112739563 44
1738761491922 0.5896093845367432 45
1738761491923 0.5986328125 46
1738761491925 0.5960937738418579 47
1738761491926 0.6035937666893005 48
1738761491927 0.6014843583106995 49
1738761491928 0.6028125286102295 50
1738761491929 0.5997655987739563 51
1738761491930 0.6021484136581421 52
1738761491931 0.5997655987739563 53
1738761491933 0.5996875166893005 54
1738761491934 0.6056249737739563 55
1738761491935 0.5965625047683716 56
1738761491936 0.6028515696525574 57
1738761491937 0.5975781083106995 58
1738761491938 0.6017187237739563 59
1738761491939 0.5990234613418579 60
1738761491940 0.6103906035423279 61
1738761491942 0.6021875143051147 62
1738761491943 0.6043359637260437 63
1738761491944 0.599414050579071 64
1738761491945 0.6010156273841858 65
1738761491946 0.6030077934265137 66
1738761491947 0.6026562452316284 67
1738761491948 0.6091406345367432 68
1738761491950 0.6046484112739563 69
1738761491951 0.6100000143051147 70
1738761491952 0.595507800579071 71
1738761491953 0.6103125214576721 72
1738761491954 0.6073437333106995 73
1738761491955 0.6102343797683716 74
1738761491956 0.604687511920929 75
1738761491957 0.6080077886581421 76
1738761491959 0.6075780987739563 77
1738761491960 0.6058202981948853 78
1738761491961 0.6048046946525574 79
1738761491962 0.6064453125 80
1738761491963 0.6088281273841858 81
1738761491964 0.6096093654632568 82
1738761491965 0.6092187762260437 83
1738761491967 0.613476574420929 84
1738761491968 0.6108202934265137 85
1738761491969 0.6096875071525574 86
1738761491970 0.6161718964576721 87
1738761491971 0.6144921779632568 88
1738761491973 0.6144921779632568 89
1738761491974 0.6135937571525574 90
1738761491975 0.6130468845367432 91
1738761491976 0.6069921851158142 92
1738761491977 0.6107812523841858 93
1738761491978 0.6151953339576721 94
1738761491979 0.6145312786102295 95
1738761491980 0.6155468821525574 96
1738761491982 0.6146484613418579 97
1738761491983 0.6139453053474426 98
1738761491984 0.6097656488418579 99
1738761491985 0.616015613079071 100
1738761491986 0.6146093606948853 101
1738761491987 0.6173046827316284 102
1738761491988 0.6183984279632568 103
1738761491990 0.6142968535423279 104
1738761491991 0.6182812452316284 105
1738761491992 0.617382824420929 106
1738761491993 0.6175781488418579 107
1738761491995 0.6156250238418579 108
1738761491996 0.615429699420929 109
1738761491997 0.6181640625 110
1738761491998 0.6198437213897705 111
1738761491999 0.6186327934265137 112
1738761492000 0.6170703172683716 113
1738761492001 0.6197265386581421 114
1738761492003 0.6187499761581421 115
1738761492004 0.6187890768051147 116
1738761492005 0.6121484637260437 117
1738761492006 0.6183202862739563 118
1738761492007 0.6148828268051147 119
