1738761491865 1.6101508140563965 0
1738761491866 1.386431097984314 1
1738761491868 1.317753553390503 2
1738761491869 1.2890689373016357 3
1738761491870 1.2578834295272827 4
1738761491872 1.2361392974853516 5
1738761491873 1.2169336080551147 6
1738761491875 1.2091525793075562 7
1738761491876 1.2060705423355103 8
1738761491878 1.2009317874908447 9
1738761491879 1.1783089637756348 10
1738761491880 1.176527500152588 11
1738761491882 1.1683604717254639 12
1738761491884 1.1667735576629639 13
1738761491885 1.1675059795379639 14
1738761491886 1.1635911464691162 15
1738761491887 1.1549444198608398 16
1738761491889 1.151463270187378 17
1738761491890 1.1420470476150513 18
1738761491891 1.131666898727417 19
1738761491892 1.1391339302062988 20
1738761491893 1.132933497428894 21
1738761491894 1.1271253824234009 22
1738761491896 1.1297965049743652 23
1738761491897 1.1174030303955078 24
1738761491898 1.125848412513733 25
1738761491900 1.122296929359436 26
1738761491901 1.124459981918335 27
1738761491902 1.1059759855270386 28
1738761491903 1.1140236854553223 29
1738761491904 1.114694595336914 30
1738761491906 1.110986590385437 31
1738761491907 1.1049245595932007 32
1738761491908 1.1047612428665161 33
1738761491909 1.0926623344421387 34
1738761491910 1.0962767601013184 35
1738761491911 1.1061747074127197 36
1738761491912 1.088910698890686 37
1738761491914 1.1079260110855103 38
1738761491915 1.0972118377685547 39
1738761491916 1.0803022384643555 40
1738761491917 1.092879295349121 41
1738761491919 1.0879675149917603 42
1738761491920 1.0809199810028076 43
1738761491921 1.0809898376464844 44
1738761491922 1.0949070453643799 45
1738761491923 1.0734361410140991 46
1738761491925 1.083310604095459 47
1738761491926 1.0779707431793213 48
1738761491927 1.0752990245819092 49
1738761491928 1.0773684978485107 50
1738761491929 1.0769779682159424 51
1738761491930 1.0737965106964111 52
1738761491931 1.0728344917297363 53
1738761491933 1.0731333494186401 54
1738761491934 1.064589262008667 55
1738761491935 1.0764964818954468 56
1738761491936 1.071015477180481 57
1738761491937 1.0739130973815918 58
1738761491938 1.066770076751709 59
1738761491939 1.0702093839645386 60
1738761491940 1.0579251050949097 61
1738761491942 1.0566273927688599 62
1738761491943 1.0787246227264404 63
1738761491944 1.0709829330444336 64
1738761491945 1.070665955543518 65
1738761491946 1.0698959827423096 66
1738761491947 1.0723532438278198 67
1738761491948 1.0572854280471802 68
1738761491950 1.0682976245880127 69
1738761491951 1.0434802770614624 70
1738761491952 1.0761603116989136 71
1738761491953 1.058018684387207 72
1738761491954 1.0588083267211914 73
1738761491955 1.0565083026885986 74
1738761491956 1.0662263631820679 75
1738761491957 1.052772045135498 76
1738761491959 1.0568013191223145 77
1738761491960 1.0623245239257812 78
1738761491961 1.0660980939865112 79
1738761491962 1.0621553659439087 80
1738761491963 1.0508975982666016 81
1738761491964 1.0606932640075684 82
1738761491965 1.0566271543502808 83
1738761491967 1.0434393882751465 84
1738761491968 1.058359980583191 85
1738761491969 1.0524507761001587 86
1738761491970 1.0391950607299805 87
1738761491971 1.045047402381897 88
1738761491973 1.0425667762756348 89
1738761491974 1.0403378009796143 90
1738761491975 1.049479365348816 91
1738761491976 1.0522215366363525 92
1738761491977 1.056891918182373 93
1738761491978 1.0432791709899902 94
1738761491979 1.0464192628860474 95
1738761491980 1.040266990661621 96
1738761491982 1.045393705368042 97
1738761491983 1.0354068279266357 98
1738761491984 1.055759072303772 99
1738761491985 1.0458556413650513 100
1738761491986 1.040013074874878 101
1738761491987 1.0483894348144531 102
1738761491988 1.0394212007522583 103
1738761491990 1.0402932167053223 104
1738761491991 1.0365452766418457 105
1738761491992 1.0399688482284546 106
1738761491993 1.0463311672210693 107
1738761491995 1.0426424741744995 108
1738761491996 1.039352536201477 109
1738761491997 1.0367944240570068 110
1738761491998 1.0355160236358643 111
1738761491999 1.0429449081420898 112
1738761492000 1.039987564086914 113
1738761492001 1.035194754600525 114
1738761492003 1.0371967554092407 115
1738761492004 1.042114019393921 116
1738761492005 1.0585176944732666 117
1738761492006 1.0297588109970093 118
1738761492007 1.049119234085083 119
