1738430268449 1.886473536491394 0
1738430268450 1.64409601688385 1
1738430268451 1.5594372749328613 2
1738430268452 1.5234500169754028 3
1738430268453 1.5015678405761719 4
1738430268455 1.4893393516540527 5
1738430268456 1.4789917469024658 6
1738430268457 1.4707733392715454 7
1738430268459 1.4641212224960327 8
1738430268460 1.4496166706085205 9
1738430268462 1.4525952339172363 10
1738430268463 1.4471023082733154 11
1738430268464 1.4485511779785156 12
1738430268465 1.4385875463485718 13
1738430268466 1.4406633377075195 14
1738430268468 1.4296901226043701 15
1738430268469 1.444127082824707 16
1738430268470 1.4312186241149902 17
1738430268471 1.4341037273406982 18
1738430268472 1.4403375387191772 19
1738430268473 1.4367893934249878 20
1738430268474 1.4322521686553955 21
1738430268475 1.4305764436721802 22
1738430268477 1.4383679628372192 23
