1738430268449 0.2971875071525574 0
1738430268450 0.3920312523841858 1
1738430268451 0.4291015565395355 2
1738430268452 0.4519921839237213 3
1738430268453 0.46335938572883606 4
1738430268455 0.47386717796325684 5
1738430268456 0.4788281321525574 6
1738430268457 0.4840624928474426 7
1738430268459 0.48921874165534973 8
1738430268460 0.49281251430511475 9
1738430268462 0.4962500035762787 10
1738430268463 0.49683594703674316 11
1738430268464 0.49410155415534973 12
1738430268465 0.49492186307907104 13
1738430268466 0.49828124046325684 14
1738430268468 0.5018359422683716 15
1738430268469 0.49785155057907104 16
1738430268470 0.5033984184265137 17
1738430268471 0.5029687285423279 18
1738430268472 0.49996092915534973 19
1738430268473 0.5010937452316284 20
1738430268474 0.5060155987739563 21
1738430268475 0.5129296779632568 22
1738430268477 0.5064452886581421 23
