1738448552193 2.7533037662506104 0
1738448552195 2.306009292602539 1
1738448552197 2.3819684982299805 2
1738448552198 2.442168951034546 3
1738448552201 2.3236396312713623 4
1738448552204 2.3276031017303467 5
1738448552206 2.414238929748535 6
1738448552209 2.3339486122131348 7
1738448552212 2.3608450889587402 8
1738448552214 2.566696882247925 9
1738448552217 2.3979129791259766 10
1738448552219 2.3452837467193604 11
1738448552221 2.341377019882202 12
1738448552224 2.4710874557495117 13
1738448552226 2.49076771736145 14
1738448552228 2.7436134815216064 15
1738448552231 2.2094268798828125 16
1738448552233 2.241119861602783 17
1738448552236 2.5097036361694336 18
1738448552238 2.4287760257720947 19
1738448552241 2.2575714588165283 20
1738448552243 2.58585262298584 21
1738448552245 2.5635743141174316 22
1738448552247 2.479121685028076 23
1738448552249 2.4577267169952393 24
1738448552251 2.358344316482544 25
1738448552253 2.5736217498779297 26
1738448552256 2.561737060546875 27
1738448552258 2.7461745738983154 28
1738448552261 2.320117235183716 29
1738448552263 2.416844129562378 30
1738448552265 2.488276481628418 31
1738448552268 2.6471002101898193 32
1738448552270 2.5996551513671875 33
1738448552273 2.742145299911499 34
1738448552275 2.7693774700164795 35
1738448552278 2.312948703765869 36
1738448552280 2.461409568786621 37
1738448552283 2.4380316734313965 38
1738448552285 2.508857250213623 39
1738448552288 2.646972417831421 40
1738448552290 2.640676498413086 41
1738448552292 2.469839096069336 42
1738448552295 2.7083380222320557 43
1738448552297 2.7190303802490234 44
1738448552300 2.6018831729888916 45
1738448552302 2.6108293533325195 46
1738448552305 2.603433132171631 47
1738448552307 2.637906789779663 48
1738448552310 2.6844100952148438 49
1738448552312 2.652243137359619 50
1738448552315 2.6390554904937744 51
1738448552317 2.660085439682007 52
1738448552319 2.71728515625 53
1738448552321 2.5336005687713623 54
1738448552323 2.489043951034546 55
1738448552326 2.5864200592041016 56
1738448552328 3.0378100872039795 57
1738448552331 3.316246747970581 58
1738448552333 2.381823778152466 59
1738448552336 2.4967153072357178 60
1738448552338 2.8691375255584717 61
1738448552341 2.640421152114868 62
1738448552343 2.457798719406128 63
1738448552346 2.6381375789642334 64
1738448552348 2.6003763675689697 65
1738448552351 3.2864181995391846 66
1738448552353 2.7089035511016846 67
1738448552356 2.5231733322143555 68
1738448552358 2.504365921020508 69
1738448552361 2.9279184341430664 70
1738448552363 2.622476577758789 71
1738448552366 2.698010206222534 72
1738448552368 2.94618558883667 73
1738448552370 2.4253592491149902 74
1738448552373 2.6894149780273438 75
1738448552376 2.5758605003356934 76
1738448552378 2.6793994903564453 77
1738448552380 2.8036203384399414 78
1738448552383 2.6979143619537354 79
1738448552385 2.6579153537750244 80
1738448552388 2.701343059539795 81
1738448552390 2.887864589691162 82
1738448552393 2.6154236793518066 83
1738448552395 2.870523691177368 84
1738448552398 2.5297398567199707 85
1738448552400 2.6869475841522217 86
1738448552403 3.1400058269500732 87
1738448552405 3.1947333812713623 88
1738448552408 2.347020149230957 89
1738448552410 2.3534231185913086 90
1738448552412 2.684706926345825 91
1738448552415 2.6991820335388184 92
1738448552417 2.761615037918091 93
1738448552420 2.725776433944702 94
1738448552422 2.661952257156372 95
1738448552425 2.8028311729431152 96
1738448552427 3.0673601627349854 97
1738448552430 2.7180662155151367 98
1738448552432 2.501526117324829 99
1738448552435 2.657792091369629 100
1738448552437 2.9774973392486572 101
1738448552440 5.197238922119141 102
1738448552441 2.2995309829711914 103
1738448552443 2.271824598312378 104
1738448552446 2.3187263011932373 105
1738448552448 2.290978193283081 106
1738448552451 2.4378886222839355 107
1738448552453 2.546013116836548 108
1738448552455 2.514620304107666 109
1738448552458 3.1374008655548096 110
1738448552460 2.848520517349243 111
1738448552463 2.651179790496826 112
1738448552465 2.7101364135742188 113
1738448552467 2.7416775226593018 114
1738448552470 2.84370756149292 115
1738448552472 2.7550976276397705 116
1738448552475 2.7572972774505615 117
1738448552477 2.956666946411133 118
1738448552480 2.8224637508392334 119
