1738448552193 0.1801171898841858 0
1738448552195 0.18128906190395355 1
1738448552197 0.1780078113079071 2
1738448552198 0.18070311844348907 3
1738448552201 0.1773046851158142 4
1738448552204 0.1724218726158142 5
1738448552206 0.17527343332767487 6
1738448552209 0.17589843273162842 7
1738448552212 0.17753906548023224 8
1738448552214 0.1707421839237213 9
1738448552217 0.1725781261920929 10
1738448552219 0.1726953089237213 11
1738448552221 0.1697656214237213 12
1738448552224 0.17417968809604645 13
1738448552226 0.17539063096046448 14
1738448552228 0.17210938036441803 15
1738448552231 0.17554686963558197 16
1738448552233 0.1750781238079071 17
1738448552236 0.1763281226158142 18
1738448552238 0.17113281786441803 19
1738448552241 0.1731249988079071 20
1738448552243 0.17804688215255737 21
1738448552245 0.17101562023162842 22
1738448552247 0.17570312321186066 23
1738448552249 0.1742578148841858 24
1738448552251 0.1763281226158142 25
1738448552253 0.17781250178813934 26
1738448552256 0.17199218273162842 27
1738448552258 0.1732812523841858 28
1738448552261 0.1773046851158142 29
1738448552263 0.1743749976158142 30
1738448552265 0.1796875 31
1738448552268 0.1750781238079071 32
1738448552270 0.17468750476837158 33
1738448552273 0.17492187023162842 34
1738448552275 0.17125000059604645 35
1738448552278 0.18027344346046448 36
1738448552280 0.1778906285762787 37
1738448552283 0.1763281226158142 38
1738448552285 0.17835937440395355 39
1738448552288 0.17460937798023224 40
1738448552290 0.17835937440395355 41
1738448552292 0.1803906261920929 42
1738448552295 0.17503906786441803 43
1738448552297 0.17531250417232513 44
1738448552300 0.18199218809604645 45
1738448552302 0.18296875059604645 46
1738448552305 0.1814843714237213 47
1738448552307 0.1763281226158142 48
1738448552310 0.17652343213558197 49
1738448552312 0.17402343451976776 50
1738448552315 0.17917968332767487 51
1738448552317 0.1789843738079071 52
1738448552319 0.17949219048023224 53
1738448552321 0.1731249988079071 54
1738448552323 0.1810937523841858 55
1738448552326 0.1809374988079071 56
1738448552328 0.1730078160762787 57
1738448552331 0.1725781261920929 58
1738448552333 0.17796875536441803 59
1738448552336 0.17652343213558197 60
1738448552338 0.17972655594348907 61
1738448552341 0.18230468034744263 62
1738448552343 0.18574218451976776 63
1738448552346 0.17847655713558197 64
1738448552348 0.18128906190395355 65
1738448552351 0.18019531667232513 66
1738448552353 0.17933593690395355 67
1738448552356 0.1791406273841858 68
1738448552358 0.18226562440395355 69
1738448552361 0.17488281428813934 70
1738448552363 0.18054687976837158 71
1738448552366 0.17609375715255737 72
1738448552368 0.17742186784744263 73
1738448552370 0.17933593690395355 74
1738448552373 0.17839843034744263 75
1738448552376 0.17683593928813934 76
1738448552378 0.18363280594348907 77
1738448552380 0.18355469405651093 78
1738448552383 0.17933593690395355 79
1738448552385 0.18453125655651093 80
1738448552388 0.1814843714237213 81
1738448552390 0.17308594286441803 82
1738448552393 0.17554686963558197 83
1738448552395 0.17566406726837158 84
1738448552398 0.17796875536441803 85
1738448552400 0.17777343094348907 86
1738448552403 0.17667968571186066 87
1738448552405 0.1716015636920929 88
1738448552408 0.18394531309604645 89
1738448552410 0.18871094286441803 90
1738448552412 0.17824219167232513 91
1738448552415 0.1785546839237213 92
1738448552417 0.18257813155651093 93
1738448552420 0.17874999344348907 94
1738448552422 0.17699219286441803 95
1738448552425 0.18175780773162842 96
1738448552427 0.1771875023841858 97
1738448552430 0.17937499284744263 98
1738448552432 0.18589843809604645 99
1738448552435 0.18308593332767487 100
1738448552437 0.17937499284744263 101
1738448552440 0.173828125 102
1738448552441 0.19367188215255737 103
1738448552443 0.1968359351158142 104
1738448552446 0.19640624523162842 105
1738448552448 0.19472655653953552 106
1738448552451 0.18781250715255737 107
1738448552453 0.18816405534744263 108
1738448552455 0.17832031846046448 109
1738448552458 0.17878906428813934 110
1738448552460 0.17867188155651093 111
1738448552463 0.1844140589237213 112
1738448552465 0.18027344346046448 113
1738448552467 0.17824219167232513 114
1738448552470 0.17835937440395355 115
1738448552472 0.18285156786441803 116
1738448552475 0.1814843714237213 117
1738448552477 0.17894531786441803 118
1738448552480 0.18140624463558197 119
