1739140115999 0.49558594822883606 0
1739140116001 0.58984375 1
1739140116002 0.6357812285423279 2
1739140116003 0.658007800579071 3
1739140116005 0.6743359565734863 4
1739140116006 0.6887109279632568 5
1739140116007 0.7018359303474426 6
1739140116009 0.7137500047683716 7
1739140116011 0.7154687643051147 8
1739140116012 0.7231249809265137 9
1739140116013 0.7366406321525574 10
1739140116015 0.7345312237739563 11
1739140116016 0.7465624809265137 12
1739140116017 0.7497265338897705 13
1739140116018 0.7497656345367432 14
1739140116019 0.7507421970367432 15
1739140116021 0.7557812333106995 16
1739140116022 0.7592187523841858 17
1739140116024 0.7641406059265137 18
1739140116025 0.7706249952316284 19
1739140116026 0.762890636920929 20
1739140116028 0.773632824420929 21
1739140116029 0.7673046588897705 22
1739140116030 0.7766406536102295 23
1739140116031 0.7741796970367432 24
1739140116032 0.7787890434265137 25
1739140116033 0.7764843702316284 26
1739140116035 0.7796875238418579 27
1739140116036 0.7817187309265137 28
1739140116037 0.7839062213897705 29
1739140116038 0.7777734398841858 30
1739140116040 0.7808203101158142 31
1739140116041 0.7842578291893005 32
1739140116042 0.7862890362739563 33
1739140116044 0.7898046970367432 34
1739140116045 0.7864843606948853 35
1739140116046 0.7937890887260437 36
1739140116047 0.7920703291893005 37
1739140116048 0.7919140458106995 38
1739140116049 0.7894921898841858 39
1739140116050 0.7958984375 40
1739140116052 0.7946484088897705 41
1739140116053 0.7989843487739563 42
1739140116054 0.7992187738418579 43
1739140116055 0.7924609184265137 44
1739140116056 0.7923437356948853 45
1739140116057 0.7986719012260437 46
1739140116058 0.7961719036102295 47
1739140116060 0.8020703196525574 48
1739140116061 0.7936328053474426 49
1739140116062 0.7997265458106995 50
1739140116063 0.8064844012260437 51
1739140116064 0.8021875023841858 52
1739140116065 0.8030859231948853 53
1739140116066 0.8049218654632568 54
1739140116067 0.7975390553474426 55
1739140116068 0.8030859231948853 56
1739140116070 0.8053125143051147 57
1739140116071 0.8033202886581421 58
1739140116072 0.8111718893051147 59
1739140116073 0.8036718964576721 60
1739140116074 0.8021093606948853 61
1739140116075 0.8075390458106995 62
1739140116076 0.80859375 63
1739140116077 0.8096484541893005 64
1739140116078 0.8102343678474426 65
1739140116080 0.8056250214576721 66
1739140116081 0.8030859231948853 67
1739140116082 0.811328113079071 68
1739140116083 0.8161327838897705 69
1739140116084 0.8140624761581421 70
1739140116085 0.8098046779632568 71
1739140116086 0.8075390458106995 72
1739140116087 0.8090624809265137 73
1739140116088 0.808789074420929 74
1739140116089 0.8147265911102295 75
1739140116091 0.8146874904632568 76
1739140116092 0.8155078291893005 77
1739140116093 0.8161718845367432 78
1739140116094 0.8094140887260437 79
1739140116095 0.8169531226158142 80
1739140116096 0.8155859112739563 81
1739140116097 0.8153125047683716 82
1739140116098 0.8153515458106995 83
1739140116099 0.8139452934265137 84
1739140116100 0.818164050579071 85
1739140116102 0.8153125047683716 86
1739140116103 0.8193359375 87
1739140116104 0.8160937428474426 88
1739140116105 0.8169140815734863 89
1739140116106 0.818554699420929 90
1739140116107 0.8122265338897705 91
1739140116108 0.8172656297683716 92
1739140116109 0.8201953172683716 93
1739140116110 0.8194140791893005 94
1739140116111 0.8194140791893005 95
1739140116113 0.8198046684265137 96
1739140116114 0.8203125 97
1739140116115 0.8201953172683716 98
1739140116116 0.8225390911102295 99
1739140116117 0.8223437666893005 100
1739140116118 0.8141406178474426 101
1739140116119 0.8193749785423279 102
1739140116121 0.8194531202316284 103
1739140116122 0.8242968916893005 104
1739140116123 0.8264062404632568 105
1739140116124 0.8212890625 106
1739140116125 0.8221874833106995 107
1739140116126 0.8210155963897705 108
1739140116128 0.8227734565734863 109
1739140116129 0.8257421851158142 110
1739140116130 0.8254296779632568 111
1739140116131 0.8213672041893005 112
1739140116132 0.8221874833106995 113
1739140116133 0.8238281011581421 114
1739140116134 0.8222265839576721 115
1739140116135 0.8262890577316284 116
1739140116137 0.8226953148841858 117
1739140116138 0.8224218487739563 118
1739140116139 0.8259375095367432 119
