1739140115999 1.3073031902313232 0
1739140116001 1.0883190631866455 1
1739140116002 0.9921169877052307 2
1739140116003 0.9331711530685425 3
1739140116005 0.8913151025772095 4
1739140116006 0.8537742495536804 5
1739140116007 0.8215181231498718 6
1739140116009 0.7975186109542847 7
1739140116011 0.7923009395599365 8
1739140116012 0.7796286940574646 9
1739140116013 0.7471172213554382 10
1739140116015 0.7437044382095337 11
1739140116016 0.7248914837837219 12
1739140116017 0.7157818675041199 13
1739140116018 0.7152243852615356 14
1739140116019 0.7038628458976746 15
1739140116021 0.7007185220718384 16
1739140116022 0.6813840270042419 17
1739140116024 0.6808938384056091 18
1739140116025 0.6638323068618774 19
1739140116026 0.6830464005470276 20
1739140116028 0.6582088470458984 21
1739140116029 0.66117262840271 22
1739140116030 0.646920919418335 23
1739140116031 0.6507314443588257 24
1739140116032 0.6434320211410522 25
1739140116033 0.6471807956695557 26
1739140116035 0.640998899936676 27
1739140116036 0.6317679286003113 28
1739140116037 0.6277821063995361 29
1739140116038 0.6369828581809998 30
1739140116040 0.6342883110046387 31
1739140116041 0.6328389048576355 32
1739140116042 0.6206644177436829 33
1739140116044 0.6118609309196472 34
1739140116045 0.6141350269317627 35
1739140116046 0.6029335856437683 36
1739140116047 0.6057114601135254 37
1739140116048 0.609605073928833 38
1739140116049 0.6135008931159973 39
1739140116050 0.599051833152771 40
1739140116052 0.5955233573913574 41
1739140116053 0.591102659702301 42
1739140116054 0.5963225960731506 43
1739140116055 0.6006779670715332 44
1739140116056 0.5982589721679688 45
1739140116057 0.5863061547279358 46
1739140116058 0.5867812037467957 47
1739140116060 0.5794607400894165 48
1739140116061 0.5991654396057129 49
1739140116062 0.5873100161552429 50
1739140116063 0.5681226849555969 51
1739140116064 0.573260486125946 52
1739140116065 0.5773863792419434 53
1739140116066 0.5755898356437683 54
1739140116067 0.5811032652854919 55
1739140116068 0.5737515091896057 56
1739140116070 0.5715080499649048 57
1739140116071 0.5722468495368958 58
1739140116072 0.5586108565330505 59
1739140116073 0.5730111598968506 60
1739140116074 0.5761963129043579 61
1739140116075 0.5631327629089355 62
1739140116076 0.5599914789199829 63
1739140116077 0.5565776228904724 64
1739140116078 0.5576519966125488 65
1739140116080 0.5695984363555908 66
1739140116081 0.573494553565979 67
1739140116082 0.5587674975395203 68
1739140116083 0.5477586388587952 69
1739140116084 0.5473136305809021 70
1739140116085 0.5586221218109131 71
1739140116086 0.5636229515075684 72
1739140116087 0.556641697883606 73
1739140116088 0.5630558729171753 74
1739140116089 0.5493610501289368 75
1739140116091 0.5436303615570068 76
1739140116092 0.5435478091239929 77
1739140116093 0.5443410277366638 78
1739140116094 0.5610414743423462 79
1739140116095 0.5375238060951233 80
1739140116096 0.5444204211235046 81
1739140116097 0.5444411039352417 82
1739140116098 0.5478777289390564 83
1739140116099 0.5505900382995605 84
1739140116100 0.5338943004608154 85
1739140116102 0.5403549075126648 86
1739140116103 0.5363911986351013 87
1739140116104 0.54015052318573 88
1739140116105 0.5405234098434448 89
1739140116106 0.5382217168807983 90
1739140116107 0.5536412596702576 91
1739140116108 0.5384975671768188 92
1739140116109 0.5278226137161255 93
1739140116110 0.5361554622650146 94
1739140116111 0.5333173274993896 95
1739140116113 0.5327720046043396 96
1739140116114 0.5272495746612549 97
1739140116115 0.5324515700340271 98
1739140116116 0.5278241038322449 99
1739140116117 0.5300083160400391 100
1739140116118 0.5473622679710388 101
1739140116119 0.5348588824272156 102
1739140116121 0.5345650315284729 103
1739140116122 0.5294468402862549 104
1739140116123 0.5170215368270874 105
1739140116124 0.5309578776359558 106
1739140116125 0.5305243134498596 107
1739140116126 0.5316202640533447 108
1739140116128 0.5284477472305298 109
1739140116129 0.5263901352882385 110
1739140116130 0.5136153697967529 111
1739140116131 0.5284993052482605 112
1739140116132 0.5328094959259033 113
1739140116133 0.5190213322639465 114
1739140116134 0.5242231488227844 115
1739140116135 0.5147032737731934 116
1739140116137 0.526944100856781 117
1739140116138 0.5223774313926697 118
1739140116139 0.5149003863334656 119
