1738632230674 0.5261328220367432 0
1738632230676 0.6328515410423279 1
1738632230677 0.6745703220367432 2
1738632230679 0.7046093940734863 3
1738632230680 0.7247265577316284 4
1738632230681 0.7458202838897705 5
1738632230683 0.7577734589576721 6
1738632230685 0.7677343487739563 7
1738632230687 0.7715234160423279 8
1738632230689 0.7850781083106995 9
1738632230691 0.7811718583106995 10
1738632230693 0.7898828387260437 11
1738632230695 0.7934765815734863 12
1738632230697 0.800976574420929 13
1738632230699 0.8025781512260437 14
1738632230701 0.7985937595367432 15
1738632230703 0.8066015839576721 16
1738632230705 0.806445300579071 17
1738632230707 0.8094921708106995 18
1738632230709 0.8155859112739563 19
1738632230711 0.8178125023841858 20
1738632230713 0.8111718893051147 21
1738632230715 0.8190624713897705 22
1738632230716 0.8180078268051147 23
1738632230718 0.8251953125 24
1738632230720 0.826367199420929 25
1738632230722 0.8265625238418579 26
1738632230724 0.8268359303474426 27
1738632230726 0.8256640434265137 28
1738632230728 0.824414074420929 29
1738632230730 0.8265625238418579 30
1738632230732 0.8334375023841858 31
1738632230734 0.831250011920929 32
1738632230736 0.8316015601158142 33
1738632230737 0.837890625 34
1738632230739 0.8357031345367432 35
1738632230741 0.835742175579071 36
1738632230743 0.83984375 37
1738632230745 0.837695300579071 38
1738632230747 0.8355468511581421 39
1738632230749 0.8395702838897705 40
1738632230751 0.842578113079071 41
1738632230753 0.8440625071525574 42
1738632230755 0.8412890434265137 43
1738632230757 0.8408203125 44
1738632230759 0.8374218940734863 45
1738632230761 0.8469140529632568 46
1738632230762 0.8391796946525574 47
1738632230764 0.8432031273841858 48
1738632230766 0.8453515768051147 49
1738632230768 0.8411718606948853 50
1738632230770 0.8440625071525574 51
1738632230772 0.8494921922683716 52
1738632230774 0.8478124737739563 53
1738632230776 0.8453906178474426 54
1738632230778 0.8495703339576721 55
1738632230779 0.8427734375 56
1738632230781 0.8525390625 57
1738632230783 0.8510156273841858 58
1738632230785 0.847851574420929 59
1738632230787 0.8521484136581421 60
1738632230789 0.8526562452316284 61
1738632230791 0.847851574420929 62
1738632230793 0.8500390648841858 63
1738632230795 0.8538281321525574 64
1738632230796 0.8516015410423279 65
1738632230798 0.853710949420929 66
1738632230800 0.8505468964576721 67
1738632230802 0.8548437356948853 68
1738632230804 0.8551562428474426 69
1738632230806 0.8573828339576721 70
1738632230808 0.8583202958106995 71
1738632230810 0.8520703315734863 72
1738632230812 0.8623046875 73
1738632230814 0.8521484136581421 74
1738632230815 0.8573046922683716 75
1738632230817 0.8566796779632568 76
1738632230819 0.8600390553474426 77
1738632230821 0.8569140434265137 78
1738632230823 0.8571484088897705 79
1738632230825 0.8623437285423279 80
1738632230827 0.8553906083106995 81
1738632230829 0.8615624904632568 82
1738632230831 0.8548437356948853 83
1738632230833 0.8592968583106995 84
1738632230834 0.8596875071525574 85
1738632230836 0.8558984398841858 86
1738632230838 0.8580468893051147 87
1738632230840 0.8648828268051147 88
1738632230842 0.8602343797683716 89
1738632230844 0.8631640672683716 90
1738632230846 0.8558202981948853 91
1738632230848 0.8596875071525574 92
1738632230849 0.8639062643051147 93
1738632230851 0.862500011920929 94
1738632230853 0.8620703220367432 95
1738632230855 0.8639843463897705 96
1738632230857 0.8598437309265137 97
1738632230859 0.8627734184265137 98
1738632230861 0.8614062666893005 99
1738632230863 0.8617968559265137 100
1738632230865 0.8606250286102295 101
1738632230866 0.8653905987739563 102
1738632230868 0.8620312213897705 103
1738632230870 0.8637109398841858 104
1738632230872 0.8614062666893005 105
1738632230874 0.864453136920929 106
1738632230876 0.8619140386581421 107
1738632230878 0.8614843487739563 108
1738632230880 0.8639453053474426 109
1738632230881 0.8658202886581421 110
1738632230883 0.8614062666893005 111
1738632230885 0.863085925579071 112
1738632230887 0.8625390529632568 113
1738632230889 0.865039050579071 114
1738632230891 0.8626562356948853 115
1738632230893 0.8623437285423279 116
1738632230895 0.8657422065734863 117
1738632230897 0.8623828291893005 118
1738632230898 0.8655078411102295 119
