1738632230674 1.2243640422821045 0
1738632230676 0.9768478870391846 1
1738632230677 0.8791761994361877 2
1738632230679 0.816026508808136 3
1738632230680 0.7652806043624878 4
1738632230681 0.7257042527198792 5
1738632230683 0.6941792368888855 6
1738632230685 0.6713201403617859 7
1738632230687 0.6539012789726257 8
1738632230689 0.6245335340499878 9
1738632230691 0.6354995965957642 10
1738632230693 0.608369767665863 11
1738632230695 0.5980563163757324 12
1738632230697 0.5822368860244751 13
1738632230699 0.5769997835159302 14
1738632230701 0.5856577157974243 15
1738632230703 0.567241907119751 16
1738632230705 0.5637356042861938 17
1738632230707 0.5578270554542542 18
1738632230709 0.5445414185523987 19
1738632230711 0.5353876352310181 20
1738632230713 0.5474136471748352 21
1738632230715 0.5362879037857056 22
1738632230716 0.5291140675544739 23
1738632230718 0.5229178667068481 24
1738632230720 0.5174217820167542 25
1738632230722 0.5169750452041626 26
1738632230724 0.5069489479064941 27
1738632230726 0.5127494931221008 28
1738632230728 0.5197860598564148 29
1738632230730 0.5064181089401245 30
1738632230732 0.49356701970100403 31
1738632230734 0.5014490485191345 32
1738632230736 0.4929051697254181 33
1738632230737 0.4848628342151642 34
1738632230739 0.4873276948928833 35
1738632230741 0.49259719252586365 36
1738632230743 0.4787432849407196 37
1738632230745 0.47947362065315247 38
1738632230747 0.49738895893096924 39
1738632230749 0.48182761669158936 40
1738632230751 0.4698222875595093 41
1738632230753 0.46810123324394226 42
1738632230755 0.4771314263343811 43
1738632230757 0.4823854863643646 44
1738632230759 0.47679656744003296 45
1738632230761 0.4635917544364929 46
1738632230762 0.4779285788536072 47
1738632230764 0.4691690504550934 48
1738632230766 0.45841312408447266 49
1738632230768 0.4663485586643219 50
1738632230770 0.468191534280777 51
1738632230772 0.4586206376552582 52
1738632230774 0.44989708065986633 53
1738632230776 0.4612038731575012 54
1738632230778 0.4484972655773163 55
1738632230779 0.4692831039428711 56
1738632230781 0.4420931339263916 57
1738632230783 0.4566267132759094 58
1738632230785 0.4520409405231476 59
1738632230787 0.44700244069099426 60
1738632230789 0.43968501687049866 61
1738632230791 0.4538244903087616 62
1738632230793 0.4430972635746002 63
1738632230795 0.4370378851890564 64
1738632230796 0.437887579202652 65
1738632230798 0.44014737010002136 66
1738632230800 0.4503036439418793 67
1738632230802 0.43517497181892395 68
1738632230804 0.43348807096481323 69
1738632230806 0.42927268147468567 70
1738632230808 0.42715686559677124 71
1738632230810 0.4412817656993866 72
1738632230812 0.42369896173477173 73
1738632230814 0.4415639042854309 74
1738632230815 0.4287775456905365 75
1738632230817 0.4330400228500366 76
1738632230819 0.42844676971435547 77
1738632230821 0.42568859457969666 78
1738632230823 0.4251146614551544 79
1738632230825 0.4175376892089844 80
1738632230827 0.42844727635383606 81
1738632230829 0.4163612723350525 82
1738632230831 0.42820656299591064 83
1738632230833 0.4179469048976898 84
1738632230834 0.4295256733894348 85
1738632230836 0.43099918961524963 86
1738632230838 0.42437297105789185 87
1738632230840 0.4150378406047821 88
1738632230842 0.4217795133590698 89
1738632230844 0.41149231791496277 90
1738632230846 0.4320404529571533 91
1738632230848 0.4226038455963135 92
1738632230849 0.4111073613166809 93
1738632230851 0.4191828966140747 94
1738632230853 0.40719640254974365 95
1738632230855 0.41416507959365845 96
1738632230857 0.41949740052223206 97
1738632230859 0.41336849331855774 98
1738632230861 0.4168984591960907 99
1738632230863 0.4181789755821228 100
1738632230865 0.42055025696754456 101
1738632230866 0.41237136721611023 102
1738632230868 0.4159148335456848 103
1738632230870 0.41153794527053833 104
1738632230872 0.4213902950286865 105
1738632230874 0.41821277141571045 106
1738632230876 0.4209884703159332 107
1738632230878 0.4159604012966156 108
1738632230880 0.411321759223938 109
1738632230881 0.4015307128429413 110
1738632230883 0.41933661699295044 111
1738632230885 0.40900275111198425 112
1738632230887 0.41683414578437805 113
1738632230889 0.4086308181285858 114
1738632230891 0.41102445125579834 115
1738632230893 0.41109150648117065 116
1738632230895 0.40657103061676025 117
1738632230897 0.410587877035141 118
1738632230898 0.40642592310905457 119
