1738089611110 1.6515883207321167 0
1738089611112 1.2619655132293701 1
1738089611113 1.1046615839004517 2
1738089611114 1.012722134590149 3
1738089611115 0.9234081506729126 4
1738089611116 0.874514639377594 5
1738089611118 0.7912068367004395 6
1738089611120 0.7743111252784729 7
1738089611121 0.7073299884796143 8
1738089611123 0.6773314476013184 9
1738089611126 0.6442291140556335 10
1738089611127 0.6457372903823853 11
1738089611129 0.6008641123771667 12
1738089611130 0.5796406865119934 13
1738089611132 0.5817186832427979 14
1738089611134 0.5587900876998901 15
1738089611135 0.553892195224762 16
1738089611137 0.555556058883667 17
1738089611138 0.5261229872703552 18
1738089611139 0.5173586010932922 19
1738089611140 0.5046835541725159 20
1738089611142 0.49710434675216675 21
1738089611143 0.49430981278419495 22
1738089611144 0.48635193705558777 23
1738089611146 0.4710041880607605 24
1738089611147 0.47662901878356934 25
1738089611149 0.46365886926651 26
1738089611150 0.4585537314414978 27
1738089611151 0.4485209286212921 28
1738089611153 0.44079408049583435 29
1738089611154 0.4300370514392853 30
1738089611155 0.43281424045562744 31
1738089611157 0.4552064836025238 32
1738089611158 0.4261914789676666 33
1738089611159 0.40901076793670654 34
1738089611160 0.4141139090061188 35
1738089611162 0.40011486411094666 36
1738089611163 0.42367294430732727 37
1738089611164 0.4107578694820404 38
1738089611166 0.3966684341430664 39
1738089611167 0.3922105133533478 40
1738089611168 0.3948535919189453 41
1738089611169 0.38781964778900146 42
1738089611171 0.37864089012145996 43
1738089611172 0.3882594704627991 44
1738089611173 0.3762604892253876 45
1738089611174 0.37127357721328735 46
1738089611175 0.36983153223991394 47
1738089611176 0.3721497356891632 48
1738089611178 0.38055622577667236 49
1738089611179 0.3609538674354553 50
1738089611180 0.3652461767196655 51
1738089611181 0.35775768756866455 52
1738089611182 0.3580534756183624 53
1738089611184 0.36170363426208496 54
1738089611185 0.3584078550338745 55
