1738089611110 0.3478125035762787 0
1738089611112 0.5303124785423279 1
1738089611113 0.58984375 2
1738089611114 0.6260937452316284 3
1738089611115 0.6721875071525574 4
1738089611116 0.6981640458106995 5
1738089611118 0.7251172065734863 6
1738089611120 0.7380077838897705 7
1738089611121 0.7610937356948853 8
1738089611123 0.7738671898841858 9
1738089611126 0.780468761920929 10
1738089611127 0.7828124761581421 11
1738089611129 0.8012109398841858 12
1738089611130 0.8066796660423279 13
1738089611132 0.8068749904632568 14
1738089611134 0.814257800579071 15
1738089611135 0.8134375214576721 16
1738089611137 0.8157812356948853 17
1738089611138 0.8216015696525574 18
1738089611139 0.8235546946525574 19
1738089611140 0.828125 20
1738089611142 0.8314062356948853 21
1738089611143 0.8344531059265137 22
1738089611144 0.836132824420929 23
1738089611146 0.8415234088897705 24
1738089611147 0.839648425579071 25
1738089611149 0.8424218893051147 26
1738089611150 0.8450000286102295 27
1738089611151 0.8483984470367432 28
1738089611153 0.8506640791893005 29
1738089611154 0.8541015386581421 30
1738089611155 0.8510937690734863 31
1738089611157 0.8490234613418579 32
1738089611158 0.8548046946525574 33
1738089611159 0.861328125 34
1738089611160 0.8588281273841858 35
1738089611162 0.8647265434265137 36
1738089611163 0.8547265529632568 37
1738089611164 0.8584374785423279 38
1738089611166 0.8653905987739563 39
1738089611167 0.8641796708106995 40
1738089611168 0.8651562333106995 41
1738089611169 0.8672656416893005 42
1738089611171 0.8713672161102295 43
1738089611172 0.8671875 44
1738089611173 0.8713281154632568 45
1738089611174 0.8721874952316284 46
1738089611175 0.8723437786102295 47
1738089611176 0.87109375 48
1738089611178 0.869140625 49
1738089611179 0.8731640577316284 50
1738089611180 0.871874988079071 51
1738089611181 0.8738672137260437 52
1738089611182 0.8753515481948853 53
1738089611184 0.8754687309265137 54
1738089611185 0.876757800579071 55
