1738771373216 1.2475918531417847 0
1738771373217 0.9904319643974304 1
1738771373219 0.911710798740387 2
1738771373220 0.8239288926124573 3
1738771373221 0.7794921398162842 4
1738771373223 0.7370266914367676 5
1738771373224 0.710866391658783 6
1738771373226 0.6853476762771606 7
1738771373228 0.6670171618461609 8
1738771373229 0.6351403594017029 9
1738771373230 0.6365100145339966 10
1738771373231 0.6216990947723389 11
1738771373233 0.6080873012542725 12
1738771373234 0.6006373763084412 13
1738771373235 0.5887261033058167 14
1738771373236 0.5864438414573669 15
1738771373238 0.5656154155731201 16
1738771373241 0.5723981261253357 17
1738771373242 0.5648168921470642 18
1738771373243 0.5479559898376465 19
1738771373245 0.5365533232688904 20
1738771373246 0.5433858633041382 21
1738771373247 0.5338605642318726 22
1738771373248 0.5368660688400269 23
1738771373249 0.529202938079834 24
1738771373251 0.5159469842910767 25
1738771373253 0.5304261445999146 26
1738771373255 0.5099102258682251 27
1738771373256 0.5010301470756531 28
1738771373258 0.5183374285697937 29
1738771373259 0.5018026232719421 30
1738771373260 0.5005229711532593 31
1738771373261 0.497511088848114 32
1738771373263 0.5032312870025635 33
1738771373264 0.4996799826622009 34
1738771373265 0.500751256942749 35
1738771373266 0.4967350661754608 36
1738771373267 0.4892350137233734 37
1738771373268 0.48170366883277893 38
1738771373270 0.47364139556884766 39
1738771373271 0.4823971092700958 40
1738771373273 0.47687363624572754 41
1738771373274 0.47888869047164917 42
1738771373275 0.46082454919815063 43
1738771373276 0.47507259249687195 44
1738771373277 0.4650183916091919 45
1738771373278 0.4742884337902069 46
1738771373280 0.46687740087509155 47
1738771373281 0.46098601818084717 48
1738771373282 0.46208488941192627 49
1738771373283 0.4565141797065735 50
1738771373284 0.4585225582122803 51
1738771373285 0.4447772204875946 52
1738771373287 0.4530200660228729 53
1738771373288 0.45476233959198 54
1738771373289 0.4397462010383606 55
1738771373290 0.4479600787162781 56
1738771373291 0.4484037756919861 57
1738771373292 0.4480753242969513 58
1738771373293 0.4546242654323578 59
1738771373295 0.4397350251674652 60
1738771373296 0.44601118564605713 61
1738771373297 0.43369728326797485 62
1738771373298 0.44390565156936646 63
1738771373299 0.4410879909992218 64
1738771373301 0.44141727685928345 65
1738771373302 0.435937762260437 66
1738771373303 0.4347597062587738 67
1738771373304 0.42719048261642456 68
1738771373306 0.43741345405578613 69
1738771373307 0.43094372749328613 70
1738771373308 0.4363352656364441 71
1738771373309 0.42008766531944275 72
1738771373310 0.42401123046875 73
1738771373311 0.42023009061813354 74
1738771373313 0.42894208431243896 75
1738771373314 0.4191262722015381 76
1738771373315 0.42947250604629517 77
1738771373316 0.4167313873767853 78
1738771373318 0.4195322096347809 79
1738771373319 0.42778128385543823 80
1738771373320 0.42708343267440796 81
1738771373322 0.42203986644744873 82
1738771373323 0.40887650847435 83
1738771373324 0.4106678068637848 84
1738771373325 0.4302472770214081 85
1738771373327 0.4101026654243469 86
1738771373328 0.4105739891529083 87
1738771373329 0.428100049495697 88
1738771373331 0.40096089243888855 89
1738771373332 0.4058604836463928 90
1738771373333 0.4157715141773224 91
1738771373334 0.40310531854629517 92
1738771373335 0.40011683106422424 93
1738771373337 0.4162854850292206 94
1738771373338 0.40533801913261414 95
1738771373340 0.4097870886325836 96
1738771373342 0.40574732422828674 97
1738771373344 0.40328747034072876 98
1738771373345 0.40697774291038513 99
1738771373347 0.4027087688446045 100
1738771373349 0.40272626280784607 101
1738771373350 0.4021846652030945 102
1738771373352 0.40605059266090393 103
1738771373353 0.4066298007965088 104
1738771373355 0.39488136768341064 105
1738771373356 0.399405837059021 106
1738771373357 0.3972935974597931 107
1738771373358 0.40008723735809326 108
1738771373360 0.408713161945343 109
1738771373361 0.40273424983024597 110
1738771373362 0.39916718006134033 111
1738771373363 0.3943499028682709 112
1738771373364 0.397780179977417 113
1738771373365 0.3940682113170624 114
1738771373367 0.4014204740524292 115
1738771373368 0.3946404755115509 116
1738771373369 0.39550867676734924 117
1738771373370 0.39403897523880005 118
1738771373372 0.4024009704589844 119
