1738771373216 0.5153906345367432 0
1738771373217 0.6276953220367432 1
1738771373219 0.6671093702316284 2
1738771373220 0.7032031416893005 3
1738771373221 0.7193359136581421 4
1738771373223 0.7398437261581421 5
1738771373224 0.7507421970367432 6
1738771373226 0.7603906393051147 7
1738771373228 0.7673437595367432 8
1738771373229 0.7781640887260437 9
1738771373230 0.7823437452316284 10
1738771373231 0.78515625 11
1738771373233 0.7884765863418579 12
1738771373234 0.7955077886581421 13
1738771373235 0.7999218702316284 14
1738771373236 0.7996484637260437 15
1738771373238 0.8075781464576721 16
1738771373241 0.8061327934265137 17
1738771373242 0.8091015815734863 18
1738771373243 0.8135937452316284 19
1738771373245 0.8157421946525574 20
1738771373246 0.8160156011581421 21
1738771373247 0.8176953196525574 22
1738771373248 0.8179296851158142 23
1738771373249 0.8204296827316284 24
1738771373251 0.8233984112739563 25
1738771373253 0.8216015696525574 26
1738771373255 0.8233984112739563 27
1738771373256 0.8302343487739563 28
1738771373258 0.8278515338897705 29
1738771373259 0.8296874761581421 30
1738771373260 0.8298046588897705 31
1738771373261 0.8309765458106995 32
1738771373263 0.8301953077316284 33
1738771373264 0.8318750262260437 34
1738771373265 0.8298437595367432 35
1738771373266 0.8330078125 36
1738771373267 0.8348827958106995 37
1738771373268 0.8369531035423279 38
1738771373270 0.8392578363418579 39
1738771373271 0.837695300579071 40
1738771373273 0.8409374952316284 41
1738771373274 0.8422656059265137 42
1738771373275 0.8448437452316284 43
1738771373276 0.840039074420929 44
1738771373277 0.8459374904632568 45
1738771373278 0.8403906226158142 46
1738771373280 0.845507800579071 47
1738771373281 0.8463671803474426 48
1738771373282 0.8438671827316284 49
1738771373283 0.8470312356948853 50
1738771373284 0.8469531536102295 51
1738771373285 0.8520312309265137 52
1738771373287 0.8518750071525574 53
1738771373288 0.847460925579071 54
1738771373289 0.852343738079071 55
1738771373290 0.8510546684265137 56
1738771373291 0.8490234613418579 57
1738771373292 0.8519921898841858 58
1738771373293 0.8467968702316284 59
1738771373295 0.8509374856948853 60
1738771373296 0.8487109541893005 61
1738771373297 0.857421875 62
1738771373298 0.8512109518051147 63
1738771373299 0.8511718511581421 64
1738771373301 0.8507421612739563 65
1738771373302 0.8551952838897705 66
1738771373303 0.85546875 67
1738771373304 0.8568359613418579 68
1738771373306 0.8543359637260437 69
1738771373307 0.8570312261581421 70
1738771373308 0.8569921851158142 71
1738771373309 0.8594140410423279 72
1738771373310 0.8570312261581421 73
1738771373311 0.8607812523841858 74
1738771373313 0.8568359613418579 75
1738771373314 0.8626171946525574 76
1738771373315 0.8571484088897705 77
1738771373316 0.8591406345367432 78
1738771373318 0.8596484661102295 79
1738771373319 0.8577734231948853 80
1738771373320 0.8573828339576721 81
1738771373322 0.8598046898841858 82
1738771373323 0.8618749976158142 83
1738771373324 0.8612499833106995 84
1738771373325 0.8589062690734863 85
1738771373327 0.8634374737739563 86
1738771373328 0.8646093606948853 87
1738771373329 0.856249988079071 88
1738771373331 0.8668749928474426 89
1738771373332 0.8682031035423279 90
1738771373333 0.8622265458106995 91
1738771373334 0.8661718964576721 92
1738771373335 0.8661718964576721 93
1738771373337 0.8617187738418579 94
1738771373338 0.8648437261581421 95
1738771373340 0.8632031083106995 96
1738771373342 0.8645312786102295 97
1738771373344 0.8669140338897705 98
1738771373345 0.866406261920929 99
1738771373347 0.8667187690734863 100
1738771373349 0.8672656416893005 101
1738771373350 0.865429699420929 102
1738771373352 0.8653905987739563 103
1738771373353 0.8630468845367432 104
1738771373355 0.8705078363418579 105
1738771373356 0.8672265410423279 106
1738771373357 0.8676562309265137 107
1738771373358 0.8683202862739563 108
1738771373360 0.8635547161102295 109
1738771373361 0.8678515553474426 110
1738771373362 0.8690624833106995 111
1738771373363 0.8691796660423279 112
1738771373364 0.8674609661102295 113
1738771373365 0.8708593845367432 114
1738771373367 0.8669140338897705 115
1738771373368 0.8695703148841858 116
1738771373369 0.8658984303474426 117
1738771373370 0.867968738079071 118
1738771373372 0.8686718940734863 119
