1738386172912 1.666654109954834 0
1738386172913 1.203873634338379 1
1738386172915 1.0121774673461914 2
1738386172916 0.8747191429138184 3
1738386172917 0.7667520642280579 4
1738386172919 0.6814327836036682 5
1738386172920 0.6226404309272766 6
1738386172922 0.5665615797042847 7
1738386172923 0.5311756730079651 8
1738386172925 0.49489253759384155 9
1738386172926 0.47637835144996643 10
1738386172927 0.4459340274333954 11
1738386172929 0.4398817718029022 12
1738386172930 0.4219510555267334 13
1738386172931 0.4094194769859314 14
1738386172932 0.3902863562107086 15
1738386172933 0.3898450434207916 16
1738386172936 0.3688223958015442 17
1738386172938 0.36201199889183044 18
1738386172939 0.3518730401992798 19
1738386172940 0.33898258209228516 20
1738386172942 0.336538702249527 21
1738386172943 0.3295578062534332 22
1738386172944 0.329947292804718 23
1738386172945 0.32331421971321106 24
1738386172946 0.30998170375823975 25
1738386172948 0.31026068329811096 26
1738386172949 0.2909511625766754 27
1738386172950 0.288967102766037 28
1738386172952 0.289962500333786 29
1738386172953 0.27844467759132385 30
1738386172954 0.2887475788593292 31
1738386172955 0.2800620496273041 32
1738386172957 0.2663068175315857 33
1738386172958 0.2673895061016083 34
1738386172959 0.2595084607601166 35
1738386172961 0.2620892822742462 36
1738386172962 0.2530233860015869 37
1738386172963 0.2472577691078186 38
1738386172964 0.25302180647850037 39
1738386172965 0.2501777112483978 40
1738386172967 0.23636379837989807 41
1738386172968 0.23395121097564697 42
1738386172969 0.23814253509044647 43
1738386172970 0.24090366065502167 44
1738386172971 0.22494211792945862 45
1738386172973 0.22601571679115295 46
1738386172974 0.22270935773849487 47
1738386172975 0.22604279220104218 48
1738386172976 0.21530988812446594 49
1738386172977 0.21682600677013397 50
1738386172979 0.20893092453479767 51
1738386172980 0.21329288184642792 52
1738386172981 0.20407885313034058 53
1738386172982 0.21385353803634644 54
1738386172983 0.1918555647134781 55
1738386172985 0.20483094453811646 56
1738386172986 0.21100543439388275 57
1738386172987 0.19260922074317932 58
1738386172988 0.21250256896018982 59
1738386172989 0.19884690642356873 60
1738386172990 0.1942618042230606 61
1738386172992 0.19931882619857788 62
1738386172993 0.19290462136268616 63
1738386172994 0.1910739690065384 64
1738386172995 0.1798447221517563 65
1738386172996 0.1886419802904129 66
1738386172997 0.18956007063388824 67
1738386172999 0.17696401476860046 68
1738386173000 0.17378970980644226 69
1738386173001 0.18777252733707428 70
1738386173002 0.18761013448238373 71
1738386173003 0.18115322291851044 72
1738386173004 0.1722092628479004 73
1738386173006 0.1862538903951645 74
1738386173007 0.17332978546619415 75
1738386173008 0.16935493052005768 76
1738386173009 0.1741342544555664 77
