1738386172912 0.3571484386920929 0
1738386172913 0.5335937738418579 1
1738386172915 0.6316015720367432 2
1738386172916 0.6938672065734863 3
1738386172917 0.7387499809265137 4
1738386172919 0.7775781154632568 5
1738386172920 0.7969531416893005 6
1738386172922 0.8168749809265137 7
1738386172923 0.8324218988418579 8
1738386172925 0.8444921970367432 9
1738386172926 0.8518359661102295 10
1738386172927 0.8595312237739563 11
1738386172929 0.8656250238418579 12
1738386172930 0.8680468797683716 13
1738386172931 0.8760156035423279 14
1738386172932 0.8812109231948853 15
1738386172933 0.8832421898841858 16
1738386172936 0.8882421851158142 17
1738386172938 0.888476550579071 18
1738386172939 0.8916015625 19
1738386172940 0.8974609375 20
1738386172942 0.8989062309265137 21
1738386172943 0.9044530987739563 22
1738386172944 0.9037500023841858 23
1738386172945 0.9051952958106995 24
1738386172946 0.9097656011581421 25
1738386172948 0.9078515768051147 26
1738386172949 0.9140234589576721 27
1738386172950 0.9140234589576721 28
1738386172952 0.9129687547683716 29
1738386172953 0.9181249737739563 30
1738386172954 0.9149609208106995 31
1738386172955 0.9186718463897705 32
1738386172957 0.9224609136581421 33
1738386172958 0.9205077886581421 34
1738386172959 0.9253125190734863 35
1738386172961 0.9225000143051147 36
1738386172962 0.9258984327316284 37
1738386172963 0.9276953339576721 38
1738386172964 0.9275781512260437 39
1738386172965 0.9273828268051147 40
1738386172967 0.9306640625 41
1738386172968 0.9323437213897705 42
1738386172969 0.931640625 43
1738386172970 0.9314062595367432 44
1738386172971 0.9335156083106995 45
1738386172973 0.9355859160423279 46
1738386172974 0.9356250166893005 47
1738386172975 0.9350781440734863 48
1738386172976 0.9391796588897705 49
1738386172977 0.935351550579071 50
1738386172979 0.9394140839576721 51
1738386172980 0.9383593797683716 52
1738386172981 0.9417968988418579 53
1738386172982 0.9392187595367432 54
1738386172983 0.9437890648841858 55
1738386172985 0.9417577981948853 56
1738386172986 0.9422656297683716 57
1738386172987 0.9437500238418579 58
1738386172988 0.9413672089576721 59
1738386172989 0.9448046684265137 60
1738386172990 0.9449609518051147 61
1738386172992 0.9444531202316284 62
1738386172993 0.9450390338897705 63
1738386172994 0.9466015696525574 64
1738386172995 0.9490625262260437 65
1738386172996 0.9463281035423279 66
1738386172997 0.9461718797683716 67
1738386172999 0.9510546922683716 68
1738386173000 0.9499218463897705 69
1738386173001 0.9464452862739563 70
1738386173002 0.9475781321525574 71
1738386173003 0.9505468606948853 72
1738386173004 0.951171875 73
1738386173006 0.948437511920929 74
1738386173007 0.9520702958106995 75
1738386173008 0.9508984088897705 76
1738386173009 0.9505468606948853 77
