1738261047065 0.5398046970367432 0
1738261047067 0.744335949420929 1
1738261047068 0.7988671660423279 2
1738261047069 0.8260546922683716 3
1738261047071 0.8354296684265137 4
1738261047072 0.8465625047683716 5
1738261047073 0.8542187213897705 6
1738261047074 0.8565624952316284 7
1738261047075 0.8617187738418579 8
1738261047077 0.8626953363418579 9
1738261047078 0.8691015839576721 10
1738261047079 0.8685937523841858 11
1738261047081 0.8721874952316284 12
1738261047082 0.8759765625 13
1738261047083 0.876757800579071 14
1738261047086 0.8785156011581421 15
1738261047088 0.8809375166893005 16
1738261047089 0.8797265887260437 17
1738261047090 0.8822265863418579 18
1738261047091 0.8840625286102295 19
1738261047093 0.8832031488418579 20
1738261047094 0.8880859613418579 21
1738261047095 0.8832812309265137 22
1738261047096 0.8876953125 23
1738261047097 0.8894140720367432 24
1738261047098 0.8905078172683716 25
1738261047099 0.8883984088897705 26
1738261047101 0.897656261920929 27
1738261047103 0.8967578411102295 28
1738261047104 0.8972265720367432 29
1738261047106 0.9015234112739563 30
1738261047108 0.9011328220367432 31
1738261047110 0.9055078029632568 32
1738261047112 0.9055469036102295 33
1738261047114 0.9071875214576721 34
