1738261047065 1.3412965536117554 0
1738261047067 0.7297337055206299 1
1738261047068 0.5828332901000977 2
1738261047069 0.5065650343894958 3
1738261047071 0.4763251841068268 4
1738261047072 0.44421494007110596 5
1738261047073 0.4203849732875824 6
1738261047074 0.41393911838531494 7
1738261047075 0.39851120114326477 8
1738261047077 0.3872166574001312 9
1738261047078 0.3720007836818695 10
1738261047079 0.372153639793396 11
1738261047081 0.3622450530529022 12
1738261047082 0.3564069867134094 13
1738261047083 0.34997832775115967 14
1738261047086 0.34461650252342224 15
1738261047088 0.33952170610427856 16
1738261047089 0.3433181345462799 17
1738261047090 0.33022603392601013 18
1738261047091 0.32697054743766785 19
1738261047093 0.3309192359447479 20
1738261047094 0.3222454786300659 21
1738261047095 0.3251234292984009 22
1738261047096 0.3181137144565582 23
1738261047097 0.31441357731819153 24
1738261047098 0.31004542112350464 25
1738261047099 0.3146412968635559 26
1738261047101 0.3026646375656128 27
1738261047103 0.2986724078655243 28
1738261047104 0.3021952509880066 29
1738261047106 0.2971782982349396 30
1738261047108 0.29243192076683044 31
1738261047110 0.28063222765922546 32
1738261047112 0.28658705949783325 33
1738261047114 0.27660611271858215 34
