1738770853872 1.6346831321716309 0
1738770853875 1.4257087707519531 1
1738770853876 1.3659149408340454 2
1738770853878 1.3278406858444214 3
1738770853879 1.314424991607666 4
1738770853880 1.2946674823760986 5
1738770853882 1.274880290031433 6
1738770853885 1.2579197883605957 7
1738770853887 1.2593064308166504 8
1738770853889 1.2452815771102905 9
1738770853891 1.2384228706359863 10
1738770853893 1.2250628471374512 11
1738770853895 1.2216721773147583 12
1738770853898 1.214127540588379 13
1738770853900 1.206233263015747 14
1738770853901 1.20863676071167 15
1738770853902 1.1934990882873535 16
1738770853904 1.1947355270385742 17
1738770853905 1.1880439519882202 18
1738770853906 1.1897764205932617 19
1738770853908 1.1836841106414795 20
1738770853909 1.17960786819458 21
1738770853910 1.1834694147109985 22
1738770853912 1.1741691827774048 23
1738770853913 1.1721148490905762 24
1738770853914 1.155409574508667 25
1738770853916 1.1633771657943726 26
1738770853917 1.1628646850585938 27
1738770853918 1.1468144655227661 28
1738770853919 1.1473121643066406 29
1738770853920 1.150475025177002 30
1738770853921 1.139269471168518 31
1738770853923 1.1516671180725098 32
1738770853924 1.1488147974014282 33
1738770853925 1.1415616273880005 34
1738770853926 1.1396232843399048 35
1738770853928 1.136082410812378 36
1738770853929 1.1335127353668213 37
1738770853931 1.1404038667678833 38
1738770853932 1.1191596984863281 39
1738770853933 1.1271336078643799 40
1738770853934 1.1306442022323608 41
1738770853935 1.1168372631072998 42
1738770853937 1.117709994316101 43
1738770853938 1.1215062141418457 44
1738770853939 1.123140811920166 45
1738770853940 1.1338045597076416 46
1738770853942 1.115688681602478 47
1738770853943 1.1239631175994873 48
1738770853944 1.133203387260437 49
1738770853945 1.1164957284927368 50
1738770853946 1.121028184890747 51
1738770853947 1.1098419427871704 52
1738770853949 1.11630117893219 53
1738770853950 1.1061336994171143 54
1738770853951 1.1052963733673096 55
1738770853952 1.1059359312057495 56
1738770853953 1.1083906888961792 57
1738770853954 1.113448977470398 58
1738770853956 1.1057894229888916 59
1738770853957 1.1097536087036133 60
1738770853958 1.1032540798187256 61
1738770853959 1.1088359355926514 62
1738770853960 1.103187918663025 63
1738770853962 1.1012792587280273 64
1738770853963 1.097947359085083 65
1738770853964 1.0961037874221802 66
1738770853965 1.098983883857727 67
1738770853967 1.1065043210983276 68
1738770853968 1.086402177810669 69
1738770853969 1.0836098194122314 70
1738770853970 1.0908756256103516 71
1738770853971 1.0916005373001099 72
1738770853973 1.100435733795166 73
1738770853974 1.100172519683838 74
1738770853975 1.1034127473831177 75
1738770853976 1.0859700441360474 76
1738770853977 1.0980278253555298 77
1738770853979 1.0829063653945923 78
1738770853980 1.0910594463348389 79
1738770853981 1.0860447883605957 80
1738770853982 1.092016339302063 81
1738770853983 1.0839505195617676 82
1738770853984 1.0994906425476074 83
1738770853985 1.0843052864074707 84
1738770853987 1.090123176574707 85
1738770853988 1.0922054052352905 86
1738770853989 1.0862008333206177 87
1738770853990 1.0849846601486206 88
1738770853992 1.083115577697754 89
1738770853993 1.080031156539917 90
1738770853994 1.0888909101486206 91
1738770853995 1.081570029258728 92
1738770853996 1.0878102779388428 93
1738770853998 1.0846000909805298 94
1738770853999 1.0826759338378906 95
1738770854000 1.0821596384048462 96
1738770854002 1.0854613780975342 97
1738770854003 1.0829908847808838 98
1738770854004 1.086214542388916 99
1738770854005 1.0818166732788086 100
1738770854006 1.0744003057479858 101
1738770854008 1.0830928087234497 102
1738770854009 1.0935684442520142 103
1738770854010 1.076884150505066 104
1738770854011 1.077870488166809 105
1738770854012 1.082653522491455 106
1738770854013 1.073647379875183 107
1738770854015 1.0927597284317017 108
1738770854016 1.0847089290618896 109
1738770854017 1.0765482187271118 110
1738770854018 1.080207347869873 111
1738770854020 1.0790334939956665 112
1738770854021 1.0719523429870605 113
1738770854022 1.075162410736084 114
1738770854023 1.0742905139923096 115
1738770854024 1.0802923440933228 116
1738770854025 1.074649453163147 117
1738770854027 1.0749714374542236 118
1738770854028 1.0752460956573486 119
