1738770853872 0.3409374952316284 0
1738770853875 0.44105470180511475 1
1738770853876 0.4660937488079071 2
1738770853878 0.4827343821525574 3
1738770853879 0.49390625953674316 4
1738770853880 0.5069531202316284 5
1738770853882 0.5068359375 6
1738770853885 0.5217187404632568 7
1738770853887 0.5169140696525574 8
1738770853889 0.525390625 9
1738770853891 0.5255468487739563 10
1738770853893 0.5360156297683716 11
1738770853895 0.5319530963897705 12
1738770853898 0.5357031226158142 13
1738770853900 0.5387890338897705 14
1738770853901 0.5357031226158142 15
1738770853902 0.5508202910423279 16
1738770853904 0.5442187786102295 17
1738770853905 0.5466015338897705 18
1738770853906 0.5448437333106995 19
1738770853908 0.5504687428474426 20
1738770853909 0.5526562333106995 21
1738770853910 0.5490624904632568 22
1738770853912 0.5537890791893005 23
1738770853913 0.5487499833106995 24
1738770853914 0.5582422018051147 25
1738770853916 0.5572265386581421 26
1738770853917 0.5570312738418579 27
1738770853918 0.5630468726158142 28
1738770853919 0.5628125071525574 29
1738770853920 0.5587109327316284 30
1738770853921 0.5622265338897705 31
1738770853923 0.5633203387260437 32
1738770853924 0.5660937428474426 33
1738770853925 0.5641406178474426 34
1738770853926 0.5664452910423279 35
1738770853928 0.5659375190734863 36
1738770853929 0.5677734613418579 37
1738770853931 0.5687500238418579 38
1738770853932 0.5736328363418579 39
1738770853933 0.5717187523841858 40
1738770853934 0.5689062476158142 41
1738770853935 0.5703125 42
1738770853937 0.5783984661102295 43
1738770853938 0.5745702981948853 44
1738770853939 0.5711718797683716 45
1738770853940 0.5672656297683716 46
1738770853942 0.5716015696525574 47
1738770853943 0.5735937356948853 48
1738770853944 0.5698437690734863 49
1738770853945 0.5782421827316284 50
1738770853946 0.5788280963897705 51
1738770853947 0.5775781273841858 52
1738770853949 0.5758984088897705 53
1738770853950 0.5804687738418579 54
1738770853951 0.582812488079071 55
1738770853952 0.5819922089576721 56
1738770853953 0.580859363079071 57
1738770853954 0.5768359303474426 58
1738770853956 0.5830859541893005 59
1738770853957 0.5813671946525574 60
1738770853958 0.5819140672683716 61
1738770853959 0.5804687738418579 62
1738770853960 0.583984375 63
1738770853962 0.5835156440734863 64
1738770853963 0.5829687714576721 65
1738770853964 0.5839062333106995 66
1738770853965 0.5874609351158142 67
1738770853967 0.5786328315734863 68
1738770853968 0.5891015529632568 69
1738770853969 0.5930078029632568 70
1738770853970 0.592578113079071 71
1738770853971 0.5880078077316284 72
1738770853973 0.5842578411102295 73
1738770853974 0.5866015553474426 74
1738770853975 0.5821484327316284 75
1738770853976 0.5904296636581421 76
1738770853977 0.5823047161102295 77
1738770853979 0.5896093845367432 78
1738770853980 0.5864062309265137 79
1738770853981 0.5924999713897705 80
1738770853982 0.5854296684265137 81
1738770853983 0.5891796946525574 82
1738770853984 0.5787109136581421 83
1738770853985 0.5864843726158142 84
1738770853987 0.5858203172683716 85
1738770853988 0.5860937237739563 86
1738770853989 0.5906640887260437 87
1738770853990 0.5932031273841858 88
1738770853992 0.5903515815734863 89
1738770853993 0.5946093797683716 90
1738770853994 0.5907421708106995 91
1738770853995 0.5924218893051147 92
1738770853996 0.5915625095367432 93
1738770853998 0.5884765386581421 94
1738770853999 0.5858203172683716 95
1738770854000 0.5973437428474426 96
1738770854002 0.5900781154632568 97
1738770854003 0.591015636920929 98
1738770854004 0.5848827958106995 99
1738770854005 0.5921093821525574 100
1738770854006 0.5953906178474426 101
1738770854008 0.5888281464576721 102
1738770854009 0.5882031321525574 103
1738770854010 0.5960546731948853 104
1738770854011 0.5912500023841858 105
1738770854012 0.591796875 106
1738770854013 0.596484363079071 107
1738770854015 0.5868359208106995 108
1738770854016 0.587890625 109
1738770854017 0.5888671875 110
1738770854018 0.5934374928474426 111
1738770854020 0.5905468463897705 112
1738770854021 0.5953515768051147 113
1738770854022 0.5950781106948853 114
1738770854023 0.5936718583106995 115
1738770854024 0.593554675579071 116
1738770854025 0.5952343940734863 117
1738770854027 0.5974218845367432 118
1738770854028 0.5956249833106995 119
