1738771774806 2.405303716659546 0
1738771774808 1.6514549255371094 1
1738771774809 1.4887754917144775 2
1738771774810 1.4281322956085205 3
1738771774812 1.3683192729949951 4
1738771774813 1.3280116319656372 5
1738771774815 1.2853708267211914 6
1738771774817 1.2903170585632324 7
1738771774820 1.2601226568222046 8
1738771774821 1.2438937425613403 9
1738771774822 1.2261958122253418 10
1738771774823 1.2126914262771606 11
1738771774825 1.2129710912704468 12
1738771774826 1.1906704902648926 13
1738771774827 1.2026031017303467 14
1738771774828 1.1828808784484863 15
1738771774829 1.1984678506851196 16
1738771774831 1.1798444986343384 17
1738771774832 1.1587485074996948 18
1738771774834 1.1693179607391357 19
1738771774836 1.1727752685546875 20
1738771774838 1.1518304347991943 21
1738771774840 1.1518210172653198 22
1738771774842 1.1519091129302979 23
1738771774843 1.1495163440704346 24
1738771774844 1.1551836729049683 25
1738771774845 1.155095100402832 26
1738771774847 1.13552987575531 27
1738771774848 1.1483407020568848 28
1738771774849 1.1268001794815063 29
1738771774851 1.1411606073379517 30
1738771774852 1.132353663444519 31
1738771774854 1.1209217309951782 32
1738771774855 1.130129098892212 33
1738771774856 1.1315706968307495 34
1738771774858 1.1435527801513672 35
1738771774859 1.1228108406066895 36
1738771774860 1.1621474027633667 37
1738771774861 1.1321865320205688 38
1738771774863 1.1289703845977783 39
1738771774864 1.139933705329895 40
1738771774865 1.1239476203918457 41
1738771774866 1.1326675415039062 42
1738771774868 1.1349706649780273 43
1738771774869 1.1150742769241333 44
1738771774870 1.121255874633789 45
1738771774871 1.1160494089126587 46
1738771774872 1.1379611492156982 47
1738771774874 1.1078053712844849 48
1738771774875 1.1341520547866821 49
1738771774876 1.1360554695129395 50
1738771774877 1.134057879447937 51
1738771774879 1.124057650566101 52
1738771774881 1.1137889623641968 53
1738771774882 1.1086958646774292 54
1738771774884 1.112116813659668 55
1738771774885 1.1244981288909912 56
1738771774886 1.1155924797058105 57
1738771774887 1.096530795097351 58
1738771774888 1.1176283359527588 59
1738771774889 1.1071594953536987 60
1738771774891 1.117439866065979 61
1738771774892 1.1205161809921265 62
1738771774893 1.1244374513626099 63
1738771774894 1.1086597442626953 64
1738771774895 1.094267725944519 65
1738771774897 1.1032413244247437 66
1738771774898 1.1100696325302124 67
1738771774899 1.099410891532898 68
1738771774900 1.1188979148864746 69
1738771774901 1.108699083328247 70
1738771774902 1.1102972030639648 71
1738771774904 1.1113332509994507 72
1738771774905 1.121926188468933 73
1738771774906 1.0944874286651611 74
1738771774907 1.0927520990371704 75
1738771774908 1.1148470640182495 76
1738771774909 1.097714900970459 77
1738771774911 1.1020628213882446 78
1738771774912 1.1014186143875122 79
1738771774913 1.1030277013778687 80
1738771774914 1.0968506336212158 81
1738771774915 1.0980427265167236 82
1738771774916 1.1101783514022827 83
1738771774917 1.1013766527175903 84
1738771774919 1.1038261651992798 85
1738771774920 1.1051405668258667 86
1738771774921 1.0943737030029297 87
1738771774922 1.106716275215149 88
1738771774923 1.1099721193313599 89
1738771774925 1.102145791053772 90
1738771774926 1.087692141532898 91
1738771774927 1.1144551038742065 92
1738771774928 1.0976663827896118 93
1738771774929 1.0966932773590088 94
1738771774930 1.0901081562042236 95
1738771774932 1.1035187244415283 96
1738771774933 1.099571704864502 97
1738771774934 1.1023032665252686 98
1738771774935 1.0988926887512207 99
1738771774936 1.1078412532806396 100
1738771774938 1.1057230234146118 101
1738771774939 1.0996086597442627 102
1738771774940 1.0998684167861938 103
1738771774941 1.0959504842758179 104
1738771774942 1.0942858457565308 105
1738771774943 1.0899474620819092 106
1738771774945 1.1005134582519531 107
1738771774946 1.095560908317566 108
1738771774947 1.1011043787002563 109
1738771774948 1.0901758670806885 110
1738771774949 1.1136037111282349 111
1738771774950 1.09801185131073 112
1738771774952 1.1020689010620117 113
1738771774953 1.0970865488052368 114
1738771774954 1.1046684980392456 115
1738771774955 1.0867010354995728 116
1738771774956 1.1012920141220093 117
1738771774957 1.0999023914337158 118
1738771774959 1.1003029346466064 119
