1738771774806 0.4927734434604645 0
1738771774808 0.5655468702316284 1
1738771774809 0.5898047089576721 2
1738771774810 0.592968761920929 3
1738771774812 0.6100000143051147 4
1738771774813 0.6220312714576721 5
1738771774815 0.6327734589576721 6
1738771774817 0.6379687786102295 7
1738771774820 0.6485546827316284 8
1738771774821 0.6533203125 9
1738771774822 0.6630468964576721 10
1738771774823 0.6666406393051147 11
1738771774825 0.6695312261581421 12
1738771774826 0.678906261920929 13
1738771774827 0.6730859279632568 14
1738771774828 0.6757031083106995 15
1738771774829 0.6788671612739563 16
1738771774831 0.689453125 17
1738771774832 0.6924999952316284 18
1738771774834 0.6921484470367432 19
1738771774836 0.6873437762260437 20
1738771774838 0.699023425579071 21
1738771774840 0.7014453411102295 22
1738771774842 0.695507824420929 23
1738771774843 0.6983984112739563 24
1738771774844 0.6965234279632568 25
1738771774845 0.6979687213897705 26
1738771774847 0.6991406083106995 27
1738771774848 0.6993359327316284 28
1738771774849 0.7074609398841858 29
1738771774851 0.7027734518051147 30
1738771774852 0.7054687738418579 31
1738771774854 0.7089453339576721 32
1738771774855 0.709765613079071 33
1738771774856 0.704882800579071 34
1738771774858 0.7019140720367432 35
1738771774859 0.7095312476158142 36
1738771774860 0.7003124952316284 37
1738771774861 0.7095312476158142 38
1738771774863 0.7088281512260437 39
1738771774864 0.7069531083106995 40
1738771774865 0.7058203220367432 41
1738771774866 0.7058984637260437 42
1738771774868 0.7071484327316284 43
1738771774869 0.7120702862739563 44
1738771774870 0.7116405963897705 45
1738771774871 0.7138671875 46
1738771774872 0.7092187404632568 47
1738771774874 0.7177343964576721 48
1738771774875 0.7114062309265137 49
1738771774876 0.7077343463897705 50
1738771774877 0.7086718678474426 51
1738771774879 0.7149218916893005 52
1738771774881 0.7152734398841858 53
1738771774882 0.7139843702316284 54
1738771774884 0.7189843654632568 55
1738771774885 0.7153124809265137 56
1738771774886 0.7171484231948853 57
1738771774887 0.7219921946525574 58
1738771774888 0.7183203101158142 59
1738771774889 0.7166796922683716 60
1738771774891 0.7162109613418579 61
1738771774892 0.7142578363418579 62
1738771774893 0.7134374976158142 63
1738771774894 0.7221093773841858 64
1738771774895 0.722851574420929 65
1738771774897 0.721484363079071 66
1738771774898 0.7196093797683716 67
1738771774899 0.7228906154632568 68
1738771774900 0.7200000286102295 69
1738771774901 0.7218359112739563 70
1738771774902 0.7241796851158142 71
1738771774904 0.716796875 72
1738771774905 0.7207812666893005 73
1738771774906 0.723437488079071 74
1738771774907 0.7267968654632568 75
1738771774908 0.7209765911102295 76
1738771774909 0.72265625 77
1738771774911 0.7222265601158142 78
1738771774912 0.720898449420929 79
1738771774913 0.7208593487739563 80
1738771774914 0.72265625 81
1738771774915 0.7248437404632568 82
1738771774916 0.7221093773841858 83
1738771774917 0.7251172065734863 84
1738771774919 0.7230077981948853 85
1738771774920 0.7216015458106995 86
1738771774921 0.7223827838897705 87
1738771774922 0.7223047018051147 88
1738771774923 0.7206640839576721 89
1738771774925 0.7192968726158142 90
1738771774926 0.7253124713897705 91
1738771774927 0.7176172137260437 92
1738771774928 0.7233203053474426 93
1738771774929 0.7247265577316284 94
1738771774930 0.7276952862739563 95
1738771774932 0.7239453196525574 96
1738771774933 0.720898449420929 97
1738771774934 0.7272655963897705 98
1738771774935 0.7266015410423279 99
1738771774936 0.7187109589576721 100
1738771774938 0.7216796875 101
1738771774939 0.7290624976158142 102
1738771774940 0.7257031202316284 103
1738771774941 0.7229687571525574 104
1738771774942 0.7245312333106995 105
1738771774943 0.7277734279632568 106
1738771774945 0.7248437404632568 107
1738771774946 0.7212890386581421 108
1738771774947 0.725390613079071 109
1738771774948 0.7282031178474426 110
1738771774949 0.7230468988418579 111
1738771774950 0.7236328125 112
1738771774952 0.7241015434265137 113
1738771774953 0.7240625023841858 114
1738771774954 0.7235546708106995 115
1738771774955 0.7265234589576721 116
1738771774956 0.7251952886581421 117
1738771774957 0.7245703339576721 118
1738771774959 0.7237499952316284 119
