1738711191075 1.8947381973266602 0
1738711191076 1.5447757244110107 1
1738711191078 1.4158357381820679 2
1738711191079 1.3003201484680176 3
1738711191080 1.2252628803253174 4
1738711191081 1.1490164995193481 5
1738711191083 1.083194375038147 6
1738711191084 1.0091837644577026 7
1738711191086 0.9782575964927673 8
1738711191087 0.9330539703369141 9
1738711191089 0.8983386158943176 10
1738711191090 0.8723291158676147 11
1738711191091 0.8394734859466553 12
1738711191092 0.8197697401046753 13
1738711191093 0.7922232747077942 14
1738711191094 0.7793722748756409 15
1738711191096 0.7551561594009399 16
1738711191097 0.748484194278717 17
1738711191098 0.7373509407043457 18
1738711191099 0.7016350626945496 19
1738711191101 0.7023399472236633 20
1738711191102 0.6918200850486755 21
1738711191104 0.6776877641677856 22
1738711191105 0.6560401320457458 23
1738711191106 0.6673124432563782 24
1738711191107 0.6472084522247314 25
1738711191108 0.6395028233528137 26
1738711191109 0.6401044726371765 27
1738711191111 0.6127498745918274 28
1738711191112 0.6141851544380188 29
1738711191113 0.6140540242195129 30
1738711191114 0.5888577103614807 31
1738711191115 0.5970998406410217 32
1738711191116 0.5942837595939636 33
1738711191118 0.5786520838737488 34
1738711191119 0.5621829628944397 35
1738711191120 0.5573367476463318 36
1738711191121 0.554082453250885 37
1738711191123 0.5577552914619446 38
1738711191124 0.5618377923965454 39
1738711191125 0.520261824131012 40
1738711191126 0.52625572681427 41
1738711191127 0.5269013047218323 42
1738711191128 0.5213963389396667 43
1738711191129 0.5231965184211731 44
1738711191131 0.512544572353363 45
1738711191132 0.5118306875228882 46
1738711191133 0.5114365220069885 47
1738711191135 0.499968945980072 48
1738711191136 0.49871596693992615 49
1738711191137 0.4891006350517273 50
1738711191138 0.48652762174606323 51
1738711191139 0.48310932517051697 52
1738711191140 0.48383578658103943 53
1738711191142 0.47109711170196533 54
1738711191143 0.47230327129364014 55
1738711191144 0.46902474761009216 56
1738711191145 0.47318387031555176 57
1738711191146 0.4632246792316437 58
1738711191147 0.4556228518486023 59
1738711191148 0.45292338728904724 60
1738711191150 0.46167686581611633 61
1738711191151 0.4567544162273407 62
1738711191152 0.45417729020118713 63
1738711191153 0.44793936610221863 64
1738711191154 0.4524591565132141 65
1738711191155 0.4334264397621155 66
1738711191156 0.43132874369621277 67
1738711191158 0.43061363697052 68
1738711191159 0.4280039072036743 69
1738711191160 0.4218354821205139 70
1738711191161 0.4281664192676544 71
1738711191162 0.41747963428497314 72
1738711191163 0.4268991947174072 73
1738711191164 0.4214284420013428 74
1738711191165 0.4110508859157562 75
1738711191167 0.41763123869895935 76
1738711191168 0.40831896662712097 77
1738711191169 0.41037726402282715 78
1738711191170 0.4057208001613617 79
1738711191171 0.4054386019706726 80
1738711191172 0.4158361852169037 81
1738711191174 0.40740662813186646 82
1738711191175 0.4009890854358673 83
