1738711191075 0.25984373688697815 0
1738711191076 0.3673437535762787 1
1738711191078 0.43628907203674316 2
1738711191079 0.4947265684604645 3
1738711191080 0.5338281393051147 4
1738711191081 0.567187488079071 5
1738711191083 0.6001562476158142 6
1738711191084 0.6366797089576721 7
1738711191086 0.653124988079071 8
1738711191087 0.6726171970367432 9
1738711191089 0.6923437714576721 10
1738711191090 0.7001562714576721 11
1738711191091 0.7149609327316284 12
1738711191092 0.7244921922683716 13
1738711191093 0.7362499833106995 14
1738711191094 0.7443749904632568 15
1738711191096 0.7517187595367432 16
1738711191097 0.7559765577316284 17
1738711191098 0.7590234279632568 18
1738711191099 0.7718359231948853 19
1738711191101 0.7778906226158142 20
1738711191102 0.7785546779632568 21
1738711191104 0.785937488079071 22
1738711191105 0.7916406393051147 23
1738711191106 0.7907812595367432 24
1738711191107 0.7939453125 25
1738711191108 0.7992578148841858 26
1738711191109 0.8008984327316284 27
1738711191111 0.8084375262260437 28
1738711191112 0.808789074420929 29
1738711191113 0.809374988079071 30
1738711191114 0.8168359398841858 31
1738711191115 0.816601574420929 32
1738711191116 0.8146093487739563 33
1738711191118 0.823046863079071 34
1738711191119 0.825390636920929 35
1738711191120 0.8287500143051147 36
1738711191121 0.8309765458106995 37
1738711191123 0.8312109112739563 38
1738711191124 0.8301171660423279 39
1738711191125 0.8392578363418579 40
1738711191126 0.8459374904632568 41
1738711191127 0.8403515815734863 42
1738711191128 0.8479687571525574 43
1738711191129 0.8457812666893005 44
1738711191131 0.8461718559265137 45
1738711191132 0.8470703363418579 46
1738711191133 0.8465234637260437 47
1738711191135 0.8483203053474426 48
1738711191136 0.8509765863418579 49
1738711191137 0.8545312285423279 50
1738711191138 0.8573437333106995 51
1738711191139 0.8516796827316284 52
1738711191140 0.8512499928474426 53
1738711191142 0.8607812523841858 54
1738711191143 0.8589453101158142 55
1738711191144 0.8606640696525574 56
1738711191145 0.8617187738418579 57
1738711191146 0.8631640672683716 58
1738711191147 0.8633202910423279 59
1738711191148 0.8639062643051147 60
1738711191150 0.8641015887260437 61
1738711191151 0.8668749928474426 62
1738711191152 0.8674218654632568 63
1738711191153 0.8679296970367432 64
1738711191154 0.8679296970367432 65
1738711191155 0.8730078339576721 66
1738711191156 0.8725390434265137 67
1738711191158 0.8747656345367432 68
1738711191159 0.8766015768051147 69
1738711191160 0.8750390410423279 70
1738711191161 0.8765624761581421 71
1738711191162 0.8778906464576721 72
1738711191163 0.87890625 73
1738711191164 0.8775781393051147 74
1738711191165 0.8824999928474426 75
1738711191167 0.8804687261581421 76
1738711191168 0.8807421922683716 77
1738711191169 0.882031261920929 78
1738711191170 0.8821094036102295 79
1738711191171 0.8827734589576721 80
1738711191172 0.8803515434265137 81
1738711191174 0.8838672041893005 82
1738711191175 0.8864843845367432 83
