1738292382903 28.62698745727539 0
1738292382905 9.6765775680542 1
1738292382906 4.203658580780029 2
1738292382907 3.3867833614349365 3
1738292382908 3.201375722885132 4
1738292382910 3.1501548290252686 5
1738292382911 3.0058200359344482 6
1738292382913 2.9209961891174316 7
1738292382915 2.87735652923584 8
1738292382916 2.7541329860687256 9
1738292382918 2.555410385131836 10
1738292382919 2.669663667678833 11
1738292382920 2.553964138031006 12
1738292382921 2.353192090988159 13
1738292382923 2.417337417602539 14
1738292382924 2.38729190826416 15
1738292382926 2.279792547225952 16
1738292382927 2.17472243309021 17
1738292382929 2.200880289077759 18
1738292382930 2.049762010574341 19
1738292382932 2.08495831489563 20
1738292382933 1.8925739526748657 21
1738292382934 1.9106056690216064 22
1738292382935 1.843860149383545 23
1738292382936 1.724137544631958 24
1738292382939 1.6452608108520508 25
1738292382940 1.6694165468215942 26
1738292382941 1.6382638216018677 27
1738292382943 1.6187018156051636 28
1738292382944 1.553084373474121 29
1738292382945 1.5997681617736816 30
1738292382947 1.546178936958313 31
1738292382948 1.5179553031921387 32
1738292382949 1.4598904848098755 33
1738292382950 1.4685627222061157 34
1738292382951 1.4206461906433105 35
1738292382953 1.4197932481765747 36
1738292382954 1.4256129264831543 37
1738292382955 1.4336165189743042 38
1738292382956 1.3805556297302246 39
1738292382957 1.3856996297836304 40
1738292382959 1.449873447418213 41
1738292382960 1.3519766330718994 42
1738292382961 1.3730647563934326 43
1738292382963 1.3723875284194946 44
1738292382964 1.3312491178512573 45
1738292382965 1.3110864162445068 46
1738292382966 1.3593847751617432 47
1738292382967 1.3312689065933228 48
1738292382968 1.2725235223770142 49
1738292382970 1.3112883567810059 50
1738292382971 1.265203833580017 51
1738292382972 1.2425146102905273 52
1738292382973 1.2458769083023071 53
1738292382974 1.2706197500228882 54
1738292382975 1.226645827293396 55
