1738292382903 0.39515626430511475 0
1738292382905 0.6040624976158142 1
1738292382906 0.6625390648841858 2
1738292382907 0.6908203363418579 3
1738292382908 0.7174218893051147 4
1738292382910 0.7276952862739563 5
1738292382911 0.7389843463897705 6
1738292382913 0.7433984279632568 7
1738292382915 0.7542187571525574 8
1738292382916 0.7606640458106995 9
1738292382918 0.7686718702316284 10
1738292382919 0.7673046588897705 11
1738292382920 0.7745312452316284 12
1738292382921 0.7823047041893005 13
1738292382923 0.776171863079071 14
1738292382924 0.7817578315734863 15
1738292382926 0.782031238079071 16
1738292382927 0.787304699420929 17
1738292382929 0.7845312356948853 18
1738292382930 0.791796863079071 19
1738292382932 0.7927343845367432 20
1738292382933 0.7962109446525574 21
1738292382934 0.7946875095367432 22
1738292382935 0.7958202958106995 23
1738292382936 0.8010937571525574 24
1738292382939 0.8016406297683716 25
1738292382940 0.8031640648841858 26
1738292382941 0.8020703196525574 27
1738292382943 0.8032422065734863 28
1738292382944 0.8028125166893005 29
1738292382945 0.7996484637260437 30
1738292382947 0.8044140338897705 31
1738292382948 0.8049609661102295 32
1738292382949 0.8116796612739563 33
1738292382950 0.8059765696525574 34
1738292382951 0.8100000023841858 35
1738292382953 0.8080468773841858 36
1738292382954 0.8067578077316284 37
1738292382955 0.8079296946525574 38
1738292382956 0.8130859136581421 39
1738292382957 0.8122656345367432 40
1738292382959 0.8070703148841858 41
1738292382960 0.8145312666893005 42
1738292382961 0.8092578053474426 43
1738292382963 0.8072656393051147 44
1738292382964 0.8172656297683716 45
1738292382965 0.8157812356948853 46
1738292382966 0.8101171851158142 47
1738292382967 0.8095703125 48
1738292382968 0.8168359398841858 49
1738292382970 0.8088281154632568 50
1738292382971 0.8152734637260437 51
1738292382972 0.8133203387260437 52
1738292382973 0.8153906464576721 53
1738292382974 0.8128906488418579 54
1738292382975 0.814453125 55
