1739064875237 1.215863823890686 0
1739064875238 0.9515737891197205 1
1739064875240 0.8437440991401672 2
1739064875241 0.7854121923446655 3
1739064875242 0.7418199181556702 4
1739064875244 0.7229472398757935 5
1739064875246 0.6841831803321838 6
1739064875248 0.6713523864746094 7
1739064875249 0.66159987449646 8
1739064875250 0.6486631035804749 9
1739064875251 0.6256188154220581 10
1739064875252 0.6249130368232727 11
1739064875254 0.6110894680023193 12
1739064875255 0.6052267551422119 13
1739064875256 0.6096296906471252 14
1739064875258 0.591464102268219 15
1739064875259 0.5853260159492493 16
1739064875260 0.575822651386261 17
1739064875262 0.581990659236908 18
1739064875264 0.570075273513794 19
1739064875266 0.5677315592765808 20
1739064875267 0.5670021176338196 21
1739064875269 0.5610070824623108 22
1739064875271 0.5535575151443481 23
1739064875273 0.5428164005279541 24
1739064875274 0.5527754426002502 25
1739064875275 0.5354877710342407 26
1739064875276 0.5397340655326843 27
1739064875278 0.5398989319801331 28
1739064875279 0.5273586511611938 29
1739064875281 0.5375776886940002 30
1739064875283 0.518028974533081 31
1739064875285 0.5251052379608154 32
1739064875287 0.5154654383659363 33
1739064875288 0.5174354314804077 34
1739064875289 0.5178692936897278 35
1739064875290 0.5109328627586365 36
1739064875291 0.5156837701797485 37
1739064875293 0.5081462860107422 38
1739064875294 0.5077553391456604 39
1739064875295 0.5036805272102356 40
1739064875296 0.5084898471832275 41
1739064875297 0.4889402687549591 42
1739064875298 0.4993458688259125 43
1739064875299 0.49483028054237366 44
1739064875301 0.47877296805381775 45
1739064875302 0.4875824451446533 46
1739064875303 0.49207690358161926 47
1739064875304 0.4908316135406494 48
1739064875305 0.4903028905391693 49
1739064875307 0.4718852639198303 50
1739064875309 0.4727383553981781 51
1739064875310 0.46278542280197144 52
1739064875311 0.48198848962783813 53
1739064875312 0.4757765531539917 54
1739064875314 0.46833035349845886 55
1739064875315 0.4768759608268738 56
1739064875316 0.47330912947654724 57
1739064875317 0.4663253724575043 58
1739064875319 0.47820648550987244 59
1739064875320 0.46839073300361633 60
1739064875322 0.4646165072917938 61
1739064875323 0.4621250033378601 62
1739064875324 0.4610956311225891 63
1739064875325 0.46154242753982544 64
1739064875326 0.46663597226142883 65
1739064875327 0.45123738050460815 66
1739064875329 0.45531147718429565 67
1739064875330 0.4531809091567993 68
1739064875331 0.453675776720047 69
1739064875332 0.4595104157924652 70
1739064875333 0.45553845167160034 71
1739064875334 0.45688578486442566 72
1739064875336 0.4471540153026581 73
1739064875337 0.4527168571949005 74
1739064875338 0.4456803798675537 75
1739064875339 0.4462299644947052 76
1739064875340 0.44510531425476074 77
1739064875341 0.4389305114746094 78
1739064875342 0.4390343129634857 79
1739064875343 0.4354734420776367 80
1739064875344 0.44670721888542175 81
1739064875346 0.4413791596889496 82
1739064875347 0.4324188232421875 83
1739064875349 0.4419019818305969 84
1739064875350 0.4252873659133911 85
1739064875351 0.44656047224998474 86
1739064875352 0.44128143787384033 87
1739064875353 0.43617674708366394 88
1739064875354 0.4321894347667694 89
1739064875356 0.44059914350509644 90
1739064875357 0.44248244166374207 91
1739064875358 0.4322129189968109 92
1739064875359 0.4340202212333679 93
1739064875360 0.4272008240222931 94
1739064875362 0.4301467835903168 95
1739064875363 0.432428777217865 96
1739064875365 0.42416447401046753 97
1739064875367 0.42404162883758545 98
1739064875368 0.41512447595596313 99
1739064875370 0.4347211718559265 100
1739064875371 0.4236643612384796 101
1739064875372 0.42651981115341187 102
1739064875374 0.428218275308609 103
1739064875375 0.4109896421432495 104
1739064875376 0.43805649876594543 105
1739064875378 0.415954053401947 106
1739064875379 0.43118131160736084 107
1739064875380 0.4194357693195343 108
1739064875382 0.42139220237731934 109
1739064875383 0.41295623779296875 110
1739064875384 0.4257555902004242 111
1739064875386 0.4188232421875 112
1739064875387 0.41051995754241943 113
1739064875388 0.41241905093193054 114
1739064875389 0.41217419505119324 115
1739064875390 0.4262579679489136 116
1739064875391 0.42015841603279114 117
1739064875393 0.4152202308177948 118
1739064875394 0.4094163477420807 119
