1739064875237 0.5425390601158142 0
1739064875238 0.6607421636581421 1
1739064875240 0.7056249976158142 2
1739064875241 0.7291406393051147 3
1739064875242 0.7447656393051147 4
1739064875244 0.7517187595367432 5
1739064875246 0.7673046588897705 6
1739064875248 0.7727344036102295 7
1739064875249 0.7793359160423279 8
1739064875250 0.7809374928474426 9
1739064875251 0.7889062762260437 10
1739064875252 0.7916015386581421 11
1739064875254 0.7931249737739563 12
1739064875255 0.7970312237739563 13
1739064875256 0.7961719036102295 14
1739064875258 0.8010156154632568 15
1739064875259 0.8039844036102295 16
1739064875260 0.8069531321525574 17
1739064875262 0.8050000071525574 18
1739064875264 0.8092968463897705 19
1739064875266 0.811718761920929 20
1739064875267 0.8118359446525574 21
1739064875269 0.8151953220367432 22
1739064875271 0.8151953220367432 23
1739064875273 0.8196094036102295 24
1739064875274 0.8149609565734863 25
1739064875275 0.8216406106948853 26
1739064875276 0.8223046660423279 27
1739064875278 0.8187890648841858 28
1739064875279 0.8255859613418579 29
1739064875281 0.8216797113418579 30
1739064875283 0.8269922137260437 31
1739064875285 0.8243359327316284 32
1739064875287 0.8285546898841858 33
1739064875288 0.8287890553474426 34
1739064875289 0.8272656202316284 35
1739064875290 0.8309765458106995 36
1739064875291 0.829296886920929 37
1739064875293 0.8336718678474426 38
1739064875294 0.8305078148841858 39
1739064875295 0.8326562643051147 40
1739064875296 0.8311718702316284 41
1739064875297 0.8399999737739563 42
1739064875298 0.8364843726158142 43
1739064875299 0.8371484279632568 44
1739064875301 0.8422265648841858 45
1739064875302 0.8387890458106995 46
1739064875303 0.8382031321525574 47
1739064875304 0.837890625 48
1739064875305 0.8396875262260437 49
1739064875307 0.8461718559265137 50
1739064875309 0.8456640839576721 51
1739064875310 0.8480468988418579 52
1739064875311 0.8414453268051147 53
1739064875312 0.8426952958106995 54
1739064875314 0.8443750143051147 55
1739064875315 0.8425390720367432 56
1739064875316 0.8429296612739563 57
1739064875317 0.8448437452316284 58
1739064875319 0.845507800579071 59
1739064875320 0.8462109565734863 60
1739064875322 0.8469531536102295 61
1739064875323 0.8483984470367432 62
1739064875324 0.8479687571525574 63
1739064875325 0.8489453196525574 64
1739064875326 0.8472656011581421 65
1739064875327 0.8503124713897705 66
1739064875329 0.8504687547683716 67
1739064875330 0.851757824420929 68
1739064875331 0.851757824420929 69
1739064875332 0.8470312356948853 70
1739064875333 0.8510156273841858 71
1739064875334 0.8500390648841858 72
1739064875336 0.8521875143051147 73
1739064875337 0.8524609208106995 74
1739064875338 0.8530077934265137 75
1739064875339 0.8539062738418579 76
1739064875340 0.8531640768051147 77
1739064875341 0.8547265529632568 78
1739064875342 0.8548046946525574 79
1739064875343 0.8562109470367432 80
1739064875344 0.8539453148841858 81
1739064875346 0.8557031154632568 82
1739064875347 0.8610937595367432 83
1739064875349 0.854687511920929 84
1739064875350 0.8604687452316284 85
1739064875351 0.8551172018051147 86
1739064875352 0.8543750047683716 87
1739064875353 0.8563671708106995 88
1739064875354 0.8594140410423279 89
1739064875356 0.8573437333106995 90
1739064875357 0.8552343845367432 91
1739064875358 0.8581640720367432 92
1739064875359 0.8567187786102295 93
1739064875360 0.8612890839576721 94
1739064875362 0.8597265481948853 95
1739064875363 0.8570703268051147 96
1739064875365 0.8638671636581421 97
1739064875367 0.8599218726158142 98
1739064875368 0.863085925579071 99
1739064875370 0.8598828315734863 100
1739064875371 0.8627343773841858 101
1739064875372 0.8560937643051147 102
1739064875374 0.8595312237739563 103
1739064875375 0.8646875023841858 104
1739064875376 0.8562109470367432 105
1739064875378 0.8661327958106995 106
1739064875379 0.8575390577316284 107
1739064875380 0.8623046875 108
1739064875382 0.8616015911102295 109
1739064875383 0.863085925579071 110
1739064875384 0.8582812547683716 111
1739064875386 0.8624218702316284 112
1739064875387 0.8661718964576721 113
1739064875388 0.8657422065734863 114
1739064875389 0.8649218678474426 115
1739064875390 0.8597265481948853 116
1739064875391 0.8610546588897705 117
1739064875393 0.8660937547683716 118
1739064875394 0.8681640625 119
