1738160201067 4.185365676879883 0
1738160201069 3.5710361003875732 1
1738160201071 3.3285393714904785 2
1738160201072 3.225015878677368 3
1738160201074 3.089388370513916 4
1738160201076 2.9712865352630615 5
1738160201079 2.8627724647521973 6
1738160201080 2.768475294113159 7
1738160201082 2.662990093231201 8
1738160201083 2.560992479324341 9
1738160201085 2.4766416549682617 10
1738160201088 2.384382963180542 11
1738160201090 2.3127830028533936 12
1738160201092 2.2321579456329346 13
1738160201093 2.177025318145752 14
1738160201095 2.109025716781616 15
1738160201096 2.0633137226104736 16
1738160201098 1.992630124092102 17
1738160201100 1.939504861831665 18
1738160201102 1.9057204723358154 19
1738160201104 1.8402639627456665 20
1738160201107 1.7988135814666748 21
1738160201108 1.7485030889511108 22
1738160201110 1.7108317613601685 23
1738160201111 1.6566529273986816 24
1738160201112 1.619571328163147 25
1738160201113 1.5781419277191162 26
1738160201115 1.531651258468628 27
1738160201116 1.4983614683151245 28
1738160201117 1.4611355066299438 29
1738160201118 1.4253158569335938 30
1738160201119 1.391068696975708 31
1738160201121 1.3568779230117798 32
1738160201123 1.3285549879074097 33
1738160201126 1.2967729568481445 34
1738160201128 1.262272596359253 35
1738160201130 1.2314274311065674 36
1738160201132 1.1996787786483765 37
1738160201134 1.1839700937271118 38
1738160201135 1.1489840745925903 39
1738160201137 1.1291757822036743 40
1738160201140 1.0965896844863892 41
1738160201142 1.0806196928024292 42
1738160201143 1.04706609249115 43
1738160201145 1.0288795232772827 44
1738160201147 1.0176736116409302 45
1738160201149 0.9921655058860779 46
1738160201151 0.9699785113334656 47
1738160201153 0.943233847618103 48
1738160201156 0.9481144547462463 49
1738160201157 0.9209332466125488 50
1738160201159 0.894927978515625 51
1738160201161 0.8832529187202454 52
1738160201163 0.8757787942886353 53
1738160201165 0.8499957919120789 54
1738160201167 0.8421965837478638 55
1738160201168 0.8306081891059875 56
1738160201170 0.8095168471336365 57
1738160201172 0.8017424941062927 58
1738160201175 0.7823812961578369 59
1738160201176 0.777812123298645 60
1738160201178 0.7646037936210632 61
1738160201180 0.7516206502914429 62
1738160201182 0.738383948802948 63
1738160201184 0.7361764311790466 64
1738160201186 0.7265365719795227 65
1738160201187 0.7098135948181152 66
1738160201189 0.696999192237854 67
1738160201190 0.6985757350921631 68
1738160201192 0.6835079789161682 69
1738160201193 0.6775569319725037 70
1738160201194 0.6607030630111694 71
1738160201196 0.661449134349823 72
1738160201197 0.6490171551704407 73
1738160201198 0.6392382979393005 74
1738160201199 0.6371427178382874 75
1738160201200 0.6335203051567078 76
1738160201201 0.622488796710968 77
1738160201202 0.616425633430481 78
1738160201203 0.6086543798446655 79
1738160201205 0.6075896620750427 80
1738160201206 0.5909550189971924 81
1738160201207 0.587082028388977 82
1738160201208 0.5909464359283447 83
1738160201209 0.5731580257415771 84
1738160201210 0.567482590675354 85
