1738160201067 0.21535156667232513 0
1738160201069 0.2791406214237213 1
1738160201071 0.32515624165534973 2
1738160201072 0.35304686427116394 3
1738160201074 0.3960546851158142 4
1738160201076 0.42738282680511475 5
1738160201079 0.46683594584465027 6
1738160201080 0.49703124165534973 7
1738160201082 0.531445324420929 8
1738160201083 0.5596484541893005 9
1738160201085 0.5801953077316284 10
1738160201088 0.6096093654632568 11
1738160201090 0.6280468702316284 12
1738160201092 0.649609386920929 13
1738160201093 0.6625781059265137 14
1738160201095 0.6767578125 15
1738160201096 0.6889452934265137 16
1738160201098 0.7053124904632568 17
1738160201100 0.7169140577316284 18
1738160201102 0.7181640863418579 19
1738160201104 0.7295703291893005 20
1738160201107 0.7383202910423279 21
1738160201108 0.7469140887260437 22
1738160201110 0.7477343678474426 23
1738160201111 0.7610937356948853 24
1738160201112 0.7677343487739563 25
1738160201113 0.7689843773841858 26
1738160201115 0.7764843702316284 27
1738160201116 0.7799999713897705 28
1738160201117 0.785351574420929 29
1738160201118 0.7890234589576721 30
1738160201119 0.7936328053474426 31
1738160201121 0.7997656464576721 32
1738160201123 0.7993359565734863 33
1738160201126 0.8053905963897705 34
1738160201128 0.8065624833106995 35
1738160201130 0.8141015768051147 36
1738160201132 0.8158984184265137 37
1738160201134 0.8145312666893005 38
1738160201135 0.8179296851158142 39
1738160201137 0.8178125023841858 40
1738160201140 0.8229687213897705 41
1738160201142 0.8223437666893005 42
1738160201143 0.8274609446525574 43
1738160201145 0.8290234208106995 44
1738160201147 0.8262890577316284 45
1738160201149 0.8315234184265137 46
1738160201151 0.833984375 47
1738160201153 0.8387500047683716 48
1738160201156 0.8338671922683716 49
1738160201157 0.8380078077316284 50
1738160201159 0.841601550579071 51
1738160201161 0.8427734375 52
1738160201163 0.8403906226158142 53
1738160201165 0.8469140529632568 54
1738160201167 0.8455859422683716 55
1738160201168 0.8461718559265137 56
1738160201170 0.8513281345367432 57
1738160201172 0.8480077981948853 58
1738160201175 0.8485937714576721 59
1738160201176 0.8495703339576721 60
1738160201178 0.8515234589576721 61
1738160201180 0.8547656536102295 62
1738160201182 0.8556249737739563 63
1738160201184 0.8538671731948853 64
1738160201186 0.8544531464576721 65
1738160201187 0.8607422113418579 66
1738160201189 0.8604297041893005 67
1738160201190 0.8564062714576721 68
1738160201192 0.860156238079071 69
1738160201193 0.8600780963897705 70
1738160201194 0.864453136920929 71
1738160201196 0.8639843463897705 72
1738160201197 0.8630468845367432 73
1738160201198 0.8664844036102295 74
1738160201199 0.8677734136581421 75
1738160201200 0.8670703172683716 76
1738160201201 0.8687499761581421 77
1738160201202 0.8684765696525574 78
1738160201203 0.8701953291893005 79
1738160201205 0.8694140911102295 80
1738160201206 0.8735156059265137 81
1738160201207 0.8724609613418579 82
1738160201208 0.8721093535423279 83
1738160201209 0.8747656345367432 84
1738160201210 0.8760937452316284 85
