1738273470346 2.6763312816619873 0
1738273470348 2.0702972412109375 1
1738273470349 1.851629376411438 2
1738273470351 1.683390498161316 3
1738273470353 1.5717604160308838 4
1738273470354 1.4604086875915527 5
1738273470356 1.3656724691390991 6
1738273470358 1.2748852968215942 7
1738273470360 1.1918485164642334 8
1738273470362 1.1215661764144897 9
1738273470365 1.0610135793685913 10
1738273470366 1.0014938116073608 11
1738273470368 0.9447002410888672 12
1738273470369 0.8980963826179504 13
1738273470370 0.8569489121437073 14
1738273470372 0.822023332118988 15
1738273470373 0.7764361500740051 16
1738273470374 0.7627480030059814 17
1738273470375 0.7308149933815002 18
1738273470377 0.6997873187065125 19
1738273470379 0.6816965341567993 20
1738273470380 0.6576071977615356 21
1738273470382 0.643001914024353 22
1738273470383 0.6322469115257263 23
1738273470384 0.6064391136169434 24
1738273470385 0.5915518403053284 25
1738273470387 0.5827583074569702 26
1738273470388 0.5683701038360596 27
1738273470389 0.5557170510292053 28
1738273470390 0.5448739528656006 29
1738273470391 0.5366659164428711 30
1738273470392 0.5240461230278015 31
1738273470394 0.5197667479515076 32
1738273470395 0.5070929527282715 33
1738273470396 0.5124893188476562 34
1738273470397 0.502432107925415 35
1738273470398 0.4966004192829132 36
1738273470399 0.4766024351119995 37
1738273470401 0.47596675157546997 38
1738273470402 0.4705957770347595 39
1738273470403 0.4681628942489624 40
1738273470404 0.4601013660430908 41
1738273470405 0.45713263750076294 42
1738273470407 0.4495917856693268 43
1738273470408 0.4433669149875641 44
1738273470409 0.4437970221042633 45
1738273470410 0.44328540563583374 46
1738273470411 0.43626171350479126 47
1738273470412 0.4374161958694458 48
1738273470414 0.4243616461753845 49
1738273470415 0.4226665794849396 50
1738273470416 0.41689759492874146 51
1738273470417 0.41568195819854736 52
1738273470418 0.41139930486679077 53
1738273470419 0.4132482409477234 54
1738273470421 0.40866896510124207 55
1738273470422 0.40004122257232666 56
1738273470423 0.40748053789138794 57
1738273470424 0.39769354462623596 58
1738273470425 0.3958052396774292 59
