1738273470346 0.22566406428813934 0
1738273470348 0.3020312488079071 1
1738273470349 0.3503125011920929 2
1738273470351 0.3946875035762787 3
1738273470353 0.43101561069488525 4
1738273470354 0.46531251072883606 5
1738273470356 0.5054687261581421 6
1738273470358 0.540820300579071 7
1738273470360 0.5721874833106995 8
1738273470362 0.603515625 9
1738273470365 0.6171093583106995 10
1738273470366 0.6426562666893005 11
1738273470368 0.6677343845367432 12
1738273470369 0.6825000047683716 13
1738273470370 0.6980859637260437 14
1738273470372 0.7099999785423279 15
1738273470373 0.7261718511581421 16
1738273470374 0.7341406345367432 17
1738273470375 0.7481250166893005 18
1738273470377 0.7559765577316284 19
1738273470379 0.7633203268051147 20
1738273470380 0.7696093916893005 21
1738273470382 0.7773047089576721 22
1738273470383 0.7830859422683716 23
1738273470384 0.7892187237739563 24
1738273470385 0.7954687476158142 25
1738273470387 0.7998828291893005 26
1738273470388 0.8035937547683716 27
1738273470389 0.806640625 28
1738273470390 0.815234363079071 29
1738273470391 0.8151953220367432 30
1738273470392 0.8208984136581421 31
1738273470394 0.8221094012260437 32
1738273470395 0.8285156488418579 33
1738273470396 0.8241406083106995 34
1738273470397 0.8285937309265137 35
1738273470398 0.8298046588897705 36
1738273470399 0.8361718654632568 37
1738273470401 0.8358984589576721 38
1738273470402 0.8399609327316284 39
1738273470403 0.8368750214576721 40
1738273470404 0.8413281440734863 41
1738273470405 0.843554675579071 42
1738273470407 0.8460156321525574 43
1738273470408 0.8464062213897705 44
1738273470409 0.8489843606948853 45
1738273470410 0.8478906154632568 46
1738273470411 0.8508203029632568 47
1738273470412 0.8506249785423279 48
1738273470414 0.8545703291893005 49
1738273470415 0.8562109470367432 50
1738273470416 0.8585156202316284 51
1738273470417 0.8594921827316284 52
1738273470418 0.8580859303474426 53
1738273470419 0.8588671684265137 54
1738273470421 0.8590624928474426 55
1738273470422 0.8627734184265137 56
1738273470423 0.8637890815734863 57
1738273470424 0.8672656416893005 58
1738273470425 0.8661718964576721 59
