1738713663522 1.8367857933044434 0
1738713663524 1.3467613458633423 1
1738713663525 1.1495692729949951 2
1738713663526 1.0216009616851807 3
1738713663527 0.9211328625679016 4
1738713663529 0.8446854948997498 5
1738713663530 0.770877480506897 6
1738713663531 0.7060950994491577 7
1738713663532 0.653930127620697 8
1738713663533 0.6123272776603699 9
1738713663535 0.5731309652328491 10
1738713663536 0.5276476144790649 11
1738713663537 0.49706971645355225 12
1738713663538 0.4760831594467163 13
1738713663539 0.4575326442718506 14
1738713663540 0.4287138879299164 15
1738713663542 0.40589165687561035 16
1738713663543 0.393117219209671 17
1738713663544 0.38464367389678955 18
1738713663545 0.36364510655403137 19
1738713663546 0.3430839776992798 20
1738713663548 0.32328158617019653 21
1738713663549 0.3126283884048462 22
1738713663550 0.3019922971725464 23
1738713663551 0.2838894724845886 24
1738713663552 0.28953811526298523 25
1738713663553 0.2675652801990509 26
1738713663555 0.26406195759773254 27
1738713663556 0.2600935995578766 28
1738713663557 0.24488991498947144 29
1738713663558 0.23898622393608093 30
1738713663559 0.23022441565990448 31
1738713663560 0.22610461711883545 32
1738713663562 0.21915283799171448 33
1738713663563 0.21415770053863525 34
1738713663564 0.20200993120670319 35
1738713663565 0.2026507407426834 36
1738713663566 0.19448328018188477 37
1738713663568 0.18749956786632538 38
1738713663569 0.1845989227294922 39
1738713663570 0.18430401384830475 40
1738713663571 0.17988868057727814 41
1738713663572 0.17183183133602142 42
1738713663573 0.1698569804430008 43
1738713663575 0.1647598296403885 44
1738713663576 0.1651383936405182 45
1738713663577 0.16254715621471405 46
1738713663578 0.1531417816877365 47
1738713663579 0.15381048619747162 48
1738713663581 0.14671994745731354 49
1738713663582 0.144595667719841 50
1738713663583 0.14285434782505035 51
1738713663584 0.13680341839790344 52
1738713663585 0.14072614908218384 53
1738713663586 0.13715872168540955 54
1738713663588 0.13673192262649536 55
1738713663589 0.1363266408443451 56
1738713663590 0.12953759729862213 57
1738713663591 0.12468204647302628 58
1738713663592 0.12389139831066132 59
1738713663593 0.12307044863700867 60
1738713663595 0.11869069188833237 61
1738713663596 0.12156471610069275 62
1738713663597 0.11290382593870163 63
1738713663598 0.11636761575937271 64
1738713663599 0.112409308552742 65
1738713663600 0.10686461627483368 66
1738713663601 0.11200959980487823 67
1738713663603 0.10594312846660614 68
1738713663604 0.1070966124534607 69
1738713663605 0.10522200912237167 70
1738713663606 0.09899898618459702 71
1738713663607 0.10272552818059921 72
1738713663608 0.09559455513954163 73
1738713663609 0.09768713265657425 74
1738713663611 0.09863685816526413 75
1738713663612 0.0981789380311966 76
1738713663613 0.09410616010427475 77
1738713663614 0.08615031838417053 78
1738713663615 0.09728356450796127 79
1738713663616 0.09378652274608612 80
1738713663617 0.08849906921386719 81
1738713663619 0.09296562522649765 82
1738713663620 0.08634071052074432 83
1738713663621 0.08709569275379181 84
1738713663622 0.08896617591381073 85
1738713663623 0.08566860109567642 86
1738713663624 0.08032837510108948 87
1738713663626 0.07928512990474701 88
1738713663627 0.08164940029382706 89
1738713663628 0.08111418783664703 90
1738713663629 0.08350495994091034 91
1738713663630 0.07785996049642563 92
1738713663631 0.08046933263540268 93
1738713663633 0.07785744965076447 94
1738713663634 0.07522383332252502 95
1738713663635 0.07606322318315506 96
1738713663636 0.07533839344978333 97
1738713663637 0.07368789613246918 98
1738713663638 0.07171902805566788 99
1738713663639 0.07076302915811539 100
1738713663641 0.0718776285648346 101
1738713663642 0.0707322284579277 102
1738713663643 0.0694093108177185 103
1738713663644 0.07118231058120728 104
1738713663645 0.06616029143333435 105
1738713663646 0.065518319606781 106
1738713663648 0.06971737742424011 107
1738713663649 0.06540977209806442 108
1738713663650 0.06745506078004837 109
1738713663651 0.06934899836778641 110
