1738713663522 0.37800779938697815 0
1738713663524 0.5124218463897705 1
1738713663525 0.5770312547683716 2
1738713663526 0.6274609565734863 3
1738713663527 0.6694140434265137 4
1738713663529 0.6984765529632568 5
1738713663530 0.7294921875 6
1738713663531 0.7511327862739563 7
1738713663532 0.7721093893051147 8
1738713663533 0.7887109518051147 9
1738713663535 0.8027734160423279 10
1738713663536 0.8166406154632568 11
1738713663537 0.8315625190734863 12
1738713663538 0.837109386920929 13
1738713663539 0.8426562547683716 14
1738713663540 0.8544921875 15
1738713663542 0.863476574420929 16
1738713663543 0.8679296970367432 17
1738713663544 0.8725000023841858 18
1738713663545 0.8787890672683716 19
1738713663546 0.8854687213897705 20
1738713663548 0.8912109136581421 21
1738713663549 0.8973437547683716 22
1738713663550 0.8995312452316284 23
1738713663551 0.9047656059265137 24
1738713663552 0.9057031273841858 25
1738713663553 0.9125000238418579 26
1738713663555 0.9130468964576721 27
1738713663556 0.9125781059265137 28
1738713663557 0.9204687476158142 29
1738713663558 0.9220312237739563 30
1738713663559 0.9265234470367432 31
1738713663560 0.9263281226158142 32
1738713663562 0.929492175579071 33
1738713663563 0.9310937523841858 34
1738713663564 0.9350390434265137 35
1738713663565 0.9360547065734863 36
1738713663566 0.9382030963897705 37
1738713663568 0.9390234351158142 38
1738713663569 0.940625011920929 39
1738713663570 0.9404687285423279 40
1738713663571 0.9418749809265137 41
1738713663572 0.9440234303474426 42
1738713663573 0.9446484446525574 43
1738713663575 0.946484386920929 44
1738713663576 0.9469921588897705 45
1738713663577 0.9477734565734863 46
1738713663578 0.9501953125 47
1738713663579 0.9508203268051147 48
1738713663581 0.9522265791893005 49
1738713663582 0.9541015625 50
1738713663583 0.9546874761581421 51
1738713663584 0.9560937285423279 52
1738713663585 0.9543750286102295 53
1738713663586 0.9553124904632568 54
1738713663588 0.95703125 55
1738713663589 0.9553906321525574 56
1738713663590 0.9588671922683716 57
1738713663591 0.9599218964576721 58
1738713663592 0.9599218964576721 59
1738713663593 0.9609765410423279 60
1738713663595 0.9633593559265137 61
1738713663596 0.9607812762260437 62
1738713663597 0.9633203148841858 63
1738713663598 0.9627734422683716 64
1738713663599 0.9632421731948853 65
1738713663600 0.9646093845367432 66
1738713663601 0.9641796946525574 67
1738713663603 0.9645702838897705 68
1738713663604 0.9651562571525574 69
1738713663605 0.9669140577316284 70
1738713663606 0.967578113079071 71
1738713663607 0.9674999713897705 72
1738713663608 0.9691015481948853 73
1738713663609 0.9678515791893005 74
1738713663611 0.9677734375 75
1738713663612 0.9683984518051147 76
1738713663613 0.9698047041893005 77
1738713663614 0.9716406464576721 78
1738713663615 0.9683984518051147 79
1738713663616 0.9697656035423279 80
1738713663617 0.9710546731948853 81
1738713663619 0.9700781106948853 82
1738713663620 0.972460925579071 83
1738713663621 0.9710546731948853 84
1738713663622 0.970507800579071 85
1738713663623 0.9726952910423279 86
1738713663624 0.9727734327316284 87
1738713663626 0.9742968678474426 88
1738713663627 0.9741406440734863 89
1738713663628 0.9741406440734863 90
1738713663629 0.9725000262260437 91
1738713663630 0.9758984446525574 92
1738713663631 0.9737499952316284 93
1738713663633 0.9753124713897705 94
1738713663634 0.9754687547683716 95
1738713663635 0.9760937690734863 96
1738713663636 0.9756249785423279 97
1738713663637 0.9771093726158142 98
1738713663638 0.9769140481948853 99
1738713663639 0.9756640791893005 100
1738713663641 0.9769140481948853 101
1738713663642 0.9771484136581421 102
1738713663643 0.9772655963897705 103
1738713663644 0.9760937690734863 104
1738713663645 0.9779297113418579 105
1738713663646 0.9785546660423279 106
1738713663648 0.9770312309265137 107
1738713663649 0.9778515696525574 108
1738713663650 0.9776172041893005 109
1738713663651 0.9776172041893005 110
