1738724121755 6.1060333251953125 0
1738724121757 2.498859405517578 1
1738724121758 2.524020195007324 2
1738724121759 2.487624406814575 3
1738724121760 2.778611183166504 4
1738724121762 2.8707010746002197 5
1738724121763 2.872619867324829 6
1738724121765 2.5878305435180664 7
1738724121767 2.659560441970825 8
1738724121769 2.582676649093628 9
1738724121772 2.3672807216644287 10
1738724121773 2.189741373062134 11
1738724121775 1.9804391860961914 12
1738724121776 2.204371452331543 13
1738724121777 1.901157021522522 14
1738724121778 1.7380774021148682 15
1738724121780 1.7392754554748535 16
1738724121781 1.5953576564788818 17
1738724121782 1.5241994857788086 18
1738724121783 1.5444198846817017 19
1738724121784 1.4919995069503784 20
1738724121786 1.4794986248016357 21
1738724121787 1.4641833305358887 22
1738724121788 1.4632526636123657 23
1738724121790 1.4273158311843872 24
1738724121792 1.4221501350402832 25
1738724121793 1.4262014627456665 26
1738724121795 1.419060468673706 27
1738724121796 1.4191192388534546 28
1738724121797 1.4045994281768799 29
1738724121798 1.3928287029266357 30
1738724121800 1.398913860321045 31
1738724121802 1.3728835582733154 32
1738724121803 1.3998925685882568 33
1738724121804 1.3829493522644043 34
1738724121806 1.3722120523452759 35
1738724121808 1.3767263889312744 36
1738724121810 1.3645596504211426 37
1738724121811 1.3565750122070312 38
1738724121812 1.3673259019851685 39
1738724121814 1.3491359949111938 40
1738724121815 1.3616458177566528 41
1738724121817 1.3693740367889404 42
1738724121818 1.3350143432617188 43
1738724121819 1.3622674942016602 44
1738724121821 1.3845489025115967 45
1738724121822 1.3683401346206665 46
1738724121824 1.3512485027313232 47
1738724121826 1.3585400581359863 48
1738724121827 1.360615849494934 49
1738724121828 1.3616993427276611 50
