1738724121755 0.3360546827316284 0
1738724121757 0.38359373807907104 1
1738724121758 0.3966406285762787 2
1738724121759 0.40437498688697815 3
1738724121760 0.4213281273841858 4
1738724121762 0.43242186307907104 5
1738724121763 0.45609375834465027 6
1738724121765 0.4684765636920929 7
1738724121767 0.48261719942092896 8
1738724121769 0.5010547041893005 9
1738724121772 0.509960949420929 10
1738724121773 0.5355859398841858 11
1738724121775 0.5360156297683716 12
1738724121776 0.5369921922683716 13
1738724121777 0.5524609088897705 14
1738724121778 0.5508202910423279 15
1738724121780 0.5535937547683716 16
1738724121781 0.5630468726158142 17
1738724121782 0.5704296827316284 18
1738724121783 0.564453125 19
1738724121784 0.5667187571525574 20
1738724121786 0.5774609446525574 21
1738724121787 0.5730078220367432 22
1738724121788 0.5702734589576721 23
1738724121790 0.5826562643051147 24
1738724121792 0.579882800579071 25
1738724121793 0.5771093964576721 26
1738724121795 0.5787500143051147 27
1738724121796 0.5801562666893005 28
1738724121797 0.5812109112739563 29
1738724121798 0.5863671898841858 30
1738724121800 0.5876171588897705 31
1738724121802 0.5942968726158142 32
1738724121803 0.591601550579071 33
1738724121804 0.5865625143051147 34
1738724121806 0.5892578363418579 35
1738724121808 0.595507800579071 36
1738724121810 0.6016406416893005 37
1738724121811 0.598437488079071 38
1738724121812 0.5938281416893005 39
1738724121814 0.6003124713897705 40
1738724121815 0.5984765887260437 41
1738724121817 0.5835156440734863 42
1738724121818 0.6009374856948853 43
1738724121819 0.5895312428474426 44
1738724121821 0.5901562571525574 45
1738724121822 0.5936718583106995 46
1738724121824 0.5998437404632568 47
1738724121826 0.6001172065734863 48
1738724121827 0.599804699420929 49
1738724121828 0.6033984422683716 50
