1738444160633 1.9195137023925781 0
1738444160636 1.8917239904403687 1
1738444160637 1.9553107023239136 2
1738444160638 1.9508318901062012 3
1738444160641 1.91435968875885 4
1738444160643 11.48158073425293 5
1738444160645 2.051358699798584 6
1738444160646 1.8167617321014404 7
1738444160648 1.8046818971633911 8
1738444160649 1.7891836166381836 9
1738444160650 1.7836347818374634 10
1738444160651 1.7668848037719727 11
1738444160652 1.7646658420562744 12
1738444160653 1.7464519739151 13
1738444160657 1.7292563915252686 14
1738444160658 1.7328869104385376 15
1738444160660 1.7206207513809204 16
1738444160661 1.7400072813034058 17
1738444160663 1.7334046363830566 18
1738444160664 1.7282274961471558 19
1738444160665 1.7152537107467651 20
1738444160666 1.7185635566711426 21
1738444160667 1.7355811595916748 22
1738444160668 1.7977887392044067 23
1738444160669 2.260751724243164 24
1738444160671 66.91724395751953 25
1738444160673 2.0085787773132324 26
1738444160675 1.8726235628128052 27
1738444160676 1.8697208166122437 28
1738444160677 1.8725703954696655 29
1738444160678 1.8574118614196777 30
1738444160680 1.8712599277496338 31
1738444160681 1.9206199645996094 32
1738444160682 1.8614267110824585 33
1738444160683 1.9070892333984375 34
1738444160684 1.9392024278640747 35
1738444160685 1.9564262628555298 36
1738444160687 1.8890970945358276 37
1738444160688 1.8607819080352783 38
1738444160690 1.8582100868225098 39
1738444160692 1.8580223321914673 40
1738444160694 1.8468544483184814 41
1738444160695 1.810418963432312 42
1738444160696 1.8077565431594849 43
1738444160697 1.8124502897262573 44
1738444160699 1.8328971862792969 45
1738444160700 1.8104199171066284 46
1738444160701 1.7990601062774658 47
1738444160702 1.783810019493103 48
1738444160703 1.8292306661605835 49
1738444160704 2.1258645057678223 50
1738444160706 107.66535949707031 51
1738444160707 7.214993476867676 52
1738444160708 2.037846088409424 53
1738444160710 1.9030177593231201 54
1738444160711 1.8765391111373901 55
1738444160712 1.8949639797210693 56
1738444160714 1.8792110681533813 57
1738444160715 1.8603805303573608 58
1738444160716 1.9369486570358276 59
1738444160717 2.025596857070923 60
1738444160718 1.9451709985733032 61
1738444160719 1.976097822189331 62
1738444160721 2.3743643760681152 63
1738444160724 2.1059987545013428 64
1738444160725 2.054713249206543 65
1738444160727 1.9454237222671509 66
1738444160728 1.8537553548812866 67
1738444160730 1.9663395881652832 68
1738444160731 2.014028310775757 69
1738444160732 1.8644245862960815 70
1738444160733 1.828304409980774 71
1738444160734 1.8649113178253174 72
1738444160736 1.8139657974243164 73
1738444160737 1.8299493789672852 74
1738444160739 1.81925368309021 75
1738444160740 1.8275985717773438 76
1738444160742 1.830346941947937 77
1738444160744 1.8575081825256348 78
1738444160746 3.139699935913086 79
1738444160748 198.67315673828125 80
1738444160750 5.095773220062256 81
1738444160752 2.1893904209136963 82
1738444160754 1.9293972253799438 83
1738444160756 1.8585572242736816 84
1738444160758 1.8448947668075562 85
1738444160760 1.8322299718856812 86
1738444160762 1.83611261844635 87
1738444160764 1.8371659517288208 88
1738444160766 1.8406065702438354 89
1738444160767 1.853570580482483 90
1738444160768 1.9460138082504272 91
1738444160770 3.0809316635131836 92
1738444160771 2.271479845046997 93
1738444160772 2.457357406616211 94
1738444160774 2.349046230316162 95
1738444160776 2.304699659347534 96
1738444160777 1.9167720079421997 97
1738444160778 2.0105948448181152 98
1738444160780 1.8787134885787964 99
1738444160781 2.0529346466064453 100
1738444160782 2.145688533782959 101
1738444160783 2.022067070007324 102
1738444160784 1.9177141189575195 103
1738444160785 1.8947142362594604 104
1738444160786 1.8702391386032104 105
1738444160788 1.8400322198867798 106
1738444160789 1.8336561918258667 107
1738444160790 1.8264967203140259 108
1738444160792 1.820805311203003 109
1738444160793 2.242746591567993 110
1738444160794 147.06887817382812 111
1738444160795 5.799619674682617 112
1738444160797 2.288914203643799 113
1738444160798 1.9243696928024292 114
1738444160799 1.8672187328338623 115
1738444160800 1.8365520238876343 116
1738444160802 1.823217511177063 117
1738444160803 1.8297722339630127 118
1738444160804 1.8502776622772217 119
