1738444160633 0.1943359375 0
1738444160636 0.20218749344348907 1
1738444160637 0.20499999821186066 2
1738444160638 0.21808594465255737 3
1738444160641 0.2258593738079071 4
1738444160643 0.20031249523162842 5
1738444160645 0.17972655594348907 6
1738444160646 0.19464844465255737 7
1738444160648 0.20078125596046448 8
1738444160649 0.21851561963558197 9
1738444160650 0.21726562082767487 10
1738444160651 0.22421875596046448 11
1738444160652 0.22832031548023224 12
1738444160653 0.24492187798023224 13
1738444160657 0.25312501192092896 14
1738444160658 0.25589844584465027 15
1738444160660 0.27210938930511475 16
1738444160661 0.2633984386920929 17
1738444160663 0.2635156214237213 18
1738444160664 0.27421873807907104 19
1738444160665 0.2847656309604645 20
1738444160666 0.27710938453674316 21
1738444160667 0.27757811546325684 22
1738444160668 0.2674218714237213 23
1738444160669 0.2458203136920929 24
1738444160671 0.18257813155651093 25
1738444160673 0.18078124523162842 26
1738444160675 0.17781250178813934 27
1738444160676 0.1759375035762787 28
1738444160677 0.17851562798023224 29
1738444160678 0.18070311844348907 30
1738444160680 0.17710937559604645 31
1738444160681 0.1802343726158142 32
1738444160682 0.18281249701976776 33
1738444160683 0.18449218571186066 34
1738444160684 0.1892968714237213 35
1738444160685 0.18996094167232513 36
1738444160687 0.1880468726158142 37
1738444160688 0.1921093761920929 38
1738444160690 0.1844140589237213 39
1738444160692 0.18941406905651093 40
1738444160694 0.1983984410762787 41
1738444160695 0.2010156214237213 42
1738444160696 0.20441406965255737 43
1738444160697 0.20324218273162842 44
1738444160699 0.2062109410762787 45
1738444160700 0.2092578113079071 46
1738444160701 0.2150000035762787 47
1738444160702 0.22566406428813934 48
1738444160703 0.22136718034744263 49
1738444160704 0.2049218714237213 50
1738444160706 0.18773438036441803 51
1738444160707 0.18019531667232513 52
1738444160708 0.18238280713558197 53
1738444160710 0.18515625596046448 54
1738444160711 0.1850000023841858 55
1738444160712 0.18144531548023224 56
1738444160714 0.18355469405651093 57
1738444160715 0.18535156548023224 58
1738444160716 0.18132811784744263 59
1738444160717 0.18035155534744263 60
1738444160718 0.18265624344348907 61
1738444160719 0.18046875298023224 62
1738444160721 0.18007811903953552 63
1738444160724 0.18718749284744263 64
1738444160725 0.18113280832767487 65
1738444160727 0.18273437023162842 66
1738444160728 0.1902734339237213 67
1738444160730 0.18226562440395355 68
1738444160731 0.1858203113079071 69
1738444160732 0.1879296898841858 70
1738444160733 0.18781250715255737 71
1738444160734 0.189453125 72
1738444160736 0.19703124463558197 73
1738444160737 0.1953125 74
1738444160739 0.19257812201976776 75
1738444160740 0.19636718928813934 76
1738444160742 0.20023436844348907 77
1738444160744 0.1912499964237213 78
1738444160746 0.19101563096046448 79
1738444160748 0.17156249284744263 80
1738444160750 0.17667968571186066 81
1738444160752 0.17910155653953552 82
1738444160754 0.17667968571186066 83
1738444160756 0.17945311963558197 84
1738444160758 0.17785155773162842 85
1738444160760 0.18058593571186066 86
1738444160762 0.17792968451976776 87
1738444160764 0.17839843034744263 88
1738444160766 0.18187500536441803 89
1738444160767 0.1762109398841858 90
1738444160768 0.17527343332767487 91
1738444160770 0.17859375476837158 92
1738444160771 0.17652343213558197 93
1738444160772 0.17324218153953552 94
1738444160774 0.17808593809604645 95
1738444160776 0.17558594048023224 96
1738444160777 0.17687499523162842 97
1738444160778 0.1743749976158142 98
1738444160780 0.1752343773841858 99
1738444160781 0.1799609363079071 100
1738444160782 0.18128906190395355 101
1738444160783 0.1817968785762787 102
1738444160784 0.18000000715255737 103
1738444160785 0.18078124523162842 104
1738444160786 0.17972655594348907 105
1738444160788 0.18167968094348907 106
1738444160789 0.18742187321186066 107
1738444160790 0.18378905951976776 108
1738444160792 0.19003906846046448 109
1738444160793 0.18000000715255737 110
1738444160794 0.1764843761920929 111
1738444160795 0.18238280713558197 112
1738444160797 0.1821874976158142 113
1738444160798 0.17664062976837158 114
1738444160799 0.18132811784744263 115
1738444160800 0.18070311844348907 116
1738444160802 0.18078124523162842 117
1738444160803 0.18285156786441803 118
1738444160804 0.18605469167232513 119
