1738422845251 2.15402889251709 0
1738422845252 1.6270393133163452 1
1738422845254 1.3918249607086182 2
1738422845255 1.3187164068222046 3
1738422845256 1.27899968624115 4
1738422845258 1.2826520204544067 5
1738422845260 1.2860380411148071 6
1738422845262 1.310961127281189 7
1738422845264 1.3148924112319946 8
1738422845265 1.3231126070022583 9
1738422845267 1.3646272420883179 10
1738422845268 1.3721978664398193 11
1738422845269 1.3697497844696045 12
1738422845271 1.3806415796279907 13
1738422845272 1.3948501348495483 14
1738422845273 1.3971335887908936 15
