1738422845251 0.3667968809604645 0
1738422845252 0.5459374785423279 1
1738422845254 0.6474609375 2
1738422845255 0.6985156536102295 3
1738422845256 0.738476574420929 4
1738422845258 0.7556250095367432 5
1738422845260 0.7665234208106995 6
1738422845262 0.7708984613418579 7
1738422845264 0.7753124833106995 8
1738422845265 0.7845312356948853 9
1738422845267 0.7790234088897705 10
1738422845268 0.7799218893051147 11
1738422845269 0.7862499952316284 12
1738422845271 0.7809765338897705 13
1738422845272 0.7843359112739563 14
1738422845273 0.7889062762260437 15
