1738717064740 13.423906326293945 0
1738717064743 6.602056980133057 1
1738717064746 6.02578067779541 2
1738717064749 7.0005645751953125 3
1738717064752 4.784428596496582 4
1738717064754 4.203436374664307 5
1738717064757 4.090847492218018 6
1738717064760 3.350332021713257 7
1738717064763 3.031057119369507 8
1738717064765 2.7812697887420654 9
1738717064768 2.7077276706695557 10
1738717064771 2.7254302501678467 11
1738717064774 2.6644093990325928 12
1738717064777 2.6790642738342285 13
1738717064779 2.6158719062805176 14
1738717064782 2.6259098052978516 15
1738717064785 2.613511323928833 16
1738717064788 2.6331112384796143 17
1738717064790 2.6480472087860107 18
1738717064793 2.6535351276397705 19
1738717064796 2.6912994384765625 20
1738717064799 2.6897623538970947 21
1738717064801 2.693101406097412 22
1738717064804 2.6317145824432373 23
1738717064805 2.649808406829834 24
1738717064807 2.6502182483673096 25
