1738717064740 0.3205859363079071 0
1738717064743 0.38566407561302185 1
1738717064746 0.4389062523841858 2
1738717064749 0.5292578339576721 3
1738717064752 0.5634375214576721 4
1738717064754 0.5903515815734863 5
1738717064757 0.5987890362739563 6
1738717064760 0.6160937547683716 7
1738717064763 0.6330468654632568 8
1738717064765 0.6462500095367432 9
1738717064768 0.6491796970367432 10
1738717064771 0.6508203148841858 11
1738717064774 0.6558203101158142 12
1738717064777 0.6598437428474426 13
1738717064779 0.6634374856948853 14
1738717064782 0.664843738079071 15
1738717064785 0.6751953363418579 16
1738717064788 0.6732812523841858 17
1738717064790 0.6781640648841858 18
1738717064793 0.6815624833106995 19
1738717064796 0.6826562285423279 20
1738717064799 0.6850000023841858 21
1738717064801 0.6897265911102295 22
1738717064804 0.6893749833106995 23
1738717064805 0.6960155963897705 24
1738717064807 0.6881250143051147 25
