1738764231065 1.6001724004745483 0
1738764231066 1.3830795288085938 1
1738764231068 1.3503988981246948 2
1738764231069 1.3249315023422241 3
1738764231070 1.3056199550628662 4
1738764231072 1.2530509233474731 5
1738764231073 1.2772698402404785 6
1738764231075 1.2386242151260376 7
1738764231076 1.3339869976043701 8
1738764231078 1.237681269645691 9
1738764231079 1.1761077642440796 10
1738764231080 1.1847201585769653 11
1738764231081 1.4142013788223267 12
1738764231082 53.378326416015625 13
1738764231084 1.7690844535827637 14
1738764231085 1.5905338525772095 15
1738764231086 1.5582244396209717 16
1738764231087 1.5248905420303345 17
1738764231088 1.5177764892578125 18
1738764231090 1.4532033205032349 19
1738764231092 1.4524719715118408 20
1738764231094 1.4086713790893555 21
1738764231095 1.3884562253952026 22
1738764231096 1.372599482536316 23
1738764231098 1.3362408876419067 24
1738764231099 1.2908347845077515 25
1738764231100 1.2784353494644165 26
1738764231101 1.2574270963668823 27
1738764231102 1.2738677263259888 28
1738764231103 1.233166217803955 29
1738764231105 1.227926254272461 30
1738764231106 1.192460298538208 31
1738764231108 1.1846710443496704 32
1738764231109 1.1580579280853271 33
1738764231111 1.1630425453186035 34
1738764231112 1.1631009578704834 35
1738764231113 1.1467078924179077 36
1738764231115 1.1247901916503906 37
1738764231116 1.120853066444397 38
1738764231117 1.0923678874969482 39
1738764231118 1.1145811080932617 40
1738764231119 1.0852603912353516 41
1738764231121 1.1171945333480835 42
1738764231122 1.0871317386627197 43
1738764231123 1.1184850931167603 44
1738764231124 1.081433653831482 45
1738764231125 1.087674856185913 46
1738764231127 1.0738664865493774 47
1738764231128 1.1082065105438232 48
1738764231129 1.1320881843566895 49
1738764231130 1.101841926574707 50
1738764231131 1.081663966178894 51
1738764231132 1.0718207359313965 52
1738764231134 1.0924793481826782 53
1738764231135 1.1036359071731567 54
1738764231136 1.1074025630950928 55
1738764231137 1.073684573173523 56
1738764231138 1.085343599319458 57
1738764231140 1.1026955842971802 58
1738764231141 54.0998420715332 59
1738764231142 6.499646186828613 60
1738764231143 1.5699741840362549 61
1738764231144 1.530197024345398 62
1738764231145 1.4939053058624268 63
1738764231146 1.4622619152069092 64
1738764231148 1.436051845550537 65
1738764231149 1.43696928024292 66
1738764231150 1.424015760421753 67
1738764231152 1.390442967414856 68
1738764231154 1.364243984222412 69
1738764231155 1.3524473905563354 70
1738764231156 1.3446459770202637 71
1738764231157 1.3039865493774414 72
1738764231158 1.2552685737609863 73
1738764231160 1.242989420890808 74
1738764231161 1.2256354093551636 75
1738764231162 1.1974557638168335 76
1738764231163 1.181504726409912 77
1738764231164 1.1770399808883667 78
1738764231165 1.1562047004699707 79
1738764231166 1.1286622285842896 80
1738764231168 1.1005021333694458 81
1738764231169 1.067631721496582 82
1738764231170 1.073355793952942 83
1738764231171 1.0676790475845337 84
1738764231172 1.062598466873169 85
1738764231173 1.0465911626815796 86
1738764231175 1.0656453371047974 87
1738764231176 1.0363695621490479 88
1738764231177 1.0038179159164429 89
1738764231178 1.0042831897735596 90
1738764231179 1.0136654376983643 91
1738764231180 1.0442798137664795 92
1738764231181 1.0292001962661743 93
1738764231183 1.0561003684997559 94
1738764231184 0.9950724244117737 95
1738764231185 1.1175177097320557 96
1738764231186 0.9833027720451355 97
1738764231187 1.0669828653335571 98
1738764231188 1.0422521829605103 99
1738764231190 0.9824543595314026 100
1738764231191 25.25672149658203 101
1738764231192 25.674806594848633 102
1738764231194 1.5868175029754639 103
1738764231195 1.5075290203094482 104
1738764231196 1.4613019227981567 105
1738764231197 1.4118942022323608 106
1738764231198 1.3997324705123901 107
1738764231199 1.336478590965271 108
1738764231201 1.2913867235183716 109
1738764231202 1.2654417753219604 110
1738764231203 1.2566485404968262 111
1738764231204 1.220041275024414 112
1738764231205 1.1672163009643555 113
1738764231207 1.1629053354263306 114
1738764231208 1.1466681957244873 115
1738764231209 1.1013108491897583 116
1738764231210 1.084398865699768 117
1738764231211 1.0762460231781006 118
1738764231212 1.0705114603042603 119
