1738764231065 0.3676171898841858 0
1738764231066 0.45738279819488525 1
1738764231068 0.4789453148841858 2
1738764231069 0.48656249046325684 3
1738764231070 0.4973828196525574 4
1738764231072 0.5229687690734863 5
1738764231073 0.5083593726158142 6
1738764231075 0.5226171612739563 7
1738764231076 0.5036327838897705 8
1738764231078 0.5301172137260437 9
1738764231079 0.548046886920929 10
1738764231080 0.5500781536102295 11
1738764231081 0.525390625 12
1738764231082 0.2767968773841858 13
1738764231084 0.32906249165534973 14
1738764231085 0.35636720061302185 15
1738764231086 0.36667969822883606 16
1738764231087 0.3792187571525574 17
1738764231088 0.38539063930511475 18
1738764231090 0.41105470061302185 19
1738764231092 0.4201953113079071 20
1738764231094 0.4383203089237213 21
1738764231095 0.44566404819488525 22
1738764231096 0.4574609398841858 23
1738764231098 0.47328126430511475 24
1738764231099 0.48585936427116394 25
1738764231100 0.49324217438697815 26
1738764231101 0.5008984208106995 27
1738764231102 0.5009375214576721 28
1738764231103 0.5146484375 29
1738764231105 0.5229687690734863 30
1738764231106 0.5375781059265137 31
1738764231108 0.5416796803474426 32
1738764231109 0.549023449420929 33
1738764231111 0.556445300579071 34
1738764231112 0.5524218678474426 35
1738764231113 0.5612109303474426 36
1738764231115 0.5727343559265137 37
1738764231116 0.5735937356948853 38
1738764231117 0.5811718702316284 39
1738764231118 0.5868750214576721 40
1738764231119 0.5895312428474426 41
1738764231121 0.5780468583106995 42
1738764231122 0.5908203125 43
1738764231123 0.5821484327316284 44
1738764231124 0.5971875190734863 45
1738764231125 0.5972265601158142 46
1738764231127 0.6039453148841858 47
1738764231128 0.5901562571525574 48
1738764231129 0.5884765386581421 49
1738764231130 0.5915625095367432 50
1738764231131 0.6041406393051147 51
1738764231132 0.6073828339576721 52
1738764231134 0.5957812666893005 53
1738764231135 0.5921484231948853 54
1738764231136 0.5966406464576721 55
1738764231137 0.6071875095367432 56
1738764231138 0.6071875095367432 57
1738764231140 0.6022265553474426 58
1738764231141 0.46390625834465027 59
1738764231142 0.3148437440395355 60
1738764231143 0.3546484410762787 61
1738764231144 0.3680078089237213 62
1738764231145 0.38203126192092896 63
1738764231146 0.3958984315395355 64
1738764231148 0.4066796898841858 65
1738764231149 0.41187500953674316 66
1738764231150 0.4248046875 67
1738764231152 0.4434765577316284 68
1738764231154 0.4490624964237213 69
1738764231155 0.45484375953674316 70
1738764231156 0.4659765660762787 71
1738764231157 0.4825781285762787 72
1738764231158 0.5069140791893005 73
1738764231160 0.5122265815734863 74
1738764231161 0.5213671922683716 75
1738764231162 0.5380468964576721 76
1738764231163 0.5400000214576721 77
1738764231164 0.5456640720367432 78
1738764231165 0.5551171898841858 79
1738764231166 0.5710155963897705 80
1738764231168 0.5843750238418579 81
1738764231169 0.600390613079071 82
1738764231170 0.6014843583106995 83
1738764231171 0.6097265481948853 84
1738764231172 0.6073828339576721 85
1738764231173 0.6114062666893005 86
1738764231175 0.6145312786102295 87
1738764231176 0.6274609565734863 88
1738764231177 0.6378515362739563 89
1738764231178 0.6381640434265137 90
1738764231179 0.6332421898841858 91
1738764231180 0.6296484470367432 92
1738764231181 0.633984386920929 93
1738764231183 0.6253125071525574 94
1738764231184 0.650585949420929 95
1738764231185 0.6137109398841858 96
1738764231186 0.6555078029632568 97
1738764231187 0.6275390386581421 98
1738764231188 0.6358984112739563 99
1738764231190 0.6518359184265137 100
1738764231191 0.6060937643051147 101
1738764231192 0.30613282322883606 102
1738764231194 0.3815234303474426 103
1738764231195 0.41035157442092896 104
1738764231196 0.42679688334465027 105
1738764231197 0.4473828077316284 106
1738764231198 0.45613279938697815 107
1738764231199 0.4783593714237213 108
1738764231201 0.4967968761920929 109
1738764231202 0.5064843893051147 110
1738764231203 0.5108984112739563 111
1738764231204 0.5278906226158142 112
1738764231205 0.5432812571525574 113
1738764231207 0.5533593893051147 114
1738764231208 0.5592968463897705 115
1738764231209 0.5751562714576721 116
1738764231210 0.5841405987739563 117
1738764231211 0.5907031297683716 118
1738764231212 0.6004297137260437 119
