1738029404172 0.3440625071525574 0
1738029404175 0.5199999809265137 1
1738029404176 0.5869922041893005 2
1738029404178 0.6313281059265137 3
1738029404179 0.6459375023841858 4
1738029404180 0.6675390601158142 5
1738029404182 0.6796484589576721 6
1738029404183 0.6951562762260437 7
1738029404184 0.7071874737739563 8
1738029404185 0.6939062476158142 9
1738029404187 0.7094922065734863 10
1738029404188 0.7240625023841858 11
1738029404190 0.7432812452316284 12
1738029404192 0.7438671588897705 13
1738029404193 0.7534375190734863 14
1738029404194 0.755859375 15
1738029404195 0.7580468654632568 16
1738029404196 0.7687109112739563 17
1738029404198 0.7717578411102295 18
1738029404199 0.7777343988418579 19
1738029404200 0.7798827886581421 20
1738029404201 0.7841406464576721 21
1738029404202 0.7769531011581421 22
1738029404203 0.7920703291893005 23
1738029404204 0.7947656512260437 24
1738029404206 0.7936718463897705 25
1738029404207 0.7954687476158142 26
1738029404208 0.801953136920929 27
1738029404209 0.8058202862739563 28
1738029404211 0.807812511920929 29
1738029404212 0.8042968511581421 30
1738029404213 0.8069531321525574 31
1738029404214 0.8096093535423279 32
1738029404215 0.8153125047683716 33
1738029404216 0.8158593773841858 34
1738029404217 0.8182812333106995 35
1738029404218 0.8202343583106995 36
1738029404219 0.8215625286102295 37
1738029404221 0.8141015768051147 38
1738029404222 0.8227343559265137 39
1738029404223 0.8218359351158142 40
1738029404224 0.8237109184265137 41
1738029404225 0.8271093964576721 42
1738029404226 0.8216015696525574 43
1738029404227 0.8285937309265137 44
1738029404228 0.8309375047683716 45
1738029404229 0.8319531083106995 46
1738029404230 0.8341015577316284 47
1738029404231 0.8304687738418579 48
1738029404233 0.8334375023841858 49
1738029404234 0.8369531035423279 50
1738029404235 0.837890625 51
1738029404237 0.8356640338897705 52
1738029404238 0.8329687714576721 53
1738029404240 0.838085949420929 54
1738029404241 0.8406640887260437 55
1738029404242 0.8387890458106995 56
1738029404243 0.8395312428474426 57
1738029404244 0.8412500023841858 58
1738029404245 0.843554675579071 59
1738029404246 0.8387500047683716 60
1738029404247 0.8314062356948853 61
1738029404248 0.8349999785423279 62
