1738029404172 2.040618658065796 0
1738029404175 1.3435777425765991 1
1738029404176 1.1880024671554565 2
1738029404178 1.076435923576355 3
1738029404179 1.0615277290344238 4
1738029404180 1.0004730224609375 5
1738029404182 0.9566380977630615 6
1738029404183 0.9273357391357422 7
1738029404184 0.9037758708000183 8
1738029404185 0.9445762634277344 9
1738029404187 0.8960253000259399 10
1738029404188 0.8537331223487854 11
1738029404190 0.8111076354980469 12
1738029404192 0.8136781454086304 13
1738029404193 0.7810342907905579 14
1738029404194 0.7686408162117004 15
1738029404195 0.7817750573158264 16
1738029404196 0.7519872784614563 17
1738029404198 0.7365569472312927 18
1738029404199 0.7222076654434204 19
1738029404200 0.7205221652984619 20
1738029404201 0.7013440728187561 21
1738029404202 0.7296153903007507 22
1738029404203 0.6853641271591187 23
1738029404204 0.6706548929214478 24
1738029404206 0.6785095930099487 25
1738029404207 0.6759229302406311 26
1738029404208 0.6597315073013306 27
1738029404209 0.6400998830795288 28
1738029404211 0.6325726509094238 29
1738029404212 0.640277087688446 30
1738029404213 0.6283289790153503 31
1738029404214 0.6235185861587524 32
1738029404215 0.5962071418762207 33
1738029404216 0.6058387756347656 34
1738029404217 0.5925647616386414 35
1738029404218 0.598341703414917 36
1738029404219 0.5930832028388977 37
1738029404221 0.6095295548439026 38
1738029404222 0.5746866464614868 39
1738029404223 0.5793654918670654 40
1738029404224 0.5788045525550842 41
1738029404225 0.5815737843513489 42
1738029404226 0.5885372757911682 43
1738029404227 0.5633265376091003 44
1738029404228 0.5499036312103271 45
1738029404229 0.5525705814361572 46
1738029404230 0.547909140586853 47
1738029404231 0.5555799603462219 48
1738029404233 0.5479645133018494 49
1738029404234 0.5325450301170349 50
1738029404235 0.5399426817893982 51
1738029404237 0.5337545275688171 52
1738029404238 0.5435827374458313 53
1738029404240 0.5302947163581848 54
1738029404241 0.5240107774734497 55
1738029404242 0.5380722284317017 56
1738029404243 0.5292930006980896 57
1738029404244 0.5206438302993774 58
1738029404245 0.5108582973480225 59
1738029404246 0.5285658240318298 60
1738029404247 0.5560687780380249 61
1738029404248 0.5465683937072754 62
