1738155626045 0.2121874988079071 0
1738155626047 0.27937498688697815 1
1738155626048 0.32179686427116394 2
1738155626049 0.3484765589237213 3
1738155626051 0.37992188334465027 4
1738155626052 0.41343748569488525 5
1738155626053 0.4514843821525574 6
1738155626055 0.47734373807907104 7
1738155626057 0.5101171731948853 8
1738155626060 0.5393750071525574 9
1738155626062 0.5606640577316284 10
1738155626064 0.5859375 11
1738155626066 0.6110937595367432 12
1738155626068 0.6305859088897705 13
1738155626070 0.6473827958106995 14
1738155626071 0.6630468964576721 15
1738155626072 0.6725000143051147 16
1738155626073 0.6890234351158142 17
1738155626075 0.698046863079071 18
1738155626076 0.7083593606948853 19
1738155626077 0.7215234637260437 20
1738155626078 0.7245312333106995 21
1738155626079 0.739062488079071 22
1738155626081 0.7391406297683716 23
1738155626082 0.7489062547683716 24
1738155626084 0.7581250071525574 25
1738155626085 0.7560155987739563 26
1738155626086 0.7689843773841858 27
1738155626087 0.7648828029632568 28
1738155626088 0.7734765410423279 29
1738155626089 0.7774218916893005 30
1738155626091 0.7847265601158142 31
1738155626092 0.7865625023841858 32
1738155626093 0.7890234589576721 33
1738155626094 0.7964453101158142 34
1738155626095 0.7969531416893005 35
1738155626096 0.795117199420929 36
1738155626098 0.8011718988418579 37
1738155626099 0.8062109351158142 38
1738155626100 0.806835949420929 39
1738155626101 0.8088672161102295 40
1738155626102 0.814648449420929 41
1738155626103 0.8141406178474426 42
1738155626105 0.8178906440734863 43
1738155626106 0.8164843916893005 44
1738155626107 0.8215234279632568 45
1738155626108 0.8237890601158142 46
1738155626109 0.8253124952316284 47
1738155626110 0.8292577862739563 48
1738155626111 0.8279687762260437 49
1738155626112 0.8287500143051147 50
1738155626114 0.8307421803474426 51
1738155626115 0.8331640362739563 52
1738155626116 0.8336328268051147 53
1738155626117 0.8314453363418579 54
1738155626118 0.8348437547683716 55
1738155626119 0.8364062309265137 56
1738155626120 0.8410937786102295 57
1738155626122 0.8388671875 58
1738155626123 0.8414453268051147 59
1738155626124 0.8428906202316284 60
1738155626125 0.8424609303474426 61
1738155626126 0.8420703411102295 62
1738155626127 0.8452734351158142 63
1738155626129 0.8504297137260437 64
1738155626130 0.8460156321525574 65
1738155626131 0.8473047018051147 66
1738155626132 0.8490625023841858 67
1738155626133 0.8507421612739563 68
1738155626134 0.8500390648841858 69
