1738155626045 2.9845852851867676 0
1738155626047 2.3430914878845215 1
1738155626048 2.1025807857513428 2
1738155626049 1.9878958463668823 3
1738155626051 1.8724740743637085 4
1738155626052 1.780961275100708 5
1738155626053 1.6872727870941162 6
1738155626055 1.6012089252471924 7
1738155626057 1.507645606994629 8
1738155626060 1.4432646036148071 9
1738155626062 1.3858603239059448 10
1738155626064 1.309047818183899 11
1738155626066 1.2616534233093262 12
1738155626068 1.1869901418685913 13
1738155626070 1.1518635749816895 14
1738155626071 1.1080219745635986 15
1738155626072 1.0840039253234863 16
1738155626073 1.0450187921524048 17
1738155626075 1.0100096464157104 18
1738155626076 0.986085832118988 19
1738155626077 0.9501519799232483 20
1738155626078 0.9314937591552734 21
1738155626079 0.9108765125274658 22
1738155626081 0.9001450538635254 23
1738155626082 0.8799693584442139 24
1738155626084 0.8527451157569885 25
1738155626085 0.8506855964660645 26
1738155626086 0.8268217444419861 27
1738155626087 0.8177552223205566 28
1738155626088 0.8021867871284485 29
1738155626089 0.7879336476325989 30
1738155626091 0.7743740081787109 31
1738155626092 0.7649781107902527 32
1738155626093 0.7596065998077393 33
1738155626094 0.7409014701843262 34
1738155626095 0.7350928783416748 35
1738155626096 0.733074426651001 36
1738155626098 0.7162500023841858 37
1738155626099 0.7126610279083252 38
1738155626100 0.7012712955474854 39
1738155626101 0.6985827088356018 40
1738155626102 0.6835425496101379 41
1738155626103 0.6837730407714844 42
1738155626105 0.6730048656463623 43
1738155626106 0.6760157942771912 44
1738155626107 0.657339334487915 45
1738155626108 0.6502477526664734 46
1738155626109 0.6505856513977051 47
1738155626110 0.6402960419654846 48
1738155626111 0.64637291431427 49
1738155626112 0.6346825957298279 50
1738155626114 0.6301347017288208 51
1738155626115 0.6250830292701721 52
1738155626116 0.6237510442733765 53
1738155626117 0.6252689957618713 54
1738155626118 0.6106569170951843 55
1738155626119 0.6065513491630554 56
1738155626120 0.6017036437988281 57
1738155626122 0.602735161781311 58
1738155626123 0.5994011759757996 59
1738155626124 0.5866876840591431 60
1738155626125 0.5866862535476685 61
1738155626126 0.5879738926887512 62
1738155626127 0.5804104208946228 63
1738155626129 0.5721784830093384 64
1738155626130 0.5695949196815491 65
1738155626131 0.5711038708686829 66
1738155626132 0.5627988576889038 67
1738155626133 0.565222442150116 68
1738155626134 0.5550180673599243 69
