1738772297140 0.5 0
1738772297142 0.5835156440734863 1
1738772297143 0.6239062547683716 2
1738772297144 0.6363281011581421 3
1738772297146 0.6553515791893005 4
1738772297147 0.6655468940734863 5
1738772297148 0.6729297041893005 6
1738772297151 0.6786718964576721 7
1738772297152 0.6780468821525574 8
1738772297154 0.6825781464576721 9
1738772297155 0.6928515434265137 10
1738772297156 0.6914452910423279 11
1738772297157 0.7022265791893005 12
1738772297159 0.7091015577316284 13
1738772297160 0.6997265815734863 14
1738772297161 0.7126171588897705 15
1738772297163 0.707226574420929 16
1738772297165 0.7098047137260437 17
1738772297166 0.7165234088897705 18
1738772297168 0.7195703387260437 19
1738772297169 0.7196875214576721 20
1738772297170 0.7185156345367432 21
1738772297171 0.714648425579071 22
1738772297173 0.7262499928474426 23
1738772297174 0.7264453172683716 24
1738772297175 0.7248437404632568 25
1738772297176 0.7271093726158142 26
1738772297177 0.7271093726158142 27
1738772297179 0.7216796875 28
1738772297180 0.732421875 29
1738772297181 0.729296863079071 30
1738772297183 0.7316796779632568 31
1738772297184 0.7325780987739563 32
1738772297185 0.7268359661102295 33
1738772297187 0.7269140481948853 34
1738772297188 0.733593761920929 35
1738772297189 0.734375 36
1738772297190 0.7301952838897705 37
1738772297192 0.732421875 38
1738772297193 0.7342578172683716 39
1738772297194 0.7295703291893005 40
1738772297196 0.7386718988418579 41
1738772297197 0.7390234470367432 42
1738772297199 0.7349218726158142 43
1738772297200 0.7299609184265137 44
1738772297202 0.731249988079071 45
1738772297203 0.7347656488418579 46
1738772297205 0.7330859303474426 47
1738772297206 0.7304297089576721 48
1738772297208 0.7428125143051147 49
1738772297209 0.7309374809265137 50
1738772297211 0.7401171922683716 51
1738772297212 0.7376953363418579 52
1738772297214 0.7394140362739563 53
1738772297215 0.7337890863418579 54
1738772297217 0.7348437309265137 55
1738772297218 0.7426953315734863 56
1738772297220 0.7378906011581421 57
1738772297221 0.7354297041893005 58
1738772297222 0.7417187690734863 59
1738772297224 0.7445703148841858 60
1738772297225 0.736328125 61
1738772297227 0.7462499737739563 62
1738772297228 0.7403515577316284 63
1738772297230 0.7387890815734863 64
1738772297232 0.7402734160423279 65
1738772297234 0.743945300579071 66
1738772297235 0.7399218678474426 67
1738772297237 0.7434375286102295 68
1738772297239 0.7413281202316284 69
1738772297240 0.7392968535423279 70
1738772297242 0.7389453053474426 71
1738772297244 0.7390234470367432 72
1738772297246 0.7463672161102295 73
1738772297247 0.7393749952316284 74
1738772297249 0.739453136920929 75
1738772297251 0.7434765696525574 76
1738772297253 0.747851550579071 77
1738772297254 0.7425781488418579 78
1738772297256 0.7483203411102295 79
1738772297258 0.7386718988418579 80
1738772297260 0.7417968511581421 81
1738772297261 0.7487109303474426 82
1738772297263 0.7407812476158142 83
1738772297265 0.7408593893051147 84
1738772297267 0.7483593821525574 85
1738772297269 0.7391796708106995 86
1738772297271 0.7446484565734863 87
1738772297272 0.740039050579071 88
1738772297274 0.7427734136581421 89
1738772297276 0.7479687333106995 90
1738772297277 0.740429699420929 91
1738772297278 0.7441015839576721 92
1738772297279 0.7460547089576721 93
1738772297281 0.7447265386581421 94
1738772297282 0.7420703172683716 95
1738772297283 0.7414453029632568 96
1738772297284 0.7417968511581421 97
1738772297285 0.7406250238418579 98
1738772297286 0.7521093487739563 99
1738772297288 0.7473046779632568 100
1738772297289 0.74609375 101
1738772297290 0.7466015815734863 102
1738772297291 0.7502734661102295 103
1738772297292 0.7469531297683716 104
1738772297294 0.749218761920929 105
1738772297295 0.7471874952316284 106
1738772297296 0.748046875 107
1738772297297 0.742968738079071 108
1738772297298 0.7478906512260437 109
1738772297300 0.7434375286102295 110
1738772297301 0.7436718940734863 111
1738772297302 0.749218761920929 112
1738772297303 0.7484765648841858 113
1738772297304 0.7424218654632568 114
1738772297305 0.739453136920929 115
1738772297307 0.7525781393051147 116
1738772297308 0.748828113079071 117
1738772297309 0.7476171851158142 118
1738772297310 0.743359386920929 119
