1738772297140 1.6344372034072876 0
1738772297142 1.266506314277649 1
1738772297143 1.1682528257369995 2
1738772297144 1.1474436521530151 3
1738772297146 1.106069564819336 4
1738772297147 1.093489170074463 5
1738772297148 1.065477728843689 6
1738772297151 1.0571143627166748 7
1738772297152 1.0586377382278442 8
1738772297154 1.0426889657974243 9
1738772297155 1.0326491594314575 10
1738772297156 1.0270326137542725 11
1738772297157 1.005455732345581 12
1738772297159 0.9984988570213318 13
1738772297160 1.011004090309143 14
1738772297161 0.9855539798736572 15
1738772297163 1.0075085163116455 16
1738772297165 0.9912052154541016 17
1738772297166 0.9755104184150696 18
1738772297168 0.9641304612159729 19
1738772297169 0.9571958780288696 20
1738772297170 0.9765444993972778 21
1738772297171 0.9809511303901672 22
1738772297173 0.952202320098877 23
1738772297174 0.9529381394386292 24
1738772297175 0.9539666771888733 25
1738772297176 0.9535873532295227 26
1738772297177 0.9435319304466248 27
1738772297179 0.9615557193756104 28
1738772297180 0.9297622442245483 29
1738772297181 0.943288266658783 30
1738772297183 0.9443015456199646 31
1738772297184 0.9431236982345581 32
1738772297185 0.9554654955863953 33
1738772297187 0.9474179148674011 34
1738772297188 0.9342419505119324 35
1738772297189 0.9489240050315857 36
1738772297190 0.9400069713592529 37
1738772297192 0.9409630298614502 38
1738772297193 0.9395893812179565 39
1738772297194 0.947999894618988 40
1738772297196 0.9250178337097168 41
1738772297197 0.9223909974098206 42
1738772297199 0.9240644574165344 43
1738772297200 0.9351292252540588 44
1738772297202 0.9416823387145996 45
1738772297203 0.9322457909584045 46
1738772297205 0.9345999956130981 47
1738772297206 0.9395847320556641 48
1738772297208 0.9141682386398315 49
1738772297209 0.9371541738510132 50
1738772297211 0.915108859539032 51
1738772297212 0.9239458441734314 52
1738772297214 0.913279116153717 53
1738772297215 0.9336446523666382 54
1738772297217 0.9277193546295166 55
1738772297218 0.9129840731620789 56
1738772297220 0.9203920960426331 57
1738772297221 0.9295860528945923 58
1738772297222 0.9161893725395203 59
1738772297224 0.9171861410140991 60
1738772297225 0.9242876172065735 61
1738772297227 0.9063974022865295 62
1738772297228 0.9172823429107666 63
1738772297230 0.9134064316749573 64
1738772297232 0.9204375743865967 65
1738772297234 0.9053342342376709 66
1738772297235 0.9093195199966431 67
1738772297237 0.9103908538818359 68
1738772297239 0.9089529514312744 69
1738772297240 0.9118483066558838 70
1738772297242 0.9104959964752197 71
1738772297244 0.9187330007553101 72
1738772297246 0.9080824255943298 73
1738772297247 0.9180850386619568 74
1738772297249 0.9157674908638 75
1738772297251 0.9139772653579712 76
1738772297253 0.8992971777915955 77
1738772297254 0.9106733202934265 78
1738772297256 0.9005980491638184 79
1738772297258 0.9182150959968567 80
1738772297260 0.9112322926521301 81
1738772297261 0.8999318480491638 82
1738772297263 0.9146144986152649 83
1738772297265 0.9125843644142151 84
1738772297267 0.9067545533180237 85
1738772297269 0.9289544820785522 86
1738772297271 0.9027612209320068 87
1738772297272 0.9145601391792297 88
1738772297274 0.9110025763511658 89
1738772297276 0.9009941220283508 90
1738772297277 0.9201819896697998 91
1738772297278 0.9132551550865173 92
1738772297279 0.9039135575294495 93
1738772297281 0.9073273539543152 94
1738772297282 0.9103050231933594 95
1738772297283 0.91539466381073 96
1738772297284 0.9179348945617676 97
1738772297285 0.9190608859062195 98
1738772297286 0.8887929320335388 99
1738772297288 0.9052666425704956 100
1738772297289 0.8932068347930908 101
1738772297290 0.9005078673362732 102
1738772297291 0.8926994204521179 103
1738772297292 0.9031646251678467 104
1738772297294 0.885765016078949 105
1738772297295 0.9050910472869873 106
1738772297296 0.9046767950057983 107
1738772297297 0.9077278971672058 108
1738772297298 0.9034087657928467 109
1738772297300 0.8976278901100159 110
1738772297301 0.9108083844184875 111
1738772297302 0.9023619294166565 112
1738772297303 0.8944424986839294 113
1738772297304 0.9098911285400391 114
1738772297305 0.9209362268447876 115
1738772297307 0.8931355476379395 116
1738772297308 0.899609386920929 117
1738772297309 0.8947433233261108 118
1738772297310 0.9075273871421814 119
