1738016927661 1.7093679904937744 0
1738016927663 1.270932674407959 1
1738016927664 1.118149995803833 2
1738016927665 1.0269734859466553 3
1738016927665 0.980135440826416 4
1738016927667 0.9062764048576355 5
1738016927668 0.8442277312278748 6
1738016927668 0.7840207815170288 7
1738016927669 0.7706756591796875 8
1738016927670 0.752637505531311 9
1738016927671 0.7355627417564392 10
1738016927672 0.7150651812553406 11
1738016927674 0.697989821434021 12
1738016927675 0.6786850094795227 13
1738016927676 0.6589767932891846 14
1738016927677 0.6508339643478394 15
1738016927679 0.619978666305542 16
1738016927681 0.6212058067321777 17
1738016927682 0.6052038669586182 18
1738016927683 0.590905487537384 19
1738016927684 0.5936083793640137 20
1738016927685 0.577537477016449 21
1738016927686 0.5707005858421326 22
1738016927687 0.5532178282737732 23
1738016927688 0.5656203031539917 24
1738016927690 0.5410709977149963 25
1738016927691 0.5273287296295166 26
1738016927691 0.5432667136192322 27
1738016927693 0.5229350328445435 28
1738016927694 0.5136500597000122 29
1738016927695 0.5185386538505554 30
1738016927696 0.5270553231239319 31
1738016927698 0.5051233768463135 32
1738016927699 0.4882121980190277 33
1738016927700 0.48952606320381165 34
1738016927701 0.4826030433177948 35
1738016927702 0.48462462425231934 36
1738016927703 0.4768880009651184 37
1738016927704 0.4764469861984253 38
1738016927704 0.47130805253982544 39
1738016927705 0.47822806239128113 40
1738016927706 0.4626418352127075 41
1738016927707 0.45094385743141174 42
1738016927708 0.4624228775501251 43
1738016927709 0.4988746643066406 44
1738016927710 0.49733197689056396 45
1738016927712 0.4750133454799652 46
1738016927713 0.4530527591705322 47
1738016927714 0.4730626940727234 48
1738016927715 0.45553767681121826 49
1738016927716 0.43304917216300964 50
1738016927717 0.43291735649108887 51
1738016927718 0.42590633034706116 52
1738016927719 0.42972129583358765 53
1738016927720 0.4277830123901367 54
1738016927721 0.4339427649974823 55
1738016927722 0.4255969524383545 56
1738016927723 0.41279497742652893 57
1738016927724 0.41538742184638977 58
1738016927725 0.42141300439834595 59
1738016927726 0.41432297229766846 60
1738016927727 0.4138576090335846 61
1738016927728 0.4088445007801056 62
1738016927729 0.43795153498649597 63
