1738016927661 0.3649218678474426 0
1738016927663 0.5493749976158142 1
1738016927664 0.6160547137260437 2
1738016927665 0.652148425579071 3
1738016927665 0.6711719036102295 4
1738016927667 0.6999218463897705 5
1738016927668 0.7305077910423279 6
1738016927668 0.7456250190734863 7
1738016927669 0.754101574420929 8
1738016927670 0.7607031464576721 9
1738016927671 0.7625781297683716 10
1738016927672 0.7730859518051147 11
1738016927674 0.7816015481948853 12
1738016927675 0.785937488079071 13
1738016927676 0.7935546636581421 14
1738016927677 0.7978125214576721 15
1738016927679 0.8046484589576721 16
1738016927681 0.8028905987739563 17
1738016927682 0.8101562261581421 18
1738016927683 0.8134375214576721 19
1738016927684 0.8137500286102295 20
1738016927685 0.8182031512260437 21
1738016927686 0.8205468654632568 22
1738016927687 0.8251171708106995 23
1738016927688 0.8194531202316284 24
1738016927690 0.8293359279632568 25
1738016927691 0.8325390815734863 26
1738016927691 0.829296886920929 27
1738016927693 0.8342968821525574 28
1738016927694 0.8387109637260437 29
1738016927695 0.8389843702316284 30
1738016927696 0.8351953029632568 31
1738016927698 0.841796875 32
1738016927699 0.8478124737739563 33
1738016927700 0.8425390720367432 34
1738016927701 0.8472656011581421 35
1738016927702 0.8463671803474426 36
1738016927703 0.8505077958106995 37
1738016927704 0.8478906154632568 38
1738016927704 0.8541406393051147 39
1738016927705 0.8500390648841858 40
1738016927706 0.854687511920929 41
1738016927707 0.8571875095367432 42
1738016927708 0.8528515696525574 43
1738016927709 0.8438671827316284 44
1738016927710 0.8428124785423279 45
1738016927712 0.8523828387260437 46
1738016927713 0.8548437356948853 47
1738016927714 0.8531640768051147 48
1738016927715 0.856640636920929 49
1738016927716 0.8623437285423279 50
1738016927717 0.8627734184265137 51
1738016927718 0.8633984327316284 52
1738016927719 0.8634374737739563 53
1738016927720 0.8649218678474426 54
1738016927721 0.8632422089576721 55
1738016927722 0.8665624856948853 56
1738016927723 0.8685937523841858 57
1738016927724 0.8675390481948853 58
1738016927725 0.866992175579071 59
1738016927726 0.8692578077316284 60
1738016927727 0.8671093583106995 61
1738016927728 0.8694921731948853 62
1738016927729 0.8644140362739563 63
