1738112076936 1.5931158065795898 0
1738112076938 1.0510889291763306 1
1738112076939 0.8573665022850037 2
1738112076941 0.7471362948417664 3
1738112076942 0.6817471385002136 4
1738112076943 0.6422937512397766 5
1738112076945 0.6190080046653748 6
1738112076946 0.599181592464447 7
1738112076948 0.5832476019859314 8
1738112076950 0.5372968912124634 9
1738112076951 0.5461125373840332 10
1738112076952 0.5222226977348328 11
1738112076954 0.5093801617622375 12
1738112076956 0.514061689376831 13
1738112076958 0.5210060477256775 14
1738112076960 0.521445095539093 15
1738112076962 0.49148598313331604 16
1738112076963 0.49885064363479614 17
1738112076964 0.48976436257362366 18
1738112076966 0.4717464745044708 19
1738112076967 0.4742778539657593 20
1738112076968 0.4667223393917084 21
1738112076969 0.46610504388809204 22
1738112076971 0.4513590633869171 23
1738112076972 0.46178138256073 24
1738112076975 0.46476060152053833 25
1738112076976 0.466421902179718 26
1738112076978 0.44806912541389465 27
1738112076980 0.4481937885284424 28
1738112076982 0.4467735290527344 29
1738112076983 0.4402788579463959 30
1738112076985 0.4430878162384033 31
1738112076987 0.43946248292922974 32
