1738112076936 0.4358203113079071 0
1738112076938 0.6228906512260437 1
1738112076939 0.7023828029632568 2
1738112076941 0.7447656393051147 3
1738112076942 0.7689062356948853 4
1738112076943 0.7811718583106995 5
1738112076945 0.7946484088897705 6
1738112076946 0.8008202910423279 7
1738112076948 0.8066015839576721 8
1738112076950 0.8176953196525574 9
1738112076951 0.8187890648841858 10
1738112076952 0.8249609470367432 11
1738112076954 0.8303906321525574 12
1738112076956 0.8289843797683716 13
1738112076958 0.8279687762260437 14
1738112076960 0.8276562690734863 15
1738112076962 0.8353906273841858 16
1738112076963 0.8315625190734863 17
1738112076964 0.8370702862739563 18
1738112076966 0.8440234661102295 19
1738112076967 0.8425390720367432 20
1738112076968 0.845507800579071 21
1738112076969 0.8437109589576721 22
1738112076971 0.8465234637260437 23
1738112076972 0.8453906178474426 24
1738112076975 0.8448437452316284 25
1738112076976 0.8434374928474426 26
1738112076978 0.8497655987739563 27
1738112076980 0.8491015434265137 28
1738112076982 0.8500000238418579 29
1738112076983 0.8526562452316284 30
1738112076985 0.8545703291893005 31
1738112076987 0.8510546684265137 32
