1738275195827 0.3991015553474426 0
1738275195829 0.610546886920929 1
1738275195830 0.725390613079071 2
1738275195833 0.771679699420929 3
1738275195834 0.7999218702316284 4
1738275195836 0.8163672089576721 5
1738275195837 0.8270702958106995 6
1738275195839 0.8376562595367432 7
1738275195842 0.8396875262260437 8
1738275195843 0.8509374856948853 9
1738275195845 0.8518750071525574 10
1738275195847 0.8565624952316284 11
1738275195849 0.8582812547683716 12
1738275195852 0.8641015887260437 13
1738275195853 0.8613671660423279 14
1738275195855 0.8645703196525574 15
1738275195857 0.8685156106948853 16
1738275195859 0.8675000071525574 17
1738275195860 0.8696093559265137 18
1738275195862 0.8716406226158142 19
1738275195865 0.8717968463897705 20
1738275195867 0.874218761920929 21
1738275195869 0.8756250143051147 22
1738275195871 0.8776953220367432 23
1738275195873 0.8803906440734863 24
1738275195874 0.8807031512260437 25
1738275195876 0.8790624737739563 26
1738275195878 0.881054699420929 27
1738275195881 0.8802734613418579 28
1738275195883 0.8798828125 29
1738275195884 0.8817577958106995 30
