1738275195827 1.7734618186950684 0
1738275195829 1.0746090412139893 1
1738275195830 0.7839300036430359 2
1738275195833 0.6557521820068359 3
1738275195834 0.5879430174827576 4
1738275195836 0.5396618843078613 5
1738275195837 0.5051268339157104 6
1738275195839 0.48330652713775635 7
1738275195842 0.47046416997909546 8
1738275195843 0.4464002251625061 9
1738275195845 0.44493424892425537 10
1738275195847 0.4246169328689575 11
1738275195849 0.42409905791282654 12
1738275195852 0.39865872263908386 13
1738275195853 0.40898948907852173 14
1738275195855 0.3977636992931366 15
1738275195857 0.38618338108062744 16
1738275195859 0.3865314722061157 17
1738275195860 0.3809247314929962 18
1738275195862 0.3706786632537842 19
1738275195865 0.37085944414138794 20
1738275195867 0.36385291814804077 21
1738275195869 0.36125731468200684 22
1738275195871 0.3562999367713928 23
1738275195873 0.3521946668624878 24
1738275195874 0.3498554527759552 25
1738275195876 0.35271498560905457 26
1738275195878 0.34132784605026245 27
1738275195881 0.350029855966568 28
1738275195883 0.34443989396095276 29
1738275195884 0.3447510600090027 30
