1738084546660 1.9043251276016235 0
1738084546661 1.7896111011505127 1
1738084546662 1.652297019958496 2
1738084546664 1.565729022026062 3
1738084546665 1.5150529146194458 4
1738084546666 1.4580140113830566 5
1738084546667 1.4149965047836304 6
1738084546668 1.3702192306518555 7
1738084546670 1.33414626121521 8
1738084546672 1.317817211151123 9
1738084546674 1.2781404256820679 10
1738084546676 1.2602221965789795 11
1738084546677 1.1906368732452393 12
1738084546678 1.158326268196106 13
1738084546679 1.1000224351882935 14
1738084546680 1.0844663381576538 15
1738084546681 1.0525554418563843 16
1738084546682 1.0334526300430298 17
1738084546684 1.012578010559082 18
1738084546685 0.9859554767608643 19
1738084546686 0.9831880331039429 20
1738084546687 0.9648545980453491 21
1738084546688 0.9582244157791138 22
1738084546690 0.9508810639381409 23
1738084546692 0.9383364319801331 24
1738084546693 0.9380632638931274 25
1738084546694 0.922172486782074 26
1738084546695 0.9198652505874634 27
1738084546696 0.8958231210708618 28
1738084546697 0.8947988748550415 29
1738084546698 0.8837237358093262 30
1738084546699 0.8699003458023071 31
1738084546700 0.8656044006347656 32
1738084546701 0.8490380048751831 33
1738084546703 0.8581212759017944 34
1738084546704 0.8386409878730774 35
1738084546706 0.8352529406547546 36
1738084546708 0.825721025466919 37
1738084546709 0.8116555213928223 38
1738084546711 0.8126522302627563 39
1738084546712 0.8050311803817749 40
1738084546713 0.8017997741699219 41
1738084546714 0.7857726216316223 42
1738084546715 0.7841513156890869 43
1738084546716 0.7638078927993774 44
1738084546717 0.7551659345626831 45
1738084546718 0.760776698589325 46
1738084546719 0.7496097087860107 47
1738084546721 0.7407166957855225 48
1738084546723 0.7334659695625305 49
1738084546724 0.7266029119491577 50
1738084546726 0.7237180471420288 51
1738084546727 0.7217445969581604 52
1738084546728 0.724073588848114 53
1738084546729 0.7221831679344177 54
1738084546730 0.7235892415046692 55
1738084546731 0.7027748823165894 56
1738084546732 0.7059179544448853 57
1738084546733 0.693001925945282 58
1738084546735 0.6824373602867126 59
1738084546736 0.6871819496154785 60
1738084546738 0.6728647351264954 61
1738084546740 0.6961988210678101 62
1738084546741 0.6677572131156921 63
1738084546743 0.6723092794418335 64
1738084546744 0.6636736989021301 65
1738084546745 0.6602055430412292 66
1738084546746 0.6634723544120789 67
1738084546747 0.6556856036186218 68
1738084546748 0.6573964953422546 69
1738084546749 0.6466768383979797 70
1738084546750 0.6500496864318848 71
1738084546751 0.6418148875236511 72
1738084546752 0.6371027231216431 73
1738084546753 0.642055869102478 74
1738084546754 0.6300173997879028 75
1738084546756 0.6346039772033691 76
1738084546757 0.626599907875061 77
1738084546759 0.6239379048347473 78
1738084546760 0.6255411505699158 79
1738084546761 0.6189379692077637 80
1738084546762 0.6187915802001953 81
1738084546763 0.6069625616073608 82
1738084546764 0.6308191418647766 83
1738084546765 0.6026976704597473 84
1738084546766 0.6084855794906616 85
1738084546767 0.6034234762191772 86
1738084546768 0.612548291683197 87
1738084546769 0.6043775081634521 88
1738084546771 0.5909706354141235 89
1738084546772 0.598376989364624 90
1738084546774 0.5951155424118042 91
1738084546775 0.6010885834693909 92
1738084546776 0.593034565448761 93
1738084546778 0.5842349529266357 94
1738084546779 0.5817140936851501 95
1738084546780 0.585927426815033 96
1738084546781 0.5907343029975891 97
1738084546782 0.5783652067184448 98
1738084546783 0.5820075869560242 99
1738084546784 0.5824592113494873 100
1738084546785 0.5817487835884094 101
1738084546786 0.5782217383384705 102
1738084546787 0.561882734298706 103
1738084546788 0.5710301995277405 104
1738084546789 0.5622037649154663 105
1738084546790 0.5813855528831482 106
1738084546791 0.5626785755157471 107
1738084546792 0.5685997009277344 108
1738084546793 0.5572453737258911 109
1738084546794 0.5514190196990967 110
1738084546795 0.5539585947990417 111
1738084546796 0.554419219493866 112
1738084546797 0.5598267316818237 113
1738084546798 0.5528547763824463 114
1738084546799 0.5545710325241089 115
1738084546800 0.5497870445251465 116
1738084546801 0.5747047662734985 117
1738084546803 0.5480242371559143 118
1738084546804 0.5466240644454956 119
