1738084546660 0.20874999463558197 0
1738084546661 0.29792967438697815 1
1738084546662 0.36253905296325684 2
1738084546664 0.38234373927116394 3
1738084546665 0.39742186665534973 4
1738084546666 0.43214842677116394 5
1738084546667 0.4395703077316284 6
1738084546668 0.4602343738079071 7
1738084546670 0.4822656214237213 8
1738084546672 0.4879687428474426 9
1738084546674 0.5102343559265137 10
1738084546676 0.5186718702316284 11
1738084546677 0.5599609613418579 12
1738084546678 0.5810156464576721 13
1738084546679 0.607421875 14
1738084546680 0.6132422089576721 15
1738084546681 0.6275390386581421 16
1738084546682 0.634960949420929 17
1738084546684 0.6394140720367432 18
1738084546685 0.6548047065734863 19
1738084546686 0.6544530987739563 20
1738084546687 0.6579687595367432 21
1738084546688 0.6620312333106995 22
1738084546690 0.6662890911102295 23
1738084546692 0.6729687452316284 24
1738084546693 0.6702734231948853 25
1738084546694 0.6744921803474426 26
1738084546695 0.6794531345367432 27
1738084546696 0.6840624809265137 28
1738084546697 0.686328113079071 29
1738084546698 0.6919921636581421 30
1738084546699 0.6966797113418579 31
1738084546700 0.7019922137260437 32
1738084546701 0.7054687738418579 33
1738084546703 0.7038280963897705 34
1738084546704 0.7122265696525574 35
1738084546706 0.7108984589576721 36
1738084546708 0.715039074420929 37
1738084546709 0.7198827862739563 38
1738084546711 0.723437488079071 39
1738084546712 0.7219531536102295 40
1738084546713 0.7244531512260437 41
1738084546714 0.7365624904632568 42
1738084546715 0.7342578172683716 43
1738084546716 0.7398828268051147 44
1738084546717 0.742382824420929 45
1738084546718 0.7433984279632568 46
1738084546719 0.7462499737739563 47
1738084546721 0.7498828172683716 48
1738084546723 0.7538672089576721 49
1738084546724 0.7556250095367432 50
1738084546726 0.7547265887260437 51
1738084546727 0.7578515410423279 52
1738084546728 0.7563281059265137 53
1738084546729 0.7595312595367432 54
1738084546730 0.7583984136581421 55
1738084546731 0.7660937309265137 56
1738084546732 0.7645312547683716 57
1738084546733 0.7689843773841858 58
1738084546735 0.7739843726158142 59
1738084546736 0.7700390815734863 60
1738084546738 0.7737500071525574 61
1738084546740 0.7665234208106995 62
1738084546741 0.7785937786102295 63
1738084546743 0.7751562595367432 64
1738084546744 0.7793750166893005 65
1738084546745 0.7806640863418579 66
1738084546746 0.7796875238418579 67
1738084546747 0.783203125 68
1738084546748 0.7793359160423279 69
1738084546749 0.7856640815734863 70
1738084546750 0.7830469012260437 71
1738084546751 0.7841015458106995 72
1738084546752 0.7892968654632568 73
1738084546753 0.7883594036102295 74
1738084546754 0.789257824420929 75
1738084546756 0.7905468940734863 76
1738084546757 0.7900000214576721 77
1738084546759 0.7930859327316284 78
1738084546760 0.7934374809265137 79
1738084546761 0.7948828339576721 80
1738084546762 0.7962890863418579 81
1738084546763 0.798046886920929 82
1738084546764 0.7907031178474426 83
1738084546765 0.8015234470367432 84
1738084546766 0.7984374761581421 85
1738084546767 0.8019921779632568 86
1738084546768 0.7975000143051147 87
1738084546769 0.8010156154632568 88
1738084546771 0.8042968511581421 89
1738084546772 0.8037499785423279 90
1738084546774 0.8037109375 91
1738084546775 0.7982031106948853 92
1738084546776 0.803515613079071 93
1738084546778 0.8048046827316284 94
1738084546779 0.8047656416893005 95
1738084546780 0.8062109351158142 96
1738084546781 0.804492175579071 97
1738084546782 0.8095312714576721 98
1738084546783 0.8075000047683716 99
1738084546784 0.8089452981948853 100
1738084546785 0.8088281154632568 101
1738084546786 0.8060547113418579 102
1738084546787 0.8117969036102295 103
1738084546788 0.8065234422683716 104
1738084546789 0.8123828172683716 105
1738084546790 0.8087109327316284 106
1738084546791 0.8140234351158142 107
1738084546792 0.8099218606948853 108
1738084546793 0.8134765625 109
1738084546794 0.8153125047683716 110
1738084546795 0.8159375190734863 111
1738084546796 0.8150781393051147 112
1738084546797 0.8143749833106995 113
1738084546798 0.8164843916893005 114
1738084546799 0.8176171779632568 115
1738084546800 0.8177343606948853 116
1738084546801 0.8099218606948853 117
1738084546803 0.8207421898841858 118
1738084546804 0.8172265887260437 119
