1738444697245 0.17050781846046448 0
1738444697247 0.16496093571186066 1
1738444697248 0.16625000536441803 2
1738444697249 0.16796875 3
1738444697252 0.17023438215255737 4
1738444697254 0.16621093451976776 5
1738444697255 0.16582031548023224 6
1738444697257 0.16875000298023224 7
1738444697258 0.1667187511920929 8
1738444697259 0.16789062321186066 9
1738444697261 0.16804687678813934 10
1738444697262 0.16707031428813934 11
1738444697263 0.16902343928813934 12
1738444697264 0.16472655534744263 13
1738444697266 0.16578124463558197 14
1738444697268 0.16972656548023224 15
1738444697270 0.16820313036441803 16
1738444697271 0.1662890613079071 17
1738444697272 0.16374999284744263 18
1738444697273 0.16820313036441803 19
1738444697275 0.16515624523162842 20
1738444697276 0.16625000536441803 21
1738444697277 0.16171875596046448 22
1738444697279 0.16566406190395355 23
1738444697280 0.17003905773162842 24
1738444697281 0.16523437201976776 25
1738444697283 0.1685156226158142 26
1738444697285 0.1646093726158142 27
1738444697286 0.1682421863079071 28
1738444697287 0.16328124701976776 29
1738444697289 0.16593749821186066 30
1738444697290 0.16632813215255737 31
1738444697291 0.17207030951976776 32
1738444697292 0.1668359339237213 33
1738444697293 0.1691015660762787 34
1738444697294 0.16957031190395355 35
1738444697295 0.1607031226158142 36
1738444697297 0.16859374940395355 37
1738444697298 0.16539062559604645 38
1738444697299 0.16289062798023224 39
1738444697302 0.171875 40
1738444697304 0.1646093726158142 41
1738444697305 0.16468749940395355 42
1738444697306 0.16464844346046448 43
1738444697307 0.16339844465255737 44
1738444697309 0.16484375298023224 45
1738444697310 0.16593749821186066 46
1738444697311 0.16953125596046448 47
1738444697312 0.16496093571186066 48
1738444697313 0.16621093451976776 49
1738444697314 0.16562500596046448 50
1738444697316 0.16996093094348907 51
1738444697318 0.16398437321186066 52
1738444697319 0.16855469346046448 53
1738444697321 0.1646093726158142 54
1738444697322 0.16859374940395355 55
1738444697323 0.1668359339237213 56
1738444697324 0.16613280773162842 57
1738444697326 0.16570311784744263 58
1738444697327 0.1693750023841858 59
1738444697328 0.1664453148841858 60
1738444697329 0.16863280534744263 61
1738444697330 0.16746093332767487 62
1738444697331 0.17000000178813934 63
1738444697332 0.16828125715255737 64
1738444697334 0.16515624523162842 65
1738444697335 0.166015625 66
1738444697337 0.16566406190395355 67
1738444697339 0.1642187535762787 68
1738444697341 0.16871093213558197 69
1738444697343 0.16789062321186066 70
1738444697344 0.16761718690395355 71
1738444697345 0.16597656905651093 72
1738444697346 0.16515624523162842 73
1738444697347 0.16980469226837158 74
1738444697349 0.16695313155651093 75
1738444697351 0.16972656548023224 76
1738444697353 0.16804687678813934 77
1738444697356 0.16667968034744263 78
1738444697357 0.16914062201976776 79
1738444697359 0.17218750715255737 80
1738444697360 0.16355468332767487 81
1738444697361 0.16789062321186066 82
1738444697363 0.16496093571186066 83
1738444697366 0.16632813215255737 84
1738444697368 0.1642187535762787 85
1738444697370 0.1665624976158142 86
1738444697371 0.16472655534744263 87
1738444697372 0.16566406190395355 88
1738444697373 0.16968749463558197 89
1738444697375 0.1664453148841858 90
1738444697376 0.166015625 91
1738444697377 0.16539062559604645 92
1738444697378 0.16554687917232513 93
1738444697379 0.16789062321186066 94
1738444697381 0.16804687678813934 95
1738444697382 0.1674218773841858 96
1738444697384 0.16621093451976776 97
1738444697387 0.16906249523162842 98
1738444697389 0.16664062440395355 99
1738444697391 0.16847656667232513 100
1738444697393 0.16394531726837158 101
1738444697394 0.166015625 102
1738444697396 0.16722656786441803 103
1738444697397 0.16675780713558197 104
1738444697398 0.16507811844348907 105
1738444697400 0.16882812976837158 106
1738444697402 0.16550780832767487 107
1738444697403 0.16882812976837158 108
1738444697404 0.16582031548023224 109
1738444697405 0.16679687798023224 110
1738444697407 0.1644921898841858 111
1738444697408 0.16710937023162842 112
1738444697410 0.1605859398841858 113
1738444697411 0.16316406428813934 114
1738444697412 0.16859374940395355 115
1738444697414 0.16562500596046448 116
1738444697415 0.16777344048023224 117
1738444697416 0.1667187511920929 118
1738444697418 0.16480468213558197 119
