1738444697245 18.694385528564453 0
1738444697247 13.7212553024292 1
1738444697248 14.446907997131348 2
1738444697249 13.312707901000977 3
1738444697252 13.463951110839844 4
1738444697254 13.477621078491211 5
1738444697255 13.807060241699219 6
1738444697257 13.073312759399414 7
1738444697258 12.691539764404297 8
1738444697259 13.056238174438477 9
1738444697261 13.855158805847168 10
1738444697262 13.294288635253906 11
1738444697263 12.865926742553711 12
1738444697264 12.85453987121582 13
1738444697266 13.364782333374023 14
1738444697268 13.569396018981934 15
1738444697270 12.902765274047852 16
1738444697271 12.760101318359375 17
1738444697272 13.303336143493652 18
1738444697273 49.23600769042969 19
1738444697275 13.427756309509277 20
1738444697276 12.256728172302246 21
1738444697277 12.174355506896973 22
1738444697279 12.243505477905273 23
1738444697280 12.180120468139648 24
1738444697281 12.135567665100098 25
1738444697283 12.268470764160156 26
1738444697285 12.222077369689941 27
1738444697286 12.274316787719727 28
1738444697287 12.252483367919922 29
1738444697289 12.257613182067871 30
1738444697290 12.272838592529297 31
1738444697291 12.287530899047852 32
1738444697292 12.265511512756348 33
1738444697293 12.303332328796387 34
1738444697294 12.35708999633789 35
1738444697295 12.394866943359375 36
1738444697297 12.564440727233887 37
1738444697298 12.615059852600098 38
1738444697299 12.749410629272461 39
1738444697302 12.863211631774902 40
1738444697304 12.576220512390137 41
1738444697305 12.836041450500488 42
1738444697306 12.749597549438477 43
1738444697307 12.639416694641113 44
1738444697309 12.540482521057129 45
1738444697310 12.679237365722656 46
1738444697311 12.604783058166504 47
1738444697312 12.734589576721191 48
1738444697313 13.287362098693848 49
1738444697314 13.791888236999512 50
1738444697316 14.037946701049805 51
1738444697318 12.927143096923828 52
1738444697319 12.872056007385254 53
1738444697321 13.281982421875 54
1738444697322 13.771505355834961 55
1738444697323 13.294581413269043 56
1738444697324 13.086557388305664 57
1738444697326 13.345490455627441 58
1738444697327 13.1238431930542 59
1738444697328 13.95650863647461 60
1738444697329 13.040787696838379 61
1738444697330 12.866127014160156 62
1738444697331 13.409158706665039 63
1738444697332 13.507964134216309 64
1738444697334 13.585860252380371 65
1738444697335 13.071883201599121 66
1738444697337 13.151379585266113 67
1738444697339 13.572646141052246 68
1738444697341 13.692963600158691 69
1738444697343 13.15505599975586 70
1738444697344 12.85169792175293 71
1738444697345 13.143380165100098 72
1738444697346 13.204841613769531 73
1738444697347 13.319408416748047 74
1738444697349 13.359910011291504 75
1738444697351 13.305926322937012 76
1738444697353 13.188232421875 77
1738444697356 12.788900375366211 78
1738444697357 13.098910331726074 79
1738444697359 47.10980987548828 80
1738444697360 17.03838348388672 81
1738444697361 12.488363265991211 82
1738444697363 12.257935523986816 83
1738444697366 12.204697608947754 84
1738444697368 12.16554069519043 85
1738444697370 12.258055686950684 86
1738444697371 12.235912322998047 87
1738444697372 12.290599822998047 88
1738444697373 12.37048053741455 89
1738444697375 12.406956672668457 90
1738444697376 12.17684555053711 91
1738444697377 12.289597511291504 92
1738444697378 12.262105941772461 93
1738444697379 12.217024803161621 94
1738444697381 12.220755577087402 95
1738444697382 12.317824363708496 96
1738444697384 12.233447074890137 97
1738444697387 12.345373153686523 98
1738444697389 12.458392143249512 99
1738444697391 12.492131233215332 100
1738444697393 12.607089042663574 101
1738444697394 12.756114959716797 102
1738444697396 12.792374610900879 103
1738444697397 12.804769515991211 104
1738444697398 12.634368896484375 105
1738444697400 12.683740615844727 106
1738444697402 12.617898941040039 107
1738444697403 12.640408515930176 108
1738444697404 12.7157621383667 109
1738444697405 13.020157814025879 110
1738444697407 13.451838493347168 111
1738444697408 13.260993957519531 112
1738444697410 13.303245544433594 113
1738444697411 12.9500150680542 114
1738444697412 13.599780082702637 115
1738444697414 13.3175630569458 116
1738444697415 13.661820411682129 117
1738444697416 13.383508682250977 118
1738444697418 13.2456636428833 119
