1738128288207 3.1626181602478027 0
1738128288215 2.5666916370391846 1
1738128288218 2.278155565261841 2
1738128288220 2.092111110687256 3
1738128288224 2.00512433052063 4
1738128288229 1.9128915071487427 5
1738128288233 1.8535664081573486 6
1738128288235 1.7770527601242065 7
1738128288238 1.715506911277771 8
1738128288241 1.6524778604507446 9
1738128288245 1.6073451042175293 10
1738128288248 1.5494811534881592 11
1738128288251 1.5063090324401855 12
1738128288255 1.4501333236694336 13
1738128288259 1.4062793254852295 14
1738128288263 1.3625942468643188 15
1738128288269 1.3251065015792847 16
1738128288272 1.2859588861465454 17
1738128288276 1.240444302558899 18
1738128288281 1.2133208513259888 19
1738128288285 1.169813871383667 20
1738128288288 1.1418522596359253 21
1738128288294 1.137751579284668 22
1738128288297 1.0882407426834106 23
1738128288301 1.0684906244277954 24
1738128288305 1.044463038444519 25
1738128288308 1.0199333429336548 26
1738128288314 0.9950297474861145 27
1738128288317 0.9743687510490417 28
1738128288321 0.939441442489624 29
1738128288325 0.9266903400421143 30
1738128288332 0.9059246182441711 31
1738128288335 0.8681793212890625 32
1738128288338 0.8631371855735779 33
1738128288342 0.8404754400253296 34
1738128288347 0.8325068950653076 35
1738128288351 0.8116087317466736 36
1738128288355 0.7975505590438843 37
1738128288358 0.7865524888038635 38
1738128288361 0.7682853937149048 39
1738128288364 0.7614099383354187 40
1738128288367 0.7370728254318237 41
1738128288370 0.7337293028831482 42
1738128288373 0.7236093282699585 43
1738128288376 0.7158175110816956 44
1738128288382 0.7032824754714966 45
1738128288387 0.692391037940979 46
1738128288391 0.6797699928283691 47
1738128288396 0.6691704392433167 48
1738128288400 0.6742737293243408 49
1738128288404 0.6668195128440857 50
