1738128288207 0.18054687976837158 0
1738128288215 0.20597656071186066 1
1738128288218 0.23289062082767487 2
1738128288220 0.2540625035762787 3
1738128288224 0.2777343690395355 4
1738128288229 0.29792967438697815 5
1738128288233 0.3173828125 6
1738128288235 0.33765625953674316 7
1738128288238 0.3568750023841858 8
1738128288241 0.37910157442092896 9
1738128288245 0.3992578089237213 10
1738128288248 0.4253515601158142 11
1738128288251 0.44398438930511475 12
1738128288255 0.45945313572883606 13
1738128288259 0.47703126072883606 14
1738128288263 0.49417969584465027 15
1738128288269 0.5093359351158142 16
1738128288272 0.5237500071525574 17
1738128288276 0.5401172041893005 18
1738128288281 0.5550781488418579 19
1738128288285 0.5683203339576721 20
1738128288288 0.579296886920929 21
1738128288294 0.5849218964576721 22
1738128288297 0.5986718535423279 23
1738128288301 0.6099609136581421 24
1738128288305 0.6220703125 25
1738128288308 0.6264062523841858 26
1738128288314 0.6428515911102295 27
1738128288317 0.6520702838897705 28
1738128288321 0.6653906106948853 29
1738128288325 0.6710546612739563 30
1738128288332 0.6815624833106995 31
1738128288335 0.6918749809265137 32
1738128288338 0.6981640458106995 33
1738128288342 0.7080468535423279 34
1738128288347 0.7123437523841858 35
1738128288351 0.7203124761581421 36
1738128288355 0.7244531512260437 37
1738128288358 0.7301172018051147 38
1738128288361 0.7340234518051147 39
1738128288364 0.7387499809265137 40
1738128288367 0.7480078339576721 41
1738128288370 0.7484375238418579 42
1738128288373 0.7526953220367432 43
1738128288376 0.7544140815734863 44
1738128288382 0.7608203291893005 45
1738128288387 0.76171875 46
1738128288391 0.7674609422683716 47
1738128288396 0.7707421779632568 48
1738128288400 0.7726171612739563 49
1738128288404 0.7741796970367432 50
