1738766646705 0.5294140577316284 0
1738766646707 0.6301953196525574 1
1738766646708 0.6727734208106995 2
1738766646710 0.7070702910423279 3
1738766646711 0.727343738079071 4
1738766646712 0.7440234422683716 5
1738766646714 0.7441015839576721 6
1738766646716 0.7653515338897705 7
1738766646718 0.7673046588897705 8
1738766646720 0.7789843678474426 9
1738766646722 0.7769922018051147 10
1738766646724 0.7755078077316284 11
1738766646725 0.7821484208106995 12
1738766646727 0.7869921922683716 13
1738766646730 0.797656238079071 14
1738766646731 0.7950780987739563 15
1738766646733 0.7953515648841858 16
1738766646734 0.7926562428474426 17
1738766646736 0.7953515648841858 18
1738766646737 0.7979297041893005 19
1738766646738 0.8019140362739563 20
1738766646740 0.8048046827316284 21
1738766646742 0.8057422041893005 22
1738766646744 0.8091015815734863 23
1738766646746 0.8089062571525574 24
1738766646748 0.8071874976158142 25
1738766646749 0.8073437213897705 26
1738766646751 0.8106640577316284 27
1738766646752 0.8076171875 28
1738766646753 0.8146874904632568 29
1738766646754 0.804882824420929 30
1738766646756 0.8084765672683716 31
1738766646757 0.8094140887260437 32
1738766646758 0.8107030987739563 33
1738766646759 0.8163281083106995 34
1738766646761 0.813281238079071 35
1738766646763 0.8135937452316284 36
1738766646764 0.8159375190734863 37
1738766646766 0.8130468726158142 38
1738766646768 0.8198828101158142 39
1738766646771 0.8187890648841858 40
1738766646773 0.8154687285423279 41
1738766646775 0.8190624713897705 42
1738766646777 0.8130859136581421 43
1738766646779 0.8164843916893005 44
1738766646781 0.8231640458106995 45
1738766646783 0.8157812356948853 46
1738766646785 0.8235156536102295 47
1738766646787 0.8141796588897705 48
1738766646789 0.8245702981948853 49
1738766646791 0.823046863079071 50
1738766646794 0.8244531154632568 51
1738766646796 0.8234765529632568 52
1738766646798 0.8255468606948853 53
1738766646800 0.8233593702316284 54
1738766646802 0.8252734541893005 55
1738766646804 0.822070300579071 56
1738766646806 0.8242968916893005 57
1738766646809 0.8245312571525574 58
1738766646811 0.8223437666893005 59
1738766646813 0.8263280987739563 60
1738766646815 0.8259375095367432 61
1738766646817 0.8278515338897705 62
1738766646819 0.8254687786102295 63
1738766646821 0.8178906440734863 64
1738766646823 0.8250390887260437 65
1738766646826 0.8271874785423279 66
1738766646828 0.8296874761581421 67
1738766646830 0.8243359327316284 68
1738766646832 0.8257031440734863 69
1738766646834 0.8276953101158142 70
1738766646836 0.8256640434265137 71
1738766646838 0.8284375071525574 72
1738766646841 0.826367199420929 73
1738766646843 0.829882800579071 74
1738766646845 0.8263280987739563 75
1738766646847 0.825390636920929 76
1738766646849 0.8228124976158142 77
1738766646851 0.8254296779632568 78
1738766646853 0.8310937285423279 79
1738766646855 0.8271484375 80
1738766646858 0.8307421803474426 81
1738766646860 0.8332812786102295 82
1738766646862 0.8299999833106995 83
1738766646864 0.8307421803474426 84
1738766646866 0.8299609422683716 85
1738766646868 0.8280468583106995 86
1738766646870 0.827343761920929 87
1738766646873 0.8312890529632568 88
1738766646875 0.8317187428474426 89
1738766646877 0.8307812213897705 90
1738766646879 0.8296093940734863 91
1738766646881 0.8301562666893005 92
1738766646883 0.8334375023841858 93
1738766646885 0.8275781273841858 94
1738766646888 0.8367578387260437 95
1738766646890 0.8309765458106995 96
1738766646892 0.8356249928474426 97
1738766646894 0.8339453339576721 98
1738766646896 0.8312109112739563 99
1738766646898 0.8224999904632568 100
1738766646900 0.8304296731948853 101
1738766646902 0.8356249928474426 102
1738766646904 0.8311718702316284 103
1738766646907 0.8351171612739563 104
1738766646909 0.8342968821525574 105
1738766646911 0.8316406011581421 106
1738766646913 0.8271093964576721 107
1738766646915 0.8371875286102295 108
1738766646917 0.8314843773841858 109
1738766646918 0.834179699420929 110
1738766646921 0.8330859541893005 111
1738766646923 0.8270312547683716 112
1738766646925 0.8335937261581421 113
1738766646927 0.8334375023841858 114
1738766646929 0.830273449420929 115
1738766646931 0.8335156440734863 116
1738766646932 0.831835925579071 117
1738766646934 0.8320702910423279 118
1738766646936 0.8294922113418579 119
