1738766646705 1.2672548294067383 0
1738766646707 1.0388356447219849 1
1738766646708 0.9466992020606995 2
1738766646710 0.8766067624092102 3
1738766646711 0.8354514241218567 4
1738766646712 0.8012006282806396 5
1738766646714 0.8001736998558044 6
1738766646716 0.756472110748291 7
1738766646718 0.7521811723709106 8
1738766646720 0.729134738445282 9
1738766646722 0.7354695200920105 10
1738766646724 0.740073025226593 11
1738766646725 0.723313570022583 12
1738766646727 0.710849940776825 13
1738766646730 0.6876062750816345 14
1738766646731 0.6954082250595093 15
1738766646733 0.6948586106300354 16
1738766646734 0.7012863159179688 17
1738766646736 0.6964938640594482 18
1738766646737 0.6883341073989868 19
1738766646738 0.6729128360748291 20
1738766646740 0.6701043844223022 21
1738766646742 0.6726799011230469 22
1738766646744 0.6590421199798584 23
1738766646746 0.664266049861908 24
1738766646748 0.6649835705757141 25
1738766646749 0.6645265817642212 26
1738766646751 0.6641145944595337 27
1738766646752 0.6700918674468994 28
1738766646753 0.649875283241272 29
1738766646754 0.6721174120903015 30
1738766646756 0.662346601486206 31
1738766646757 0.6669735908508301 32
1738766646758 0.6540806293487549 33
1738766646759 0.6474759578704834 34
1738766646761 0.6483897566795349 35
1738766646763 0.6605370044708252 36
1738766646764 0.6524564623832703 37
1738766646766 0.6621915698051453 38
1738766646768 0.637851357460022 39
1738766646771 0.6383320093154907 40
1738766646773 0.6515986919403076 41
1738766646775 0.6410459280014038 42
1738766646777 0.6572655439376831 43
1738766646779 0.6473715305328369 44
1738766646781 0.6363863945007324 45
1738766646783 0.6473710536956787 46
1738766646785 0.6327458024024963 47
1738766646787 0.651668906211853 48
1738766646789 0.6307545304298401 49
1738766646791 0.6345441341400146 50
1738766646794 0.6337969303131104 51
1738766646796 0.6269021034240723 52
1738766646798 0.6225413084030151 53
1738766646800 0.6350736021995544 54
1738766646802 0.6243170499801636 55
1738766646804 0.6334269642829895 56
1738766646806 0.6307181715965271 57
1738766646809 0.6271886229515076 58
1738766646811 0.635001540184021 59
1738766646813 0.6245600581169128 60
1738766646815 0.6336516737937927 61
1738766646817 0.6224848031997681 62
1738766646819 0.6230183243751526 63
1738766646821 0.6420353651046753 64
1738766646823 0.6249263882637024 65
1738766646826 0.6254590749740601 66
1738766646828 0.6198312640190125 67
1738766646830 0.6320234537124634 68
1738766646832 0.6304360628128052 69
1738766646834 0.6143725514411926 70
1738766646836 0.6310005784034729 71
1738766646838 0.6061350107192993 72
1738766646841 0.6322148442268372 73
1738766646843 0.6148274540901184 74
1738766646845 0.6185410022735596 75
1738766646847 0.6270672678947449 76
1738766646849 0.6292559504508972 77
1738766646851 0.6281789541244507 78
1738766646853 0.6139588356018066 79
1738766646855 0.6242120862007141 80
1738766646858 0.6122719049453735 81
1738766646860 0.6101268529891968 82
1738766646862 0.625048041343689 83
1738766646864 0.610668957233429 84
1738766646866 0.6189638376235962 85
1738766646868 0.6228059530258179 86
1738766646870 0.6216027736663818 87
1738766646873 0.6180533170700073 88
1738766646875 0.6177054643630981 89
1738766646877 0.6153668165206909 90
1738766646879 0.6184030771255493 91
1738766646881 0.6182138919830322 92
1738766646883 0.6104040741920471 93
1738766646885 0.6234435439109802 94
1738766646888 0.5979099869728088 95
1738766646890 0.6099380254745483 96
1738766646892 0.599629282951355 97
1738766646894 0.6081669330596924 98
1738766646896 0.6179037690162659 99
1738766646898 0.6363452672958374 100
1738766646900 0.6121020913124084 101
1738766646902 0.5963314175605774 102
1738766646904 0.6091160178184509 103
1738766646907 0.6046268343925476 104
1738766646909 0.6082139015197754 105
1738766646911 0.611660897731781 106
1738766646913 0.6235179901123047 107
1738766646915 0.6054105162620544 108
1738766646917 0.6192836761474609 109
1738766646918 0.6032716631889343 110
1738766646921 0.6070160865783691 111
1738766646923 0.6348199248313904 112
1738766646925 0.6063038110733032 113
1738766646927 0.6090694069862366 114
1738766646929 0.6161708235740662 115
1738766646931 0.6010628938674927 116
1738766646932 0.612511396408081 117
1738766646934 0.608777642250061 118
1738766646936 0.6169472336769104 119
