1738386467636 0.18585938215255737 0
1738386467637 0.17023438215255737 1
1738386467639 0.16648437082767487 2
1738386467640 0.16789062321186066 3
1738386467641 0.17093749344348907 4
1738386467643 0.16980469226837158 5
1738386467644 0.17273437976837158 6
1738386467645 0.18601562082767487 7
1738386467647 0.20183593034744263 8
1738386467649 0.21585936844348907 9
1738386467650 0.2107812464237213 10
1738386467652 0.21179687976837158 11
1738386467653 0.18531249463558197 12
1738386467654 0.17683593928813934 13
1738386467655 0.16882812976837158 14
1738386467657 0.1697656214237213 15
1738386467658 0.169921875 16
