1738386467636 5.284597396850586 0
1738386467637 29.26592254638672 1
1738386467639 31.814224243164062 2
1738386467640 2.5426735877990723 3
1738386467641 2.2214772701263428 4
1738386467643 2.0405898094177246 5
1738386467644 1.9200553894042969 6
1738386467645 1.8548479080200195 7
1738386467647 1.895466923713684 8
1738386467649 1.9048805236816406 9
1738386467650 1.978416919708252 10
1738386467652 2.1742911338806152 11
1738386467653 2.695998191833496 12
1738386467654 44.94636535644531 13
1738386467655 707.1558837890625 14
1738386467657 16.906816482543945 15
1738386467658 5.991058826446533 16
