1738445247559 3.7710649967193604 0
1738445247561 3.236349582672119 1
1738445247563 2.5158464908599854 2
1738445247565 2.6158251762390137 3
1738445247567 2.4847705364227295 4
1738445247569 2.6601638793945312 5
1738445247571 2.789332389831543 6
1738445247572 2.1312623023986816 7
1738445247574 2.191534996032715 8
1738445247575 2.332167863845825 9
1738445247576 2.6130588054656982 10
1738445247578 2.3082828521728516 11
1738445247580 2.382711410522461 12
1738445247583 2.4529268741607666 13
1738445247585 2.4087162017822266 14
1738445247587 2.1905057430267334 15
1738445247589 2.4694771766662598 16
1738445247591 2.3890693187713623 17
1738445247592 2.2683451175689697 18
1738445247594 2.4162192344665527 19
1738445247597 2.5773487091064453 20
1738445247599 2.3412609100341797 21
1738445247601 2.3536276817321777 22
1738445247602 2.1729471683502197 23
1738445247604 2.2954776287078857 24
1738445247605 2.416586399078369 25
1738445247606 2.488929033279419 26
1738445247607 2.40301775932312 27
1738445247608 2.3800268173217773 28
1738445247609 2.7115676403045654 29
1738445247611 2.43422794342041 30
1738445247612 2.2712690830230713 31
1738445247614 2.2183351516723633 32
1738445247616 2.4303178787231445 33
1738445247618 2.311988592147827 34
1738445247619 2.430863618850708 35
1738445247620 2.309631824493408 36
1738445247621 2.4566359519958496 37
1738445247623 2.2957794666290283 38
1738445247624 2.188380718231201 39
1738445247625 2.4322547912597656 40
1738445247626 2.948185920715332 41
1738445247629 2.2833118438720703 42
1738445247631 2.1980741024017334 43
1738445247634 2.164196014404297 44
1738445247635 2.4803993701934814 45
1738445247637 2.2681972980499268 46
1738445247638 2.5131235122680664 47
1738445247639 2.350940704345703 48
1738445247640 2.5059967041015625 49
1738445247641 2.523484468460083 50
1738445247643 2.244645595550537 51
1738445247644 2.095235824584961 52
1738445247647 2.450368881225586 53
1738445247649 3.5962252616882324 54
1738445247651 2.304983139038086 55
1738445247652 2.0760157108306885 56
1738445247653 2.0762200355529785 57
1738445247655 2.0734217166900635 58
1738445247656 2.255063056945801 59
1738445247657 2.5619401931762695 60
1738445247658 2.4817311763763428 61
1738445247659 2.440565586090088 62
1738445247662 2.5185811519622803 63
1738445247664 2.4866888523101807 64
1738445247667 2.3484151363372803 65
1738445247668 2.3571298122406006 66
1738445247669 2.493035316467285 67
1738445247670 2.564967632293701 68
1738445247672 2.403836965560913 69
1738445247673 2.443118095397949 70
1738445247675 2.448019027709961 71
1738445247676 2.371089220046997 72
1738445247678 2.7903192043304443 73
1738445247679 2.2246286869049072 74
1738445247681 2.1896140575408936 75
1738445247682 2.271117925643921 76
1738445247683 2.5176849365234375 77
1738445247684 2.707524299621582 78
1738445247685 2.3331024646759033 79
1738445247687 2.2991983890533447 80
1738445247688 2.446995496749878 81
1738445247689 2.968778371810913 82
1738445247690 2.4391930103302 83
1738445247691 2.1965978145599365 84
1738445247693 2.219334363937378 85
1738445247695 2.757573127746582 86
1738445247696 2.831826686859131 87
1738445247698 2.433568000793457 88
1738445247699 2.346820831298828 89
1738445247700 2.2401723861694336 90
1738445247702 2.890183687210083 91
1738445247703 2.702624559402466 92
1738445247704 2.116245985031128 93
1738445247706 2.1426217555999756 94
1738445247707 2.280596971511841 95
1738445247709 2.486853837966919 96
1738445247710 3.435936212539673 97
1738445247712 37.41615676879883 98
1738445247714 1.9782617092132568 99
1738445247716 1.937087059020996 100
1738445247717 1.923083782196045 101
1738445247718 1.9296622276306152 102
1738445247719 1.9314906597137451 103
1738445247721 1.9662220478057861 104
1738445247722 1.95646333694458 105
1738445247723 1.9752452373504639 106
1738445247725 2.052849531173706 107
1738445247728 1.9330631494522095 108
1738445247731 1.9857739210128784 109
1738445247732 2.004276752471924 110
1738445247734 1.978531002998352 111
1738445247735 1.9996622800827026 112
1738445247736 1.9936271905899048 113
1738445247737 2.0368964672088623 114
1738445247738 1.9941296577453613 115
1738445247740 2.059875249862671 116
1738445247741 2.098242998123169 117
1738445247742 2.1642186641693115 118
1738445247743 2.2364163398742676 119
