1738445247559 0.17582030594348907 0
1738445247561 0.17664062976837158 1
1738445247563 0.1716015636920929 2
1738445247565 0.17402343451976776 3
1738445247567 0.1689453125 4
1738445247569 0.16761718690395355 5
1738445247571 0.16777344048023224 6
1738445247572 0.16636718809604645 7
1738445247574 0.16808593273162842 8
1738445247575 0.16925781965255737 9
1738445247576 0.1675390601158142 10
1738445247578 0.1686718761920929 11
1738445247580 0.16914062201976776 12
1738445247583 0.1678124964237213 13
1738445247585 0.16722656786441803 14
1738445247587 0.1676953136920929 15
1738445247589 0.16843749582767487 16
1738445247591 0.16773436963558197 17
1738445247592 0.1655859351158142 18
1738445247594 0.17277343571186066 19
1738445247597 0.16933593153953552 20
1738445247599 0.16652344167232513 21
1738445247601 0.1696484386920929 22
1738445247602 0.1685156226158142 23
1738445247604 0.1689453125 24
1738445247605 0.16148437559604645 25
1738445247606 0.16437500715255737 26
1738445247607 0.16570311784744263 27
1738445247608 0.17125000059604645 28
1738445247609 0.16804687678813934 29
1738445247611 0.16972656548023224 30
1738445247612 0.16652344167232513 31
1738445247614 0.16832031309604645 32
1738445247616 0.1697656214237213 33
1738445247618 0.16640624403953552 34
1738445247619 0.16429688036441803 35
1738445247620 0.16480468213558197 36
1738445247621 0.16843749582767487 37
1738445247623 0.1669921875 38
1738445247624 0.16808593273162842 39
1738445247625 0.16863280534744263 40
1738445247626 0.16402344405651093 41
1738445247629 0.17003905773162842 42
1738445247631 0.1667187511920929 43
1738445247634 0.1706250011920929 44
1738445247635 0.1671484410762787 45
1738445247637 0.1686718761920929 46
1738445247638 0.1664453148841858 47
1738445247639 0.16625000536441803 48
1738445247640 0.1639062464237213 49
1738445247641 0.16804687678813934 50
1738445247643 0.1704687476158142 51
1738445247644 0.16605468094348907 52
1738445247647 0.16808593273162842 53
1738445247649 0.16609375178813934 54
1738445247651 0.16789062321186066 55
1738445247652 0.16792969405651093 56
1738445247653 0.16605468094348907 57
1738445247655 0.16507811844348907 58
1738445247656 0.16871093213558197 59
1738445247657 0.17011718451976776 60
1738445247658 0.1658593714237213 61
1738445247659 0.17136718332767487 62
1738445247662 0.16734375059604645 63
1738445247664 0.16777344048023224 64
1738445247667 0.1686718761920929 65
1738445247668 0.16636718809604645 66
1738445247669 0.16527344286441803 67
1738445247670 0.16820313036441803 68
1738445247672 0.1653124988079071 69
1738445247673 0.1671484410762787 70
1738445247675 0.16953125596046448 71
1738445247676 0.1647656261920929 72
1738445247678 0.16941405832767487 73
1738445247679 0.16695313155651093 74
1738445247681 0.16761718690395355 75
1738445247682 0.1665624976158142 76
1738445247683 0.1655859351158142 77
1738445247684 0.16089843213558197 78
1738445247685 0.1674218773841858 79
1738445247687 0.16984374821186066 80
1738445247688 0.1713281273841858 81
1738445247689 0.1707421839237213 82
1738445247690 0.16410155594348907 83
1738445247691 0.16667968034744263 84
1738445247693 0.16425780951976776 85
1738445247695 0.16789062321186066 86
1738445247696 0.1665624976158142 87
1738445247698 0.16761718690395355 88
1738445247699 0.16988281905651093 89
1738445247700 0.16664062440395355 90
1738445247702 0.1696484386920929 91
1738445247703 0.16796875 92
1738445247704 0.16527344286441803 93
1738445247706 0.1682421863079071 94
1738445247707 0.16984374821186066 95
1738445247709 0.16929687559604645 96
1738445247710 0.16667968034744263 97
1738445247712 0.17000000178813934 98
1738445247714 0.16636718809604645 99
1738445247716 0.1644921898841858 100
1738445247717 0.16382811963558197 101
1738445247718 0.16160155832767487 102
1738445247719 0.1700781285762787 103
1738445247721 0.17218750715255737 104
1738445247722 0.17003905773162842 105
1738445247723 0.1686718761920929 106
1738445247725 0.16679687798023224 107
1738445247728 0.1711718738079071 108
1738445247731 0.16632813215255737 109
1738445247732 0.16750000417232513 110
1738445247734 0.16374999284744263 111
1738445247735 0.16835936903953552 112
1738445247736 0.17085938155651093 113
1738445247737 0.16816405951976776 114
1738445247738 0.1662890613079071 115
1738445247740 0.16722656786441803 116
1738445247741 0.16750000417232513 117
1738445247742 0.16863280534744263 118
1738445247743 0.16972656548023224 119
