1738447466094 3.0841753482818604 0
1738447466097 2.6751019954681396 1
1738447466099 2.4287939071655273 2
1738447466100 2.2852299213409424 3
1738447466102 2.170454740524292 4
1738447466104 2.0840394496917725 5
1738447466106 2.026061773300171 6
1738447466109 1.988824486732483 7
1738447466111 1.9450292587280273 8
1738447466112 1.9215724468231201 9
1738447466113 1.879348635673523 10
1738447466115 1.8624732494354248 11
1738447466116 1.841607928276062 12
1738447466118 1.8212107419967651 13
1738447466119 1.8055267333984375 14
1738447466120 1.7950148582458496 15
1738447466122 1.7755534648895264 16
1738447466124 1.7663567066192627 17
1738447466125 1.7661634683609009 18
1738447466127 1.7470154762268066 19
1738447466128 1.7305396795272827 20
1738447466130 1.7284806966781616 21
1738447466132 1.7188935279846191 22
1738447466134 1.7103793621063232 23
1738447466136 1.696770191192627 24
1738447466137 1.6919399499893188 25
1738447466139 1.6825937032699585 26
1738447466141 1.6824378967285156 27
1738447466142 1.665480613708496 28
1738447466144 1.6592930555343628 29
1738447466145 1.6526352167129517 30
1738447466146 1.6377032995224 31
1738447466148 1.6249618530273438 32
1738447466149 1.6326913833618164 33
1738447466150 1.6230266094207764 34
1738447466152 1.6107683181762695 35
1738447466153 1.6017898321151733 36
1738447466155 1.5984944105148315 37
1738447466156 1.5877267122268677 38
1738447466157 1.5856375694274902 39
1738447466159 1.5704011917114258 40
1738447466160 1.5626001358032227 41
1738447466162 1.5639522075653076 42
1738447466163 1.56278657913208 43
1738447466164 1.5545363426208496 44
1738447466166 1.5456825494766235 45
1738447466167 1.534347653388977 46
1738447466169 1.535764455795288 47
1738447466170 1.533570408821106 48
1738447466171 1.530093789100647 49
1738447466173 1.530787467956543 50
1738447466174 1.519373893737793 51
1738447466176 1.519050121307373 52
1738447466177 1.5072919130325317 53
1738447466178 1.511600136756897 54
1738447466180 1.5090409517288208 55
1738447466181 1.4989936351776123 56
1738447466183 1.496544599533081 57
1738447466184 1.4921984672546387 58
1738447466185 1.4916560649871826 59
1738447466187 1.4848170280456543 60
1738447466188 1.4764742851257324 61
1738447466190 1.4734236001968384 62
1738447466192 1.4680900573730469 63
1738447466193 1.4679909944534302 64
1738447466194 1.4688509702682495 65
1738447466196 1.4588123559951782 66
1738447466197 1.4544403553009033 67
1738447466199 1.4518084526062012 68
1738447466200 1.453392744064331 69
1738447466202 1.4467864036560059 70
1738447466203 1.4499595165252686 71
1738447466205 1.449547529220581 72
1738447466206 1.4421632289886475 73
1738447466208 1.4386699199676514 74
1738447466209 1.4324822425842285 75
1738447466211 1.4356040954589844 76
1738447466212 1.4372745752334595 77
1738447466214 1.436883807182312 78
1738447466215 1.4299485683441162 79
1738447466217 1.4249982833862305 80
1738447466218 1.422288417816162 81
1738447466220 1.4206569194793701 82
1738447466221 1.4185160398483276 83
1738447466223 1.4148919582366943 84
1738447466224 1.410559892654419 85
1738447466226 1.4181498289108276 86
1738447466227 1.4080135822296143 87
1738447466229 1.4159164428710938 88
1738447466230 1.4086849689483643 89
1738447466231 1.4050832986831665 90
1738447466233 1.3998322486877441 91
1738447466234 1.4035398960113525 92
1738447466236 1.3994662761688232 93
1738447466237 1.3885847330093384 94
1738447466238 1.3902758359909058 95
1738447466240 1.387132167816162 96
1738447466241 1.3899731636047363 97
1738447466243 1.3876888751983643 98
1738447466245 1.3821117877960205 99
1738447466247 1.386023998260498 100
1738447466249 1.38173246383667 101
1738447466250 1.380855679512024 102
1738447466252 1.3796589374542236 103
1738447466253 1.375230312347412 104
1738447466255 1.3765807151794434 105
1738447466258 1.3717799186706543 106
1738447466259 1.3743796348571777 107
1738447466261 1.362532377243042 108
1738447466262 1.372063159942627 109
1738447466264 1.3642914295196533 110
1738447466265 1.3663400411605835 111
1738447466267 1.366327166557312 112
1738447466270 1.3612202405929565 113
1738447466272 1.3617730140686035 114
1738447466274 1.3653193712234497 115
1738447466277 1.357840895652771 116
1738447466279 1.3481178283691406 117
1738447466280 1.3546059131622314 118
1738447466283 1.3528637886047363 119
