1738447466094 0.16945312917232513 0
1738447466097 0.16820313036441803 1
1738447466099 0.17785155773162842 2
1738447466100 0.1830468773841858 3
1738447466102 0.1869531273841858 4
1738447466104 0.1941796839237213 5
1738447466106 0.2001953125 6
1738447466109 0.20429687201976776 7
1738447466111 0.20726563036441803 8
1738447466112 0.20867186784744263 9
1738447466113 0.21292968094348907 10
1738447466115 0.21839843690395355 11
1738447466116 0.2237890660762787 12
1738447466118 0.2290624976158142 13
1738447466119 0.23125000298023224 14
1738447466120 0.23386718332767487 15
1738447466122 0.24046875536441803 16
1738447466124 0.2470703125 17
1738447466125 0.24613280594348907 18
1738447466127 0.24667969346046448 19
1738447466128 0.26371094584465027 20
1738447466130 0.26148438453674316 21
1738447466132 0.26832032203674316 22
1738447466134 0.27367186546325684 23
1738447466136 0.27726563811302185 24
1738447466137 0.2801171839237213 25
1738447466139 0.2819531261920929 26
1738447466141 0.2898828089237213 27
1738447466142 0.2925781309604645 28
1738447466144 0.2972656190395355 29
1738447466145 0.30085936188697815 30
1738447466146 0.3160937428474426 31
1738447466148 0.3169921934604645 32
1738447466149 0.3175390660762787 33
1738447466150 0.32691407203674316 34
1738447466152 0.3337109386920929 35
1738447466153 0.33324217796325684 36
1738447466155 0.3384374976158142 37
1738447466156 0.34785157442092896 38
1738447466157 0.34671875834465027 39
1738447466159 0.35425782203674316 40
1738447466160 0.35984376072883606 41
1738447466162 0.35843750834465027 42
1738447466163 0.36445313692092896 43
1738447466164 0.3709374964237213 44
1738447466166 0.37226563692092896 45
1738447466167 0.38066405057907104 46
1738447466169 0.3778125047683716 47
1738447466170 0.37898436188697815 48
1738447466171 0.38191404938697815 49
1738447466173 0.3851562440395355 50
1738447466174 0.39417970180511475 51
1738447466176 0.38718751072883606 52
1738447466177 0.3941015601158142 53
1738447466178 0.3911718726158142 54
1738447466180 0.39988282322883606 55
1738447466181 0.3991015553474426 56
1738447466183 0.39890626072883606 57
1738447466184 0.40281251072883606 58
1738447466185 0.39917969703674316 59
1738447466187 0.4068359434604645 60
1738447466188 0.40992188453674316 61
1738447466190 0.4115234315395355 62
1738447466192 0.4222656190395355 63
1738447466193 0.4128125011920929 64
1738447466194 0.4137890636920929 65
1738447466196 0.41597655415534973 66
1738447466197 0.42363280057907104 67
1738447466199 0.4246875047683716 68
1738447466200 0.4289843738079071 69
1738447466202 0.42699217796325684 70
1738447466203 0.42625001072883606 71
1738447466205 0.42726561427116394 72
1738447466206 0.43257811665534973 73
1738447466208 0.43128907680511475 74
1738447466209 0.4327734410762787 75
1738447466211 0.43253907561302185 76
1738447466212 0.4320703148841858 77
1738447466214 0.4329296946525574 78
1738447466215 0.4354296922683716 79
1738447466217 0.44089844822883606 80
1738447466218 0.44203126430511475 81
1738447466220 0.4388671815395355 82
1738447466221 0.44457030296325684 83
1738447466223 0.44136717915534973 84
1738447466224 0.44414061307907104 85
1738447466226 0.4444921910762787 86
1738447466227 0.4478515684604645 87
1738447466229 0.4439062476158142 88
1738447466230 0.44999998807907104 89
1738447466231 0.4466015696525574 90
1738447466233 0.4513281285762787 91
1738447466234 0.45238280296325684 92
1738447466236 0.4544140696525574 93
1738447466237 0.45707032084465027 94
1738447466238 0.4567578136920929 95
1738447466240 0.4559375047683716 96
1738447466241 0.46042969822883606 97
1738447466243 0.4596484303474426 98
1738447466245 0.46199217438697815 99
1738447466247 0.45656248927116394 100
1738447466249 0.46683594584465027 101
1738447466250 0.4594140648841858 102
1738447466252 0.4659374952316284 103
1738447466253 0.46214842796325684 104
1738447466255 0.46683594584465027 105
1738447466258 0.46753907203674316 106
1738447466259 0.46660155057907104 107
1738447466261 0.4681640565395355 108
1738447466262 0.46910154819488525 109
1738447466264 0.46910154819488525 110
1738447466265 0.4723828136920929 111
1738447466267 0.46855467557907104 112
1738447466270 0.46671876311302185 113
1738447466272 0.4709765613079071 114
1738447466274 0.46996092796325684 115
1738447466277 0.4722656309604645 116
1738447466279 0.47675782442092896 117
1738447466280 0.47441405057907104 118
1738447466283 0.4733593761920929 119
