1738766020342 14.86897087097168 0
1738766020345 3.335641860961914 1
1738766020347 3.1618752479553223 2
1738766020350 3.074580430984497 3
1738766020352 3.0383245944976807 4
1738766020355 2.966872215270996 5
1738766020357 2.9598605632781982 6
1738766020358 2.8864128589630127 7
1738766020360 2.877368211746216 8
1738766020361 2.863459587097168 9
1738766020362 2.821248769760132 10
1738766020363 2.866894483566284 11
1738766020365 2.7953577041625977 12
1738766020366 2.7901220321655273 13
1738766020368 2.7990362644195557 14
1738766020370 2.805604934692383 15
1738766020372 2.802037000656128 16
1738766020374 2.7856991291046143 17
1738766020376 2.761833429336548 18
1738766020378 2.786400079727173 19
1738766020379 2.8095624446868896 20
1738766020381 2.7451674938201904 21
1738766020382 2.773954391479492 22
1738766020383 2.786132574081421 23
1738766020385 2.779184341430664 24
1738766020387 2.766885995864868 25
1738766020390 2.7506930828094482 26
1738766020391 2.7528374195098877 27
1738766020393 2.7208521366119385 28
1738766020394 2.7390525341033936 29
1738766020395 2.7401723861694336 30
1738766020397 2.7083733081817627 31
1738766020398 2.7417845726013184 32
1738766020399 2.733707904815674 33
1738766020401 2.7229981422424316 34
1738766020402 2.7148284912109375 35
1738766020403 2.6968986988067627 36
1738766020405 2.7058799266815186 37
1738766020406 2.725724220275879 38
1738766020408 2.708225965499878 39
1738766020409 2.722454309463501 40
1738766020410 2.6985695362091064 41
1738766020412 2.6985836029052734 42
1738766020413 2.7164316177368164 43
1738766020414 2.707650661468506 44
1738766020415 2.707670211791992 45
1738766020416 2.713400363922119 46
1738766020418 2.7048633098602295 47
1738766020419 2.692842483520508 48
1738766020421 2.702620029449463 49
1738766020422 2.7294857501983643 50
1738766020424 2.715974807739258 51
1738766020425 2.7495572566986084 52
1738766020427 2.7203214168548584 53
1738766020428 2.72047758102417 54
1738766020430 2.695808172225952 55
1738766020431 2.6970102787017822 56
1738766020432 2.692312717437744 57
1738766020434 2.7179830074310303 58
1738766020435 2.743086576461792 59
1738766020436 2.7025868892669678 60
1738766020437 2.7178542613983154 61
1738766020439 2.714107036590576 62
1738766020441 2.724156141281128 63
1738766020443 2.7245934009552 64
1738766020444 2.704739570617676 65
1738766020446 2.7098402976989746 66
1738766020447 2.7081542015075684 67
1738766020448 2.7184784412384033 68
1738766020449 2.712216854095459 69
1738766020451 2.6963577270507812 70
1738766020452 2.7128801345825195 71
1738766020453 2.7063486576080322 72
1738766020455 2.704294443130493 73
1738766020456 2.7128069400787354 74
1738766020458 2.70188045501709 75
1738766020459 2.7178707122802734 76
1738766020460 2.7188773155212402 77
1738766020462 2.701333999633789 78
1738766020463 2.7055270671844482 79
1738766020464 2.7124648094177246 80
1738766020465 2.715646743774414 81
1738766020467 2.6929121017456055 82
1738766020468 2.7115209102630615 83
1738766020470 2.7003705501556396 84
1738766020472 2.7027199268341064 85
1738766020473 2.703369379043579 86
1738766020475 2.723198175430298 87
1738766020476 2.7103333473205566 88
1738766020477 2.701399564743042 89
1738766020478 2.696040630340576 90
1738766020479 2.717707872390747 91
1738766020481 2.698618173599243 92
1738766020482 2.711066484451294 93
1738766020483 2.7193846702575684 94
1738766020485 2.7015013694763184 95
1738766020486 2.715603828430176 96
1738766020487 2.729536533355713 97
1738766020489 2.7039029598236084 98
1738766020490 2.701192617416382 99
1738766020491 2.690098524093628 100
1738766020493 2.6949362754821777 101
1738766020494 2.707993745803833 102
1738766020495 2.7147252559661865 103
1738766020496 2.6971230506896973 104
1738766020497 2.734895944595337 105
1738766020499 2.7217159271240234 106
1738766020500 2.7308292388916016 107
1738766020501 2.674529790878296 108
1738766020502 2.684981346130371 109
1738766020504 2.699831485748291 110
1738766020505 2.7275948524475098 111
1738766020506 2.722890853881836 112
1738766020508 2.6967828273773193 113
1738766020509 2.713393449783325 114
1738766020511 2.7136833667755127 115
1738766020512 2.711452007293701 116
1738766020513 2.742109775543213 117
1738766020514 2.7034871578216553 118
1738766020516 2.7182979583740234 119
