1738766020342 0.32124999165534973 0
1738766020345 0.33250001072883606 1
1738766020347 0.3523828089237213 2
1738766020350 0.3501953184604645 3
1738766020352 0.3533984422683716 4
1738766020355 0.34789061546325684 5
1738766020357 0.34449219703674316 6
1738766020358 0.34550780057907104 7
1738766020360 0.35234373807907104 8
1738766020361 0.3444140553474426 9
1738766020362 0.35359373688697815 10
1738766020363 0.34593749046325684 11
1738766020365 0.35386717319488525 12
1738766020366 0.3617187440395355 13
1738766020368 0.3501953184604645 14
1738766020370 0.3551562428474426 15
1738766020372 0.3517187535762787 16
1738766020374 0.3592578172683716 17
1738766020376 0.35203126072883606 18
1738766020378 0.3463671803474426 19
1738766020379 0.3390234410762787 20
1738766020381 0.3566015660762787 21
1738766020382 0.34562501311302185 22
1738766020383 0.3377343714237213 23
1738766020385 0.34410154819488525 24
1738766020387 0.3510156273841858 25
1738766020390 0.3577343821525574 26
1738766020391 0.3519531190395355 27
1738766020393 0.3531250059604645 28
1738766020394 0.35078126192092896 29
1738766020395 0.3522265553474426 30
1738766020397 0.36363279819488525 31
1738766020398 0.35472655296325684 32
1738766020399 0.3639843761920929 33
1738766020401 0.3587890565395355 34
1738766020402 0.3571093678474426 35
1738766020403 0.3618749976158142 36
1738766020405 0.3708203136920929 37
1738766020406 0.35207030177116394 38
1738766020408 0.36390626430511475 39
1738766020409 0.3573046922683716 40
1738766020410 0.37449219822883606 41
1738766020412 0.3676171898841858 42
1738766020413 0.35722655057907104 43
1738766020414 0.3601953089237213 44
1738766020415 0.35859376192092896 45
1738766020416 0.37113282084465027 46
1738766020418 0.3673046827316284 47
1738766020419 0.3645703196525574 48
1738766020421 0.3659375011920929 49
1738766020422 0.35621094703674316 50
1738766020424 0.36234375834465027 51
1738766020425 0.35207030177116394 52
1738766020427 0.3663671910762787 53
1738766020428 0.35304686427116394 54
1738766020430 0.3626953065395355 55
1738766020431 0.36156249046325684 56
1738766020432 0.3644140660762787 57
1738766020434 0.36183592677116394 58
1738766020435 0.3575781285762787 59
1738766020436 0.3600781261920929 60
1738766020437 0.3626953065395355 61
1738766020439 0.37578123807907104 62
1738766020441 0.3639453053474426 63
1738766020443 0.36519530415534973 64
1738766020444 0.3712500035762787 65
1738766020446 0.3683203160762787 66
1738766020447 0.37132811546325684 67
1738766020448 0.3659375011920929 68
1738766020449 0.35550782084465027 69
1738766020451 0.36253905296325684 70
1738766020452 0.3606249988079071 71
1738766020453 0.3687109351158142 72
1738766020455 0.36738282442092896 73
1738766020456 0.36949217319488525 74
1738766020458 0.3662109375 75
1738766020459 0.3719531297683716 76
1738766020460 0.3655078113079071 77
1738766020462 0.37113282084465027 78
1738766020463 0.36503905057907104 79
1738766020464 0.369140625 80
1738766020465 0.36695313453674316 81
1738766020467 0.3653906285762787 82
1738766020468 0.3667968809604645 83
1738766020470 0.3677343726158142 84
1738766020472 0.36058592796325684 85
1738766020473 0.36656248569488525 86
1738766020475 0.3698046803474426 87
1738766020476 0.3626171946525574 88
1738766020477 0.36617186665534973 89
1738766020478 0.36472657322883606 90
1738766020479 0.36644530296325684 91
1738766020481 0.36878907680511475 92
1738766020482 0.35664063692092896 93
1738766020483 0.35816407203674316 94
1738766020485 0.35777342319488525 95
1738766020486 0.36304688453674316 96
1738766020487 0.37089842557907104 97
1738766020489 0.3666015565395355 98
1738766020490 0.37660157680511475 99
1738766020491 0.37492188811302185 100
1738766020493 0.36570313572883606 101
1738766020494 0.3690234422683716 102
1738766020495 0.36781251430511475 103
1738766020496 0.37644532322883606 104
1738766020497 0.36402344703674316 105
1738766020499 0.36781251430511475 106
1738766020500 0.3650781214237213 107
1738766020501 0.37117186188697815 108
1738766020502 0.3657812476158142 109
1738766020504 0.3616015613079071 110
1738766020505 0.36910155415534973 111
1738766020506 0.37328124046325684 112
1738766020508 0.37160155177116394 113
1738766020509 0.37523436546325684 114
1738766020511 0.3758593797683716 115
1738766020512 0.3685937523841858 116
1738766020513 0.3641015589237213 117
1738766020514 0.3702734410762787 118
1738766020516 0.361328125 119
