1738298037533 0.22750000655651093 0
1738298037534 0.2623046934604645 1
1738298037536 0.30320313572883606 2
1738298037537 0.32332029938697815 3
1738298037538 0.33292970061302185 4
1738298037540 0.3458593785762787 5
1738298037541 0.3505859375 6
1738298037542 0.35874998569488525 7
1738298037545 0.36417970061302185 8
1738298037547 0.3649609386920929 9
1738298037549 0.3680468797683716 10
1738298037551 0.3698046803474426 11
1738298037553 0.3738671839237213 12
1738298037554 0.37703123688697815 13
1738298037555 0.37410154938697815 14
1738298037556 0.38191404938697815 15
1738298037557 0.38652342557907104 16
1738298037559 0.39601561427116394 17
1738298037560 0.37843748927116394 18
1738298037561 0.38691407442092896 19
1738298037562 0.38871094584465027 20
1738298037564 0.39082032442092896 21
1738298037565 0.39082032442092896 22
1738298037567 0.4044531285762787 23
1738298037569 0.396484375 24
1738298037570 0.3952343761920929 25
