1738298037533 435.6390686035156 0
1738298037534 33.71489334106445 1
1738298037536 28.316343307495117 2
1738298037537 26.252796173095703 3
1738298037538 23.405921936035156 4
1738298037540 21.32762908935547 5
1738298037541 20.52459144592285 6
1738298037542 20.384767532348633 7
1738298037545 20.127239227294922 8
1738298037547 19.972976684570312 9
1738298037549 20.0875186920166 10
1738298037551 20.054744720458984 11
1738298037553 19.378732681274414 12
1738298037554 19.340742111206055 13
1738298037555 20.18653106689453 14
1738298037556 19.11046600341797 15
1738298037557 19.956174850463867 16
1738298037559 19.189313888549805 17
1738298037560 19.990219116210938 18
1738298037561 19.028959274291992 19
1738298037562 19.438678741455078 20
1738298037564 19.584627151489258 21
1738298037565 20.370532989501953 22
1738298037567 19.238004684448242 23
1738298037569 20.1656551361084 24
1738298037570 19.24734115600586 25
