1738427971643 0.3566015660762787 0
1738427971646 0.5164453387260437 1
1738427971649 0.5910937786102295 2
1738427971652 0.6266015768051147 3
1738427971655 0.6559765338897705 4
1738427971658 0.6674609184265137 5
1738427971661 0.6891406178474426 6
1738427971664 0.6959375143051147 7
1738427971666 0.7094922065734863 8
1738427971667 0.7158203125 9
1738427971669 0.723437488079071 10
1738427971670 0.7291796803474426 11
1738427971671 0.7340624928474426 12
1738427971673 0.7369921803474426 13
1738427971674 0.7387109398841858 14
1738427971675 0.7440234422683716 15
1738427971676 0.7446874976158142 16
1738427971678 0.7463281154632568 17
1738427971679 0.7438281178474426 18
1738427971680 0.7503515481948853 19
1738427971681 0.7487890720367432 20
1738427971682 0.7574609518051147 21
1738427971684 0.7622656226158142 22
1738427971685 0.7627734541893005 23
1738427971686 0.7614452838897705 24
1738427971687 0.7600390911102295 25
1738427971688 0.7615625262260437 26
1738427971690 0.7647656202316284 27
1738427971691 0.7649219036102295 28
1738427971692 0.76953125 29
1738427971693 0.7645702958106995 30
1738427971694 0.7696093916893005 31
1738427971696 0.7661328315734863 32
