1738427971643 6.233808517456055 0
1738427971646 3.1857967376708984 1
1738427971649 2.821493625640869 2
1738427971652 2.691882371902466 3
1738427971655 2.581289052963257 4
1738427971658 2.4695687294006348 5
1738427971661 2.333186149597168 6
1738427971664 2.2797741889953613 7
1738427971666 2.1068570613861084 8
1738427971667 2.0007967948913574 9
1738427971669 1.9482581615447998 10
1738427971670 1.8845134973526 11
1738427971671 1.86427640914917 12
1738427971673 1.8114906549453735 13
1738427971674 1.769912838935852 14
1738427971675 1.7431116104125977 15
1738427971676 1.7351024150848389 16
1738427971678 1.7136164903640747 17
1738427971679 1.7039282321929932 18
1738427971680 1.6831715106964111 19
1738427971681 1.6845221519470215 20
1738427971682 1.6402068138122559 21
1738427971684 1.6163890361785889 22
1738427971685 1.6191606521606445 23
1738427971686 1.6272683143615723 24
1738427971687 1.6270134449005127 25
1738427971688 1.651181936264038 26
1738427971690 1.6253831386566162 27
1738427971691 1.65745210647583 28
1738427971692 1.6319985389709473 29
1738427971693 1.6743953227996826 30
1738427971694 1.6267756223678589 31
1738427971696 1.6435894966125488 32
