1738719886934 0.2055078148841858 0
1738719886935 0.21886718273162842 1
1738719886936 0.21523436903953552 2
1738719886937 0.21277344226837158 3
1738719886939 0.21593749523162842 4
1738719886940 0.2261328101158142 5
1738719886941 0.22496093809604645 6
1738719886943 0.23304687440395355 7
1738719886944 0.22917968034744263 8
1738719886946 0.2389843761920929 9
1738719886948 0.24269531667232513 10
1738719886949 0.2358984351158142 11
1738719886950 0.23945312201976776 12
1738719886952 0.24605469405651093 13
1738719886953 0.2540625035762787 14
1738719886954 0.2368749976158142 15
1738719886955 0.25171875953674316 16
1738719886956 0.2405078113079071 17
1738719886957 0.24082031846046448 18
1738719886959 0.23499999940395355 19
1738719886960 0.23097656667232513 20
1738719886961 0.2387109398841858 21
1738719886962 0.23570312559604645 22
1738719886964 0.23988281190395355 23
1738719886965 0.23253905773162842 24
1738719886966 0.23859375715255737 25
1738719886968 0.24660156667232513 26
1738719886969 0.2392578125 27
1738719886970 0.24867187440395355 28
1738719886971 0.2504296898841858 29
1738719886972 0.2514062523841858 30
1738719886974 0.26722657680511475 31
1738719886975 0.26835936307907104 32
1738719886976 0.26484376192092896 33
1738719886977 0.26777344942092896 34
1738719886978 0.26093751192092896 35
1738719886980 0.26722657680511475 36
1738719886981 0.2633984386920929 37
1738719886982 0.26484376192092896 38
1738719886983 0.27515625953674316 39
1738719886984 0.2744140625 40
1738719886985 0.275390625 41
1738719886987 0.2752734422683716 42
1738719886988 0.2708203196525574 43
1738719886989 0.2738281190395355 44
1738719886990 0.27156248688697815 45
1738719886992 0.2735546827316284 46
1738719886993 0.2801562547683716 47
1738719886994 0.27671873569488525 48
1738719886995 0.27167969942092896 49
1738719886996 0.27769529819488525 50
1738719886997 0.2760937511920929 51
1738719886999 0.27433595061302185 52
1738719887000 0.27265626192092896 53
1738719887001 0.27125000953674316 54
1738719887002 0.28312501311302185 55
1738719887003 0.2698046863079071 56
1738719887005 0.2699609398841858 57
1738719887006 0.2733203172683716 58
1738719887007 0.27738282084465027 59
1738719887008 0.27574217319488525 60
1738719887009 0.27812498807907104 61
1738719887010 0.27796876430511475 62
1738719887012 0.2766406238079071 63
1738719887013 0.2780078053474426 64
1738719887014 0.27656251192092896 65
1738719887015 0.2833593785762787 66
1738719887016 0.27503907680511475 67
1738719887017 0.2718749940395355 68
1738719887018 0.2727343738079071 69
1738719887020 0.2783203125 70
1738719887021 0.2593359351158142 71
1738719887022 0.27542969584465027 72
1738719887023 0.27656251192092896 73
1738719887024 0.28007811307907104 74
1738719887026 0.27632811665534973 75
1738719887027 0.2861328125 76
1738719887028 0.28160154819488525 77
1738719887029 0.28371092677116394 78
1738719887030 0.2814062535762787 79
1738719887031 0.2770312428474426 80
1738719887033 0.2763671875 81
1738719887034 0.2769140601158142 82
1738719887035 0.2758203148841858 83
1738719887036 0.26359376311302185 84
1738719887037 0.28199219703674316 85
1738719887038 0.2808203101158142 86
1738719887040 0.27628907561302185 87
1738719887041 0.2760937511920929 88
1738719887042 0.2742578089237213 89
1738719887043 0.2794140577316284 90
1738719887044 0.2750000059604645 91
1738719887046 0.27808594703674316 92
1738719887047 0.2706640660762787 93
1738719887048 0.27320313453674316 94
1738719887049 0.2798828184604645 95
1738719887050 0.27699220180511475 96
1738719887051 0.27949219942092896 97
1738719887052 0.27589842677116394 98
1738719887054 0.2789843678474426 99
1738719887056 0.2823437452316284 100
1738719887058 0.2776562571525574 101
1738719887059 0.27781251072883606 102
1738719887060 0.2748437523841858 103
1738719887061 0.2747265696525574 104
1738719887062 0.28121092915534973 105
1738719887064 0.28062498569488525 106
1738719887065 0.2782031297683716 107
1738719887066 0.27687498927116394 108
1738719887067 0.2730468809604645 109
1738719887068 0.27839842438697815 110
1738719887070 0.2728906273841858 111
1738719887071 0.27828124165534973 112
1738719887072 0.2755078077316284 113
