1738719886934 308.0191345214844 0
1738719886935 207.29620361328125 1
1738719886936 188.82017517089844 2
1738719886937 193.2512664794922 3
1738719886939 202.6018524169922 4
1738719886940 194.28343200683594 5
1738719886941 171.39276123046875 6
1738719886943 170.63589477539062 7
1738719886944 166.48590087890625 8
1738719886946 171.97439575195312 9
1738719886948 182.38072204589844 10
1738719886949 171.63525390625 11
1738719886950 157.5896453857422 12
1738719886952 165.24713134765625 13
1738719886953 173.84844970703125 14
1738719886954 153.17877197265625 15
1738719886955 152.25299072265625 16
1738719886956 149.1577606201172 17
1738719886957 152.8322296142578 18
1738719886959 143.09146118164062 19
1738719886960 141.25221252441406 20
1738719886961 140.86907958984375 21
1738719886962 135.49630737304688 22
1738719886964 137.87684631347656 23
1738719886965 136.41664123535156 24
1738719886966 135.9816436767578 25
1738719886968 135.60076904296875 26
1738719886969 136.03460693359375 27
1738719886970 140.9867706298828 28
1738719886971 133.69236755371094 29
1738719886972 132.80264282226562 30
1738719886974 132.71620178222656 31
1738719886975 131.86001586914062 32
1738719886976 132.10769653320312 33
1738719886977 131.73541259765625 34
1738719886978 131.13999938964844 35
1738719886980 130.8619384765625 36
1738719886981 130.5502471923828 37
1738719886982 130.9522247314453 38
1738719886983 130.64964294433594 39
1738719886984 130.70394897460938 40
1738719886985 130.53965759277344 41
1738719886987 130.08651733398438 42
1738719886988 129.78311157226562 43
1738719886989 129.93141174316406 44
1738719886990 130.2505340576172 45
1738719886992 130.00552368164062 46
1738719886993 129.92788696289062 47
1738719886994 129.89976501464844 48
1738719886995 129.5132598876953 49
1738719886996 129.66909790039062 50
1738719886997 129.42025756835938 51
1738719886999 129.102294921875 52
1738719887000 129.23085021972656 53
1738719887001 129.37013244628906 54
1738719887002 129.5947265625 55
1738719887003 129.27896118164062 56
1738719887005 129.15245056152344 57
1738719887006 129.08856201171875 58
1738719887007 128.8009033203125 59
1738719887008 128.91030883789062 60
1738719887009 129.2886199951172 61
1738719887010 128.93106079101562 62
1738719887012 128.9219512939453 63
1738719887013 128.62660217285156 64
1738719887014 128.83128356933594 65
1738719887015 128.67324829101562 66
1738719887016 128.70831298828125 67
1738719887017 128.7781524658203 68
1738719887018 128.68621826171875 69
1738719887020 128.51150512695312 70
1738719887021 129.90748596191406 71
1738719887022 130.30682373046875 72
1738719887023 129.6047821044922 73
1738719887024 128.51773071289062 74
1738719887026 128.3318634033203 75
1738719887027 128.43666076660156 76
1738719887028 128.55718994140625 77
1738719887029 128.57675170898438 78
1738719887030 128.36602783203125 79
1738719887031 128.33642578125 80
1738719887033 128.3044891357422 81
1738719887034 128.23936462402344 82
1738719887035 128.07212829589844 83
1738719887036 128.225830078125 84
1738719887037 128.09115600585938 85
1738719887038 128.2547607421875 86
1738719887040 127.96994018554688 87
1738719887041 127.99369049072266 88
1738719887042 128.13787841796875 89
1738719887043 127.97016906738281 90
1738719887044 128.5272674560547 91
1738719887046 128.04931640625 92
1738719887047 127.9760971069336 93
1738719887048 128.00340270996094 94
1738719887049 128.0159149169922 95
1738719887050 128.11293029785156 96
1738719887051 127.89318084716797 97
1738719887052 127.9875717163086 98
1738719887054 127.91275024414062 99
1738719887056 127.81204223632812 100
1738719887058 128.19825744628906 101
1738719887059 127.82072448730469 102
1738719887060 127.88770294189453 103
1738719887061 128.2250518798828 104
1738719887062 128.2210693359375 105
1738719887064 127.92086791992188 106
1738719887065 128.10220336914062 107
1738719887066 128.1117706298828 108
1738719887067 128.06492614746094 109
1738719887068 128.22926330566406 110
1738719887070 128.09461975097656 111
1738719887071 127.94389343261719 112
1738719887072 127.94206237792969 113
