1738383851108 0.1925390660762787 0
1738383851110 0.2223828136920929 1
1738383851111 0.24281249940395355 2
1738383851113 0.26863279938697815 3
1738383851115 0.29273438453674316 4
1738383851118 0.31675779819488525 5
1738383851120 0.35136717557907104 6
1738383851122 0.3747265636920929 7
1738383851123 0.3983203172683716 8
1738383851125 0.42191407084465027 9
1738383851127 0.4466015696525574 10
1738383851128 0.46605467796325684 11
1738383851130 0.4849218726158142 12
1738383851131 0.5036327838897705 13
1738383851132 0.5246484279632568 14
1738383851134 0.5361718535423279 15
1738383851135 0.560351550579071 16
1738383851136 0.5777343511581421 17
1738383851137 0.5932031273841858 18
1738383851138 0.6039453148841858 19
1738383851140 0.6153125166893005 20
1738383851141 0.6312890648841858 21
1738383851143 0.6405468583106995 22
1738383851144 0.6541796922683716 23
1738383851145 0.6668750047683716 24
1738383851147 0.6772656440734863 25
1738383851148 0.6860547065734863 26
1738383851149 0.69921875 27
1738383851150 0.7093750238418579 28
1738383851151 0.7144140601158142 29
1738383851153 0.7243750095367432 30
1738383851154 0.7347656488418579 31
1738383851155 0.7477343678474426 32
1738383851156 0.7480859160423279 33
1738383851157 0.7561328411102295 34
1738383851159 0.7582031488418579 35
1738383851160 0.7710156440734863 36
1738383851161 0.7805078029632568 37
1738383851163 0.7835546731948853 38
1738383851164 0.786328136920929 39
1738383851165 0.7916015386581421 40
1738383851166 0.7987499833106995 41
1738383851167 0.8025781512260437 42
1738383851169 0.8068749904632568 43
1738383851171 0.8112890720367432 44
1738383851173 0.8194140791893005 45
1738383851174 0.8248437643051147 46
1738383851176 0.824414074420929 47
1738383851178 0.8316406011581421 48
1738383851180 0.8363281488418579 49
1738383851182 0.8374218940734863 50
1738383851184 0.8387890458106995 51
1738383851186 0.8446484208106995 52
1738383851187 0.846875011920929 53
1738383851188 0.8478906154632568 54
1738383851189 0.8540234565734863 55
1738383851191 0.8539843559265137 56
1738383851192 0.8570703268051147 57
1738383851193 0.8587499856948853 58
1738383851194 0.8650000095367432 59
1738383851195 0.8676171898841858 60
1738383851196 0.8716406226158142 61
1738383851198 0.8704687356948853 62
1738383851199 0.8716406226158142 63
1738383851200 0.8766796588897705 64
1738383851201 0.8774218559265137 65
1738383851202 0.8784375190734863 66
1738383851204 0.8824999928474426 67
1738383851205 0.8833203315734863 68
1738383851206 0.8855078220367432 69
1738383851207 0.8876171708106995 70
1738383851208 0.8888280987739563 71
1738383851210 0.8904687762260437 72
1738383851211 0.8911718726158142 73
1738383851212 0.8926171660423279 74
1738383851213 0.8944531083106995 75
1738383851215 0.8930859565734863 76
1738383851216 0.8970702886581421 77
1738383851217 0.8994531035423279 78
1738383851219 0.8994531035423279 79
1738383851220 0.9014843702316284 80
1738383851222 0.9016015529632568 81
1738383851223 0.9038281440734863 82
1738383851225 0.9044530987739563 83
1738383851226 0.9083203077316284 84
1738383851227 0.9048047065734863 85
1738383851228 0.9081640839576721 86
1738383851230 0.9087499976158142 87
1738383851231 0.9110937714576721 88
1738383851232 0.9127734303474426 89
1738383851233 0.9097265601158142 90
1738383851234 0.9121484160423279 91
1738383851236 0.9151952862739563 92
1738383851237 0.9141015410423279 93
1738383851238 0.9178515672683716 94
1738383851239 0.9166406393051147 95
1738383851240 0.9196093678474426 96
1738383851242 0.9203125238418579 97
1738383851243 0.9214453101158142 98
1738383851244 0.9209765791893005 99
1738383851245 0.9233593940734863 100
1738383851246 0.9214062690734863 101
1738383851248 0.9228125214576721 102
1738383851249 0.9258984327316284 103
1738383851251 0.9241015911102295 104
1738383851253 0.9274609088897705 105
1738383851255 0.9252343773841858 106
1738383851257 0.9254297018051147 107
1738383851259 0.926562488079071 108
1738383851260 0.9270312786102295 109
1738383851262 0.9323046803474426 110
1738383851264 0.9301953315734863 111
1738383851265 0.9306640625 112
1738383851266 0.9295312762260437 113
1738383851268 0.9307422041893005 114
1738383851269 0.9326171875 115
1738383851270 0.930859386920929 116
1738383851271 0.9348046779632568 117
1738383851272 0.9350390434265137 118
1738383851274 0.9344921708106995 119
