1738383851108 2.8296728134155273 0
1738383851110 2.193774938583374 1
1738383851111 1.9991875886917114 2
1738383851113 1.8709841966629028 3
1738383851115 1.8063730001449585 4
1738383851118 1.7248506546020508 5
1738383851120 1.6713080406188965 6
1738383851122 1.6100594997406006 7
1738383851123 1.5523349046707153 8
1738383851125 1.4946435689926147 9
1738383851127 1.4434999227523804 10
1738383851128 1.3995006084442139 11
1738383851130 1.3474783897399902 12
1738383851131 1.306394100189209 13
1738383851132 1.2595943212509155 14
1738383851134 1.2391021251678467 15
1738383851135 1.1803538799285889 16
1738383851136 1.1500358581542969 17
1738383851137 1.1120840311050415 18
1738383851138 1.0763777494430542 19
1738383851140 1.0606162548065186 20
1738383851141 1.0129752159118652 21
1738383851143 0.9976206421852112 22
1738383851144 0.9558363556861877 23
1738383851145 0.9353139400482178 24
1738383851147 0.8998638391494751 25
1738383851148 0.8836192488670349 26
1738383851149 0.8557937145233154 27
1738383851150 0.8250991106033325 28
1738383851151 0.8144392371177673 29
1738383851153 0.7903082966804504 30
1738383851154 0.7644321322441101 31
1738383851155 0.7416889071464539 32
1738383851156 0.731071949005127 33
1738383851157 0.7116111516952515 34
1738383851159 0.6949765086174011 35
1738383851160 0.6774815320968628 36
1738383851161 0.6467700004577637 37
1738383851163 0.6461838483810425 38
1738383851164 0.6353157162666321 39
1738383851165 0.6155239939689636 40
1738383851166 0.6072298288345337 41
1738383851167 0.5886099338531494 42
1738383851169 0.5769246816635132 43
1738383851171 0.5675641298294067 44
1738383851173 0.5424008369445801 45
1738383851174 0.5332702398300171 46
1738383851176 0.5323840379714966 47
1738383851178 0.5174799561500549 48
1738383851180 0.5071069598197937 49
1738383851182 0.49427735805511475 50
1738383851184 0.4928688406944275 51
1738383851186 0.47938793897628784 52
1738383851187 0.4718645513057709 53
1738383851188 0.46069395542144775 54
1738383851189 0.45016905665397644 55
1738383851191 0.4422729015350342 56
1738383851192 0.44866424798965454 57
1738383851193 0.4346959590911865 58
1738383851194 0.42496195435523987 59
1738383851195 0.4128917455673218 60
1738383851196 0.40089675784111023 61
1738383851198 0.3983898460865021 62
1738383851199 0.39929917454719543 63
1738383851200 0.38844379782676697 64
1738383851201 0.37945038080215454 65
1738383851202 0.37669387459754944 66
1738383851204 0.3695280849933624 67
1738383851205 0.36519160866737366 68
1738383851206 0.3587418794631958 69
1738383851207 0.35467323660850525 70
1738383851208 0.35259220004081726 71
1738383851210 0.34530994296073914 72
1738383851211 0.3370400667190552 73
1738383851212 0.33067426085472107 74
1738383851213 0.33523356914520264 75
1738383851215 0.3326725661754608 76
1738383851216 0.32250186800956726 77
1738383851217 0.32025086879730225 78
1738383851219 0.31485044956207275 79
1738383851220 0.31280550360679626 80
1738383851222 0.30752041935920715 81
1738383851223 0.31090059876441956 82
1738383851225 0.3001607060432434 83
1738383851226 0.2934911251068115 84
1738383851227 0.29047954082489014 85
1738383851228 0.2884460985660553 86
1738383851230 0.290976345539093 87
1738383851231 0.2843616306781769 88
1738383851232 0.2782764136791229 89
1738383851233 0.2821912467479706 90
1738383851234 0.2779216468334198 91
1738383851236 0.2729955315589905 92
1738383851237 0.26800838112831116 93
1738383851238 0.2604013979434967 94
1738383851239 0.26760008931159973 95
1738383851240 0.25362491607666016 96
1738383851242 0.2535499632358551 97
1738383851243 0.25670260190963745 98
1738383851244 0.25061190128326416 99
1738383851245 0.24864128232002258 100
1738383851246 0.2493268847465515 101
1738383851248 0.250482976436615 102
1738383851249 0.23899005353450775 103
1738383851251 0.238621786236763 104
1738383851253 0.23372198641300201 105
1738383851255 0.23375463485717773 106
1738383851257 0.23287196457386017 107
1738383851259 0.23178568482398987 108
1738383851260 0.23527491092681885 109
1738383851262 0.22213992476463318 110
1738383851264 0.22350884974002838 111
1738383851265 0.22274932265281677 112
1738383851266 0.2202383577823639 113
1738383851268 0.21874283254146576 114
1738383851269 0.21646948158740997 115
1738383851270 0.21401287615299225 116
1738383851271 0.20931749045848846 117
1738383851272 0.20431210100650787 118
1738383851274 0.20544351637363434 119
