1738040367006 0.3568750023841858 0
1738040367008 0.578906238079071 1
1738040367009 0.6442187428474426 2
1738040367010 0.6722656488418579 3
1738040367011 0.7046874761581421 4
1738040367013 0.73046875 5
1738040367014 0.7513281106948853 6
1738040367015 0.7592968940734863 7
1738040367016 0.767382800579071 8
1738040367017 0.7816015481948853 9
1738040367018 0.7898046970367432 10
1738040367019 0.7880077958106995 11
1738040367020 0.8006640672683716 12
1738040367021 0.8023437261581421 13
1738040367023 0.8081640601158142 14
1738040367025 0.8086718916893005 15
1738040367026 0.8144921660423279 16
1738040367028 0.818554699420929 17
1738040367029 0.823437511920929 18
1738040367030 0.8198437690734863 19
1738040367031 0.8190234303474426 20
1738040367032 0.827929675579071 21
1738040367033 0.8264843821525574 22
1738040367035 0.8298046588897705 23
1738040367036 0.833789050579071 24
1738040367037 0.8383593559265137 25
1738040367038 0.8417187333106995 26
1738040367039 0.8388281464576721 27
1738040367041 0.8427734375 28
1738040367043 0.8395312428474426 29
1738040367044 0.8482031226158142 30
1738040367045 0.8469531536102295 31
1738040367047 0.8506640791893005 32
1738040367048 0.8489062786102295 33
1738040367049 0.8532812595367432 34
1738040367051 0.8557422161102295 35
1738040367052 0.8549609184265137 36
1738040367053 0.8582812547683716 37
1738040367054 0.8580468893051147 38
1738040367055 0.8607812523841858 39
1738040367057 0.8594140410423279 40
1738040367058 0.8592187762260437 41
1738040367059 0.863085925579071 42
1738040367060 0.8596484661102295 43
1738040367062 0.8655078411102295 44
1738040367063 0.8681640625 45
1738040367064 0.8664453029632568 46
1738040367065 0.8691015839576721 47
1738040367066 0.866406261920929 48
1738040367067 0.868945300579071 49
1738040367068 0.8685547113418579 50
1738040367069 0.8701953291893005 51
1738040367071 0.872265636920929 52
1738040367072 0.8729687333106995 53
1738040367073 0.8700390458106995 54
1738040367074 0.8728125095367432 55
1738040367075 0.8740234375 56
1738040367076 0.8730859160423279 57
1738040367078 0.8746093511581421 58
1738040367079 0.8763672113418579 59
1738040367080 0.8782812356948853 60
1738040367081 0.8760547041893005 61
1738040367082 0.8792187571525574 62
1738040367083 0.8803906440734863 63
1738040367085 0.8752343654632568 64
1738040367086 0.879687488079071 65
1738040367087 0.8800390362739563 66
1738040367088 0.8807812333106995 67
1738040367090 0.8811718821525574 68
1738040367091 0.8811718821525574 69
1738040367092 0.8798828125 70
1738040367093 0.8810155987739563 71
1738040367095 0.8823437690734863 72
1738040367096 0.8818359375 73
