1738040367006 1.6414953470230103 0
1738040367008 1.1531808376312256 1
1738040367009 0.9929220676422119 2
1738040367010 0.9278695583343506 3
1738040367011 0.849163293838501 4
1738040367013 0.7778682112693787 5
1738040367014 0.7336905002593994 6
1738040367015 0.703655481338501 7
1738040367016 0.6849569082260132 8
1738040367017 0.6433645486831665 9
1738040367018 0.6251277923583984 10
1738040367019 0.6204289793968201 11
1738040367020 0.592603325843811 12
1738040367021 0.5868250727653503 13
1738040367023 0.5666376352310181 14
1738040367025 0.5614456534385681 15
1738040367026 0.546459436416626 16
1738040367028 0.5316529273986816 17
1738040367029 0.5249711871147156 18
1738040367030 0.5227582454681396 19
1738040367031 0.529987096786499 20
1738040367032 0.5024812817573547 21
1738040367033 0.5025355219841003 22
1738040367035 0.4952858090400696 23
1738040367036 0.48730549216270447 24
1738040367037 0.4718663692474365 25
1738040367038 0.450111985206604 26
1738040367039 0.4612167775630951 27
1738040367041 0.4498591125011444 28
1738040367043 0.4637812077999115 29
1738040367044 0.436558336019516 30
1738040367045 0.4381016492843628 31
1738040367047 0.4283064305782318 32
1738040367048 0.4256875216960907 33
1738040367049 0.4173356294631958 34
1738040367051 0.41448020935058594 35
1738040367052 0.4145600199699402 36
1738040367053 0.4030938446521759 37
1738040367054 0.400758296251297 38
1738040367055 0.397708922624588 39
1738040367057 0.4051470160484314 40
1738040367058 0.39758411049842834 41
1738040367059 0.3858390152454376 42
1738040367060 0.39606326818466187 43
1738040367062 0.3932059109210968 44
1738040367063 0.37271618843078613 45
1738040367064 0.3736172616481781 46
1738040367065 0.3711538016796112 47
1738040367066 0.3814581632614136 48
1738040367067 0.3707200884819031 49
1738040367068 0.3721996545791626 50
1738040367069 0.3652389943599701 51
1738040367071 0.35510700941085815 52
1738040367072 0.35821738839149475 53
1738040367073 0.3681373596191406 54
1738040367074 0.36381763219833374 55
1738040367075 0.3554408550262451 56
1738040367076 0.35519978404045105 57
1738040367078 0.3545180559158325 58
1738040367079 0.3503204584121704 59
1738040367080 0.3428925573825836 60
1738040367081 0.34849417209625244 61
1738040367082 0.3387050926685333 62
1738040367083 0.33471131324768066 63
1738040367085 0.34524431824684143 64
1738040367086 0.3367213010787964 65
1738040367087 0.33411797881126404 66
1738040367088 0.3333151638507843 67
1738040367090 0.3295366168022156 68
1738040367091 0.33300745487213135 69
1738040367092 0.33210790157318115 70
1738040367093 0.3284423351287842 71
1738040367095 0.32689160108566284 72
1738040367096 0.32753700017929077 73
