1738639676243 0.21589843928813934 0
1738639676244 0.240234375 1
1738639676245 0.2530468702316284 2
1738639676247 0.2590624988079071 3
1738639676248 0.26472654938697815 4
1738639676249 0.27437499165534973 5
1738639676251 0.2876562476158142 6
1738639676253 0.2978515625 7
1738639676254 0.3071874976158142 8
1738639676255 0.3203125 9
1738639676258 0.31566405296325684 10
1738639676259 0.3278124928474426 11
1738639676261 0.30667969584465027 12
1738639676262 0.35804688930511475 13
1738639676263 0.35566407442092896 14
1738639676264 0.3660937547683716 15
1738639676265 0.3623046875 16
1738639676266 0.36406248807907104 17
1738639676267 0.36835938692092896 18
1738639676269 0.36667969822883606 19
1738639676270 0.3611718714237213 20
1738639676271 0.36808595061302185 21
1738639676273 0.36765626072883606 22
1738639676274 0.3683203160762787 23
1738639676276 0.37058594822883606 24
1738639676277 0.3751562535762787 25
1738639676278 0.38179686665534973 26
1738639676279 0.37964844703674316 27
1738639676281 0.3743359446525574 28
1738639676282 0.3723828196525574 29
1738639676283 0.3790625035762787 30
1738639676284 0.3761328160762787 31
1738639676285 0.38191404938697815 32
1738639676286 0.3855859339237213 33
1738639676287 0.38316404819488525 34
1738639676288 0.38179686665534973 35
1738639676290 0.3812499940395355 36
1738639676291 0.3862890601158142 37
1738639676292 0.3830859363079071 38
1738639676293 0.3855859339237213 39
1738639676294 0.3737109303474426 40
1738639676295 0.3762890696525574 41
1738639676296 0.37285155057907104 42
1738639676297 0.3765234351158142 43
1738639676298 0.3743359446525574 44
1738639676300 0.36964842677116394 45
1738639676301 0.37203124165534973 46
1738639676302 0.38035157322883606 47
1738639676303 0.3817187547683716 48
1738639676304 0.3771093785762787 49
1738639676305 0.37898436188697815 50
1738639676307 0.37894532084465027 51
1738639676308 0.3719140589237213 52
1738639676309 0.37703123688697815 53
1738639676311 0.36601561307907104 54
1738639676312 0.36933594942092896 55
1738639676314 0.37476563453674316 56
1738639676315 0.3897656202316284 57
1738639676316 0.37617188692092896 58
1738639676318 0.3809765577316284 59
1738639676320 0.3824999928474426 60
1738639676321 0.38234373927116394 61
1738639676323 0.38511717319488525 62
1738639676324 0.38792967796325684 63
1738639676325 0.3853124976158142 64
1738639676327 0.3864453136920929 65
1738639676328 0.3800390660762787 66
1738639676330 0.38667967915534973 67
1738639676332 0.3868359327316284 68
1738639676334 0.37562501430511475 69
1738639676335 0.37718749046325684 70
1738639676336 0.37339842319488525 71
1738639676337 0.38359373807907104 72
1738639676339 0.38304686546325684 73
1738639676340 0.3760937452316284 74
1738639676342 0.38816407322883606 75
1738639676344 0.38230469822883606 76
1738639676346 0.3758203089237213 77
1738639676347 0.3843359351158142 78
1738639676349 0.3844531178474426 79
1738639676351 0.38707029819488525 80
1738639676353 0.38035157322883606 81
1738639676355 0.39250001311302185 82
1738639676356 0.3773437440395355 83
1738639676358 0.37660157680511475 84
1738639676360 0.3766796886920929 85
1738639676362 0.37730467319488525 86
1738639676363 0.37894532084465027 87
1738639676364 0.3868359327316284 88
1738639676366 0.38160157203674316 89
1738639676367 0.3871093690395355 90
1738639676368 0.3908984363079071 91
1738639676369 0.37496092915534973 92
1738639676371 0.37964844703674316 93
1738639676372 0.3860156238079071 94
1738639676374 0.37476563453674316 95
1738639676376 0.3841796815395355 96
1738639676378 0.3814062476158142 97
1738639676379 0.3794531226158142 98
1738639676380 0.3839453160762787 99
1738639676382 0.3829687535762787 100
1738639676384 0.39476561546325684 101
1738639676385 0.3854687511920929 102
1738639676387 0.38523438572883606 103
1738639676388 0.3762499988079071 104
1738639676390 0.38023436069488525 105
1738639676391 0.38359373807907104 106
1738639676392 0.37449219822883606 107
1738639676394 0.3869921863079071 108
1738639676395 0.3868359327316284 109
1738639676396 0.38636720180511475 110
1738639676398 0.3824999928474426 111
1738639676399 0.38593751192092896 112
1738639676400 0.38277342915534973 113
1738639676401 0.37828123569488525 114
1738639676402 0.3851562440395355 115
1738639676403 0.38328126072883606 116
1738639676404 0.3839453160762787 117
1738639676405 0.38453125953674316 118
1738639676406 0.3899609446525574 119
