1738639676243 47.67578125 0
1738639676244 32.70704650878906 1
1738639676245 38.37879943847656 2
1738639676247 33.16789245605469 3
1738639676248 29.763050079345703 4
1738639676249 25.959043502807617 5
1738639676251 26.23642349243164 6
1738639676253 25.0319766998291 7
1738639676254 20.994495391845703 8
1738639676255 18.722957611083984 9
1738639676258 18.602773666381836 10
1738639676259 17.352985382080078 11
1738639676261 17.20496940612793 12
1738639676262 16.109655380249023 13
1738639676263 17.04388427734375 14
1738639676264 16.263071060180664 15
1738639676265 15.972057342529297 16
1738639676266 15.518445014953613 17
1738639676267 17.417293548583984 18
1738639676269 16.243732452392578 19
1738639676270 15.594592094421387 20
1738639676271 15.32109260559082 21
1738639676273 15.211989402770996 22
1738639676274 15.07002067565918 23
1738639676276 15.271917343139648 24
1738639676277 14.985867500305176 25
1738639676278 14.977890968322754 26
1738639676279 14.940177917480469 27
1738639676281 15.025544166564941 28
1738639676282 15.086037635803223 29
1738639676283 15.034097671508789 30
1738639676284 15.013635635375977 31
1738639676285 15.096702575683594 32
1738639676286 14.94843864440918 33
1738639676287 15.096392631530762 34
1738639676288 14.939802169799805 35
1738639676290 15.119521141052246 36
1738639676291 14.91195297241211 37
1738639676292 15.067060470581055 38
1738639676293 14.896374702453613 39
1738639676294 14.921475410461426 40
1738639676295 14.952303886413574 41
1738639676296 14.929285049438477 42
1738639676297 14.9649019241333 43
1738639676298 15.055691719055176 44
1738639676300 15.187804222106934 45
1738639676301 14.938226699829102 46
1738639676302 14.870244979858398 47
1738639676303 14.87942123413086 48
1738639676304 14.916247367858887 49
1738639676305 14.892821311950684 50
1738639676307 14.812077522277832 51
1738639676308 14.995962142944336 52
1738639676309 14.87276840209961 53
1738639676311 17.68085479736328 54
1738639676312 15.937150001525879 55
1738639676314 15.149604797363281 56
1738639676315 15.0767240524292 57
1738639676316 14.917250633239746 58
1738639676318 14.815893173217773 59
1738639676320 14.941058158874512 60
1738639676321 14.839282989501953 61
1738639676323 14.960546493530273 62
1738639676324 14.945725440979004 63
1738639676325 14.789558410644531 64
1738639676327 14.751289367675781 65
1738639676328 14.741951942443848 66
1738639676330 14.729949951171875 67
1738639676332 14.66146469116211 68
1738639676334 14.73735237121582 69
1738639676335 14.85971450805664 70
1738639676336 14.851183891296387 71
1738639676337 14.953438758850098 72
1738639676339 14.927908897399902 73
1738639676340 14.877752304077148 74
1738639676342 14.79206657409668 75
1738639676344 14.668254852294922 76
1738639676346 14.807727813720703 77
1738639676347 14.696850776672363 78
1738639676349 14.640885353088379 79
1738639676351 14.759125709533691 80
1738639676353 14.761920928955078 81
1738639676355 14.678149223327637 82
1738639676356 14.674942970275879 83
1738639676358 14.6650972366333 84
1738639676360 14.673534393310547 85
1738639676362 14.700265884399414 86
1738639676363 14.663954734802246 87
1738639676364 14.646851539611816 88
1738639676366 14.632779121398926 89
1738639676367 14.666570663452148 90
1738639676368 14.654553413391113 91
1738639676369 14.713592529296875 92
1738639676371 14.710071563720703 93
1738639676372 14.751060485839844 94
1738639676374 14.678711891174316 95
1738639676376 14.640334129333496 96
1738639676378 14.711226463317871 97
1738639676379 14.657998085021973 98
1738639676380 14.618036270141602 99
1738639676382 14.609954833984375 100
1738639676384 14.542041778564453 101
1738639676385 14.658075332641602 102
1738639676387 14.580246925354004 103
1738639676388 14.642542839050293 104
1738639676390 14.689787864685059 105
1738639676391 14.648292541503906 106
1738639676392 14.643824577331543 107
1738639676394 14.646186828613281 108
1738639676395 14.705222129821777 109
1738639676396 14.702930450439453 110
1738639676398 14.714173316955566 111
1738639676399 14.648094177246094 112
1738639676400 14.616533279418945 113
1738639676401 14.751469612121582 114
1738639676402 14.682201385498047 115
1738639676403 14.681408882141113 116
1738639676404 14.662097930908203 117
1738639676405 14.610189437866211 118
1738639676406 14.614014625549316 119
