1738120107031 2.471435308456421 0
1738120107033 1.7993152141571045 1
1738120107034 1.5344127416610718 2
1738120107035 1.3658677339553833 3
1738120107036 1.2266353368759155 4
1738120107038 1.1173328161239624 5
1738120107039 1.0277588367462158 6
1738120107041 0.9578737616539001 7
1738120107042 0.9001103043556213 8
1738120107044 0.8539834022521973 9
1738120107045 0.810964047908783 10
1738120107047 0.7780442833900452 11
1738120107048 0.7495025396347046 12
1738120107049 0.7182281613349915 13
1738120107050 0.697638988494873 14
1738120107051 0.6774895191192627 15
1738120107053 0.6575827598571777 16
1738120107054 0.6422241926193237 17
1738120107055 0.630466639995575 18
1738120107057 0.6093576550483704 19
1738120107058 0.5925852060317993 20
1738120107060 0.5893668532371521 21
1738120107061 0.5768433809280396 22
1738120107063 0.5583323836326599 23
1738120107064 0.5582631826400757 24
1738120107066 0.540547788143158 25
1738120107068 0.5342340469360352 26
1738120107070 0.5193641781806946 27
1738120107072 0.5208688974380493 28
1738120107074 0.5085530281066895 29
1738120107077 0.4979853332042694 30
1738120107079 0.49588286876678467 31
1738120107081 0.486969530582428 32
1738120107082 0.4874703288078308 33
1738120107083 0.47011277079582214 34
1738120107085 0.48142537474632263 35
1738120107086 0.4692107141017914 36
1738120107087 0.4638296961784363 37
1738120107089 0.4542817771434784 38
1738120107090 0.45834407210350037 39
1738120107091 0.448859304189682 40
1738120107092 0.4296458065509796 41
1738120107093 0.4426508843898773 42
1738120107094 0.432903528213501 43
1738120107096 0.42363885045051575 44
1738120107097 0.42586490511894226 45
1738120107098 0.41951075196266174 46
1738120107099 0.4219006597995758 47
1738120107100 0.4118231236934662 48
1738120107101 0.40780410170555115 49
1738120107103 0.4052278399467468 50
