1738120107031 0.27406251430511475 0
1738120107033 0.38843750953674316 1
1738120107034 0.45726561546325684 2
1738120107035 0.5206640362739563 3
1738120107036 0.569531261920929 4
1738120107038 0.6083593964576721 5
1738120107039 0.6383984088897705 6
1738120107041 0.6635546684265137 7
1738120107042 0.6868359446525574 8
1738120107044 0.7018359303474426 9
1738120107045 0.7183984518051147 10
1738120107047 0.7323046922683716 11
1738120107048 0.7387890815734863 12
1738120107049 0.754101574420929 13
1738120107050 0.7593359351158142 14
1738120107051 0.7692577838897705 15
1738120107053 0.7734375 16
1738120107054 0.7790625095367432 17
1738120107055 0.7815625071525574 18
1738120107057 0.7903515696525574 19
1738120107058 0.7992578148841858 20
1738120107060 0.7951953411102295 21
1738120107061 0.8038281202316284 22
1738120107063 0.8101562261581421 23
1738120107064 0.8081250190734863 24
1738120107066 0.8131640553474426 25
1738120107068 0.8182031512260437 26
1738120107070 0.8213281035423279 27
1738120107072 0.8198046684265137 28
1738120107074 0.8273046612739563 29
1738120107077 0.8274609446525574 30
1738120107079 0.8298437595367432 31
1738120107081 0.8338671922683716 32
1738120107082 0.8331640362739563 33
1738120107083 0.8383984565734863 34
1738120107085 0.8349218964576721 35
1738120107086 0.8408203125 36
1738120107087 0.841796875 37
1738120107089 0.8449609279632568 38
1738120107090 0.8417187333106995 39
1738120107091 0.8464062213897705 40
1738120107092 0.852734386920929 41
1738120107093 0.8491406440734863 42
1738120107094 0.8491796851158142 43
1738120107096 0.8543750047683716 44
1738120107097 0.8553906083106995 45
1738120107098 0.8561718463897705 46
1738120107099 0.8567968606948853 47
1738120107100 0.8617187738418579 48
1738120107101 0.8619140386581421 49
1738120107103 0.8644140362739563 50
