1738770979973 1.767246961593628 0
1738770979974 1.5619268417358398 1
1738770979976 1.5022834539413452 2
1738770979977 1.472450613975525 3
1738770979979 1.4482183456420898 4
1738770979980 1.4401103258132935 5
1738770979981 1.4179835319519043 6
1738770979983 1.4231774806976318 7
1738770979985 1.417952060699463 8
1738770979988 1.3966957330703735 9
1738770979991 1.4026988744735718 10
1738770979994 1.3772552013397217 11
1738770979997 1.377899169921875 12
1738770979999 1.3781297206878662 13
1738770980002 1.3692086935043335 14
1738770980004 1.3521041870117188 15
1738770980007 1.3517160415649414 16
1738770980010 1.3477866649627686 17
1738770980013 1.3505553007125854 18
1738770980015 1.3509043455123901 19
1738770980018 1.344045877456665 20
1738770980020 1.3390154838562012 21
1738770980023 1.3401778936386108 22
1738770980026 1.3322607278823853 23
1738770980028 1.3326126337051392 24
1738770980029 1.3360769748687744 25
1738770980031 1.3272534608840942 26
1738770980032 1.3295575380325317 27
1738770980034 1.3187593221664429 28
1738770980035 1.3158395290374756 29
1738770980037 1.3156431913375854 30
1738770980038 1.3212902545928955 31
1738770980039 1.3078219890594482 32
1738770980041 1.315253496170044 33
1738770980042 1.3023054599761963 34
1738770980043 1.3089250326156616 35
1738770980044 1.306373119354248 36
1738770980045 1.3040066957473755 37
1738770980047 1.310304880142212 38
1738770980048 1.3055624961853027 39
1738770980049 1.2920372486114502 40
1738770980050 1.3055529594421387 41
1738770980051 1.2997432947158813 42
1738770980052 1.2918765544891357 43
1738770980054 1.298506498336792 44
1738770980055 1.2917567491531372 45
1738770980056 1.2812964916229248 46
1738770980057 1.2845836877822876 47
1738770980058 1.2882781028747559 48
1738770980059 1.2789192199707031 49
1738770980060 1.2940677404403687 50
1738770980062 1.2830065488815308 51
1738770980063 1.2865484952926636 52
1738770980064 1.2823437452316284 53
1738770980065 1.2886940240859985 54
1738770980067 1.2899656295776367 55
1738770980069 1.270616888999939 56
1738770980070 1.280869483947754 57
1738770980071 1.2793809175491333 58
1738770980073 1.2781081199645996 59
1738770980074 1.2709605693817139 60
1738770980075 1.2721136808395386 61
1738770980076 1.2794198989868164 62
1738770980077 1.2718605995178223 63
1738770980078 1.2747457027435303 64
1738770980079 1.2790236473083496 65
1738770980081 1.2769310474395752 66
1738770980082 1.2685538530349731 67
1738770980083 1.2710691690444946 68
1738770980084 1.2705962657928467 69
1738770980085 1.2727822065353394 70
1738770980086 1.2727211713790894 71
1738770980088 1.266097903251648 72
1738770980089 1.2649180889129639 73
1738770980090 1.2742676734924316 74
1738770980091 1.2811578512191772 75
1738770980092 1.2705355882644653 76
1738770980093 1.2638884782791138 77
1738770980095 1.269031047821045 78
1738770980096 1.262222409248352 79
1738770980097 1.2541861534118652 80
1738770980099 1.2689878940582275 81
1738770980100 1.261880874633789 82
1738770980101 1.270169734954834 83
1738770980102 1.2676159143447876 84
1738770980103 1.2613364458084106 85
1738770980105 1.2541425228118896 86
1738770980106 1.25278902053833 87
1738770980107 1.2623659372329712 88
1738770980108 1.2602508068084717 89
1738770980110 1.2524669170379639 90
1738770980111 1.2505993843078613 91
1738770980112 1.2627843618392944 92
1738770980113 1.2517576217651367 93
1738770980114 1.2559974193572998 94
1738770980115 1.2468310594558716 95
1738770980117 1.2570632696151733 96
1738770980118 1.2484662532806396 97
1738770980119 1.2564857006072998 98
1738770980120 1.2515901327133179 99
1738770980121 1.2591924667358398 100
1738770980123 1.2453370094299316 101
1738770980124 1.2591465711593628 102
1738770980125 1.2486231327056885 103
1738770980126 1.2492190599441528 104
1738770980127 1.255395770072937 105
1738770980128 1.2472755908966064 106
1738770980129 1.2459290027618408 107
1738770980131 1.253704309463501 108
1738770980132 1.2560862302780151 109
1738770980133 1.245286226272583 110
1738770980134 1.2502461671829224 111
1738770980135 1.235580563545227 112
1738770980136 1.2528671026229858 113
1738770980138 1.2391211986541748 114
1738770980139 1.2448230981826782 115
1738770980140 1.2532687187194824 116
1738770980142 1.2432907819747925 117
1738770980143 1.2394390106201172 118
1738770980144 1.2514814138412476 119
