1738770979973 0.2718749940395355 0
1738770979974 0.3585546910762787 1
1738770979976 0.39769530296325684 2
1738770979977 0.40453124046325684 3
1738770979979 0.42207032442092896 4
1738770979980 0.4241406321525574 5
1738770979981 0.43242186307907104 6
1738770979983 0.4361328184604645 7
1738770979985 0.43558594584465027 8
1738770979988 0.4469921886920929 9
1738770979991 0.4500390589237213 10
1738770979994 0.45511719584465027 11
1738770979997 0.45531249046325684 12
1738770979999 0.4635937511920929 13
1738770980002 0.4606640636920929 14
1738770980004 0.47257813811302185 15
1738770980007 0.4689062535762787 16
1738770980010 0.47343748807907104 17
1738770980013 0.47550782561302185 18
1738770980015 0.4762499928474426 19
1738770980018 0.47484374046325684 20
1738770980020 0.4800781309604645 21
1738770980023 0.47749999165534973 22
1738770980026 0.48121094703674316 23
1738770980028 0.4820312559604645 24
1738770980029 0.48070311546325684 25
1738770980031 0.4816015660762787 26
1738770980032 0.48472654819488525 27
1738770980034 0.4821093678474426 28
1738770980035 0.4891015589237213 29
1738770980037 0.4908203184604645 30
1738770980038 0.4860546886920929 31
1738770980039 0.49488282203674316 32
1738770980041 0.4919140636920929 33
1738770980042 0.4998437464237213 34
1738770980043 0.49585938453674316 35
1738770980044 0.4973828196525574 36
1738770980045 0.49292969703674316 37
1738770980047 0.4945703148841858 38
1738770980048 0.49851563572883606 39
1738770980049 0.5002734661102295 40
1738770980050 0.49710938334465027 41
1738770980051 0.49296873807907104 42
1738770980052 0.5038672089576721 43
1738770980054 0.49535155296325684 44
1738770980055 0.5003125071525574 45
1738770980056 0.5074609518051147 46
1738770980057 0.5010937452316284 47
1738770980058 0.501757800579071 48
1738770980059 0.5016796588897705 49
1738770980060 0.49824219942092896 50
1738770980062 0.5079687237739563 51
1738770980063 0.5027734637260437 52
1738770980064 0.5035937428474426 53
1738770980065 0.5 54
1738770980067 0.5013672113418579 55
1738770980069 0.5084765553474426 56
1738770980070 0.5035937428474426 57
1738770980071 0.5081640481948853 58
1738770980073 0.5088672041893005 59
1738770980074 0.5135546922683716 60
1738770980075 0.5057812333106995 61
1738770980076 0.5073828101158142 62
1738770980077 0.51171875 63
1738770980078 0.5076562762260437 64
1738770980079 0.5037890672683716 65
1738770980081 0.5087500214576721 66
1738770980082 0.5146874785423279 67
1738770980083 0.5117968916893005 68
1738770980084 0.5109765529632568 69
1738770980085 0.5121093988418579 70
1738770980086 0.5099999904632568 71
1738770980088 0.5072656273841858 72
1738770980089 0.5139453411102295 73
1738770980090 0.5096094012260437 74
1738770980091 0.5020312666893005 75
1738770980092 0.5059375166893005 76
1738770980093 0.5119922161102295 77
1738770980095 0.5129296779632568 78
1738770980096 0.5169922113418579 79
1738770980097 0.5141797065734863 80
1738770980099 0.5078125 81
1738770980100 0.5143359303474426 82
1738770980101 0.510937511920929 83
1738770980102 0.5103515386581421 84
1738770980103 0.5114843845367432 85
1738770980105 0.5153906345367432 86
1738770980106 0.5189843773841858 87
1738770980107 0.5142577886581421 88
1738770980108 0.510937511920929 89
1738770980110 0.5142968893051147 90
1738770980111 0.518750011920929 91
1738770980112 0.5142577886581421 92
1738770980113 0.5171484351158142 93
1738770980114 0.5133593678474426 94
1738770980115 0.5187109112739563 95
1738770980117 0.5130859613418579 96
1738770980118 0.5168750286102295 97
1738770980119 0.5126562714576721 98
1738770980120 0.5176562666893005 99
1738770980121 0.5187109112739563 100
1738770980123 0.5208984613418579 101
1738770980124 0.5135546922683716 102
1738770980125 0.5211718678474426 103
1738770980126 0.5181249976158142 104
1738770980127 0.5141797065734863 105
1738770980128 0.5159375071525574 106
1738770980129 0.5193750262260437 107
1738770980131 0.5128124952316284 108
1738770980132 0.5164453387260437 109
1738770980133 0.521484375 110
1738770980134 0.5144140720367432 111
1738770980135 0.5240234136581421 112
1738770980136 0.5153906345367432 113
1738770980138 0.519335925579071 114
1738770980139 0.5197656154632568 115
1738770980140 0.516406238079071 116
1738770980142 0.5150390863418579 117
1738770980143 0.5249609351158142 118
1738770980144 0.5215234160423279 119
