1738022966834 41.203983306884766 0
1738022966836 1.9319243431091309 1
1738022966837 1.8200201988220215 2
1738022966838 1.7962841987609863 3
1738022966840 1.7796275615692139 4
1738022966841 1.7169604301452637 5
1738022966842 1.687778353691101 6
1738022966843 1.6600232124328613 7
1738022966845 1.6274216175079346 8
1738022966846 1.6023566722869873 9
1738022966847 1.7638365030288696 10
1738022966849 1.5975384712219238 11
1738022966850 1.537996768951416 12
1738022966852 1.505704641342163 13
1738022966853 1.4647681713104248 14
1738022966854 1.4549847841262817 15
1738022966855 1.4141709804534912 16
1738022966857 1.3901714086532593 17
1738022966858 1.370516061782837 18
1738022966859 1.3651849031448364 19
1738022966860 1.3413821458816528 20
1738022966862 1.342679500579834 21
1738022966863 1.3215765953063965 22
1738022966865 1.3083442449569702 23
1738022966866 1.2957042455673218 24
1738022966867 1.2726768255233765 25
1738022966869 1.2471051216125488 26
1738022966870 1.261725902557373 27
1738022966871 1.2347514629364014 28
1738022966872 1.2454681396484375 29
1738022966873 1.204769253730774 30
1738022966874 1.2154881954193115 31
1738022966876 1.20256769657135 32
1738022966877 1.1910123825073242 33
1738022966878 1.1740856170654297 34
1738022966879 1.1657207012176514 35
1738022966880 1.1692373752593994 36
1738022966881 1.1568845510482788 37
1738022966883 1.1572165489196777 38
1738022966884 1.1367723941802979 39
1738022966885 1.1340689659118652 40
1738022966886 1.1272202730178833 41
1738022966887 1.100423812866211 42
1738022966888 1.1057535409927368 43
1738022966889 1.0931923389434814 44
1738022966890 1.0936713218688965 45
1738022966892 1.0773946046829224 46
1738022966893 1.0765879154205322 47
1738022966894 1.0616888999938965 48
1738022966895 1.0607987642288208 49
1738022966896 1.076180338859558 50
1738022966897 1.0301367044448853 51
1738022966898 1.0420920848846436 52
1738022966899 1.017956256866455 53
1738022966900 1.018150806427002 54
1738022966902 1.014254093170166 55
1738022966903 1.008463740348816 56
1738022966904 1.017411231994629 57
1738022966905 0.9882143139839172 58
1738022966906 1.0023058652877808 59
1738022966907 0.9710486531257629 60
1738022966908 0.9905199408531189 61
1738022966909 0.9921339154243469 62
1738022966910 0.9674590826034546 63
1738022966911 0.9655370116233826 64
1738022966913 0.952618420124054 65
1738022966914 0.9721378087997437 66
1738022966915 0.9591906666755676 67
1738022966916 0.9383783936500549 68
1738022966917 0.9392485022544861 69
1738022966918 0.9340031147003174 70
1738022966919 0.932445228099823 71
1738022966920 0.9149640798568726 72
1738022966921 0.9270889759063721 73
1738022966923 0.919913113117218 74
1738022966924 0.957984447479248 75
1738022966925 0.9421547651290894 76
1738022966926 0.930493175983429 77
