1738022966834 0.32027342915534973 0
1738022966836 0.3514453172683716 1
1738022966837 0.3719140589237213 2
1738022966838 0.3860546946525574 3
1738022966840 0.39335936307907104 4
1738022966841 0.4161718785762787 5
1738022966842 0.4300000071525574 6
1738022966843 0.44355469942092896 7
1738022966845 0.4543749988079071 8
1738022966846 0.4661328196525574 9
1738022966847 0.4367968738079071 10
1738022966849 0.4747265577316284 11
1738022966850 0.49898436665534973 12
1738022966852 0.5198437571525574 13
1738022966853 0.5439062714576721 14
1738022966854 0.553515613079071 15
1738022966855 0.5699609518051147 16
1738022966857 0.580078125 17
1738022966858 0.5882031321525574 18
1738022966859 0.5904687643051147 19
1738022966860 0.601367175579071 20
1738022966862 0.6057812571525574 21
1738022966863 0.6126953363418579 22
1738022966865 0.6167187690734863 23
1738022966866 0.6244531273841858 24
1738022966867 0.6329296827316284 25
1738022966869 0.6392187476158142 26
1738022966870 0.638476550579071 27
1738022966871 0.6467968821525574 28
1738022966872 0.6469140648841858 29
1738022966873 0.6565625071525574 30
1738022966874 0.6519140601158142 31
1738022966876 0.658203125 32
1738022966877 0.6608593463897705 33
1738022966878 0.6664453148841858 34
1738022966879 0.6730859279632568 35
1738022966880 0.6655077934265137 36
1738022966881 0.6742187738418579 37
1738022966883 0.6716015338897705 38
1738022966884 0.681640625 39
1738022966885 0.6837109327316284 40
1738022966886 0.6863672137260437 41
1738022966887 0.6924609541893005 42
1738022966888 0.6969921588897705 43
1738022966889 0.6978906393051147 44
1738022966890 0.6993749737739563 45
1738022966892 0.702929675579071 46
1738022966893 0.7060156464576721 47
1738022966894 0.7085156440734863 48
1738022966895 0.7105078101158142 49
1738022966896 0.7089062333106995 50
1738022966897 0.7243750095367432 51
1738022966898 0.7191015481948853 52
1738022966899 0.7254687547683716 53
1738022966900 0.7242968678474426 54
1738022966902 0.7260156273841858 55
1738022966903 0.7297656536102295 56
1738022966904 0.7284765839576721 57
1738022966905 0.7360546588897705 58
1738022966906 0.7342187762260437 59
1738022966907 0.741992175579071 60
1738022966908 0.740039050579071 61
1738022966909 0.7393359541893005 62
1738022966910 0.7450000047683716 63
1738022966911 0.7476953268051147 64
1738022966913 0.7503906488418579 65
1738022966914 0.7448828220367432 66
1738022966915 0.7469921708106995 67
1738022966916 0.7547656297683716 68
1738022966917 0.7553125023841858 69
1738022966918 0.7555859088897705 70
1738022966919 0.7557031512260437 71
1738022966920 0.7647656202316284 72
1738022966921 0.7601953148841858 73
1738022966923 0.7629296779632568 74
1738022966924 0.7506250143051147 75
1738022966925 0.7561718821525574 76
1738022966926 0.7630468606948853 77
