1738138417408 0.2120703160762787 0
1738138417410 0.2767968773841858 1
1738138417411 0.3239453136920929 2
1738138417412 0.3553515672683716 3
1738138417414 0.38773438334465027 4
1738138417415 0.42894530296325684 5
1738138417417 0.46464842557907104 6
1738138417418 0.5090625286102295 7
1738138417420 0.5497656464576721 8
1738138417422 0.5875390768051147 9
1738138417423 0.6135547161102295 10
1738138417425 0.6427343487739563 11
1738138417427 0.6665234565734863 12
1738138417429 0.6883593797683716 13
1738138417431 0.6985156536102295 14
1738138417433 0.7056249976158142 15
1738138417435 0.7164062261581421 16
1738138417436 0.7217578291893005 17
1738138417437 0.7291796803474426 18
1738138417438 0.7327343821525574 19
1738138417440 0.7399609088897705 20
1738138417442 0.7487109303474426 21
1738138417444 0.754101574420929 22
1738138417446 0.7551953196525574 23
1738138417448 0.7639843821525574 24
1738138417450 0.7631250023841858 25
1738138417451 0.7692968845367432 26
1738138417453 0.7735156416893005 27
1738138417454 0.7736718654632568 28
1738138417456 0.7757031321525574 29
1738138417457 0.7801952958106995 30
1738138417459 0.7819921970367432 31
1738138417460 0.7878124713897705 32
1738138417462 0.7954297065734863 33
1738138417464 0.7900000214576721 34
1738138417465 0.7940234541893005 35
1738138417467 0.7933984398841858 36
1738138417468 0.7966406345367432 37
1738138417469 0.7987109422683716 38
1738138417470 0.8028515577316284 39
1738138417471 0.8070312738418579 40
1738138417473 0.8044140338897705 41
1738138417474 0.8025781512260437 42
1738138417475 0.8021484613418579 43
1738138417477 0.8120312690734863 44
1738138417478 0.8069140911102295 45
1738138417480 0.8112890720367432 46
1738138417482 0.8081250190734863 47
1738138417484 0.8142187595367432 48
1738138417486 0.814453125 49
1738138417488 0.8138281106948853 50
1738138417490 0.8139062523841858 51
1738138417491 0.8176953196525574 52
1738138417492 0.8157421946525574 53
1738138417493 0.8208593726158142 54
1738138417495 0.8227343559265137 55
1738138417497 0.8205468654632568 56
1738138417498 0.8192187547683716 57
1738138417500 0.8268359303474426 58
1738138417502 0.8223437666893005 59
1738138417504 0.8255078196525574 60
1738138417505 0.8203515410423279 61
1738138417506 0.8233203291893005 62
1738138417508 0.8227734565734863 63
1738138417510 0.8212890625 64
1738138417512 0.8248828053474426 65
1738138417514 0.8284765481948853 66
1738138417516 0.8219531178474426 67
1738138417518 0.8277734518051147 68
1738138417519 0.8283984661102295 69
1738138417520 0.8296093940734863 70
1738138417521 0.8246874809265137 71
1738138417523 0.8316015601158142 72
1738138417524 0.8278515338897705 73
1738138417526 0.833203136920929 74
1738138417527 0.830078125 75
1738138417528 0.8251562714576721 76
1738138417530 0.830859363079071 77
1738138417531 0.830078125 78
1738138417532 0.8319922089576721 79
