1738138417408 38.02826690673828 0
1738138417410 35.917266845703125 1
1738138417411 33.89204025268555 2
1738138417412 31.69989013671875 3
1738138417414 29.3251895904541 4
1738138417415 26.784751892089844 5
1738138417417 24.172563552856445 6
1738138417418 21.538869857788086 7
1738138417420 18.945636749267578 8
1738138417422 16.4505672454834 9
1738138417423 14.124244689941406 10
1738138417425 11.988072395324707 11
1738138417427 10.0496244430542 12
1738138417429 8.371431350708008 13
1738138417431 6.972492218017578 14
1738138417433 5.81832218170166 15
1738138417435 4.868245601654053 16
1738138417436 4.131166458129883 17
1738138417437 3.5906691551208496 18
1738138417438 3.1586551666259766 19
1738138417440 2.8440558910369873 20
1738138417442 2.5841846466064453 21
1738138417444 2.401766777038574 22
1738138417446 2.259739398956299 23
1738138417448 2.1003541946411133 24
1738138417450 2.026193618774414 25
1738138417451 1.9219152927398682 26
1738138417453 1.8498053550720215 27
1738138417454 1.8075213432312012 28
1738138417456 1.7426663637161255 29
1738138417457 1.7233326435089111 30
1738138417459 1.666048288345337 31
1738138417460 1.6405491828918457 32
1738138417462 1.5518192052841187 33
1738138417464 1.5790470838546753 34
1738138417465 1.525876522064209 35
1738138417467 1.5440646409988403 36
1738138417468 1.5012409687042236 37
1738138417469 1.4634449481964111 38
1738138417470 1.4348347187042236 39
1738138417471 1.4236726760864258 40
1738138417473 1.434596061706543 41
1738138417474 1.4035186767578125 42
1738138417475 1.397654414176941 43
1738138417477 1.3603359460830688 44
1738138417478 1.3390014171600342 45
1738138417480 1.3217437267303467 46
1738138417482 1.3461902141571045 47
1738138417484 1.3216761350631714 48
1738138417486 1.2820158004760742 49
1738138417488 1.2766116857528687 50
1738138417490 1.2926762104034424 51
1738138417491 1.2487090826034546 52
1738138417492 1.2533810138702393 53
1738138417493 1.2464630603790283 54
1738138417495 1.2365213632583618 55
1738138417497 1.2231863737106323 56
1738138417498 1.2424792051315308 57
1738138417500 1.1840295791625977 58
1738138417502 1.1947342157363892 59
1738138417504 1.1715364456176758 60
1738138417505 1.1633096933364868 61
1738138417506 1.1740601062774658 62
1738138417508 1.1419450044631958 63
1738138417510 1.1655323505401611 64
1738138417512 1.1415153741836548 65
1738138417514 1.129866123199463 66
1738138417516 1.1528304815292358 67
1738138417518 1.1034389734268188 68
1738138417519 1.1012065410614014 69
1738138417520 1.0850098133087158 70
1738138417521 1.1234232187271118 71
1738138417523 1.0779060125350952 72
1738138417524 1.0933523178100586 73
1738138417526 1.0832633972167969 74
1738138417527 1.0812908411026 75
1738138417528 1.0957918167114258 76
1738138417530 1.0841913223266602 77
1738138417531 1.0771397352218628 78
1738138417532 1.0768550634384155 79
