1738427440490 5.887369155883789 0
1738427440492 3.0547525882720947 1
1738427440493 2.773221969604492 2
1738427440494 2.6009323596954346 3
1738427440496 2.483287811279297 4
1738427440497 2.3343141078948975 5
1738427440499 2.2156827449798584 6
1738427440501 2.0768887996673584 7
1738427440502 1.9799171686172485 8
1738427440503 1.8938199281692505 9
1738427440505 1.8206058740615845 10
1738427440506 1.7498009204864502 11
1738427440508 1.717954397201538 12
1738427440510 1.680487871170044 13
1738427440511 1.634585976600647 14
1738427440512 1.6463956832885742 15
1738427440514 1.6142507791519165 16
1738427440516 1.6177045106887817 17
1738427440518 1.603590965270996 18
1738427440519 1.6031596660614014 19
1738427440521 1.579399824142456 20
1738427440522 1.5760308504104614 21
1738427440523 1.5541621446609497 22
1738427440525 1.5562747716903687 23
1738427440526 1.5465035438537598 24
1738427440528 1.5690001249313354 25
1738427440529 1.544753909111023 26
1738427440530 1.555200457572937 27
1738427440532 1.5581740140914917 28
1738427440534 1.5389964580535889 29
1738427440535 1.543473720550537 30
1738427440537 1.5658786296844482 31
1738427440539 1.5520480871200562 32
1738427440540 1.558006763458252 33
