1738427440490 0.3662109375 0
1738427440492 0.4964062571525574 1
1738427440493 0.5561718940734863 2
1738427440494 0.5985937714576721 3
1738427440496 0.6319140791893005 4
1738427440497 0.6586718559265137 5
1738427440499 0.6680468916893005 6
1738427440501 0.6872656345367432 7
1738427440502 0.6891796588897705 8
1738427440503 0.7009375095367432 9
1738427440505 0.7076562643051147 10
1738427440506 0.7112890481948853 11
1738427440508 0.7155468463897705 12
1738427440510 0.7272265553474426 13
1738427440511 0.7294921875 14
1738427440512 0.7310156226158142 15
1738427440514 0.7388671636581421 16
1738427440516 0.7355859279632568 17
1738427440518 0.740039050579071 18
1738427440519 0.7430468797683716 19
1738427440521 0.7435937523841858 20
1738427440522 0.7416406273841858 21
1738427440523 0.7510937452316284 22
1738427440525 0.7560155987739563 23
1738427440526 0.7523437738418579 24
1738427440528 0.7525390386581421 25
1738427440529 0.7564843893051147 26
1738427440530 0.7548828125 27
1738427440532 0.7603515386581421 28
1738427440534 0.7591797113418579 29
1738427440535 0.7623046636581421 30
1738427440537 0.7583203315734863 31
1738427440539 0.7646093964576721 32
1738427440540 0.7630468606948853 33
