1738707121855 1.4552761316299438 0
1738707121861 0.9206667542457581 1
1738707121863 0.6901975274085999 2
1738707121864 0.5828647613525391 3
1738707121865 0.5099781155586243 4
1738707121866 0.4533567726612091 5
1738707121868 0.4118325710296631 6
1738707121870 0.37016355991363525 7
1738707121871 0.3409571945667267 8
1738707121873 0.32237139344215393 9
1738707121874 0.31204888224601746 10
1738707121875 0.2873912751674652 11
1738707121876 0.28374096751213074 12
1738707121878 0.2892666757106781 13
1738707121879 0.2560921311378479 14
1738707121880 0.27230000495910645 15
1738707121881 0.2415430247783661 16
1738707121882 0.23727725446224213 17
1738707121883 0.2304050475358963 18
1738707121885 0.2307596355676651 19
1738707121887 0.23841726779937744 20
1738707121889 0.22238236665725708 21
1738707121890 0.22451290488243103 22
1738707121891 0.21097339689731598 23
1738707121892 0.20501548051834106 24
1738707121893 0.20266655087471008 25
1738707121894 0.20436231791973114 26
1738707121896 0.1951020210981369 27
1738707121897 0.1975545436143875 28
1738707121898 0.20052342116832733 29
1738707121899 0.18041302263736725 30
1738707121900 0.17534883320331573 31
1738707121902 0.17784608900547028 32
1738707121903 0.17523644864559174 33
1738707121905 0.18034446239471436 34
1738707121907 0.17935936152935028 35
1738707121909 0.16891996562480927 36
1738707121910 0.17323072254657745 37
1738707121911 0.16332513093948364 38
1738707121913 0.16691267490386963 39
1738707121914 0.1588536947965622 40
1738707121915 0.15165971219539642 41
1738707121916 0.15601617097854614 42
1738707121917 0.15406841039657593 43
1738707121919 0.1481446474790573 44
1738707121922 0.15861546993255615 45
1738707121923 0.14920693635940552 46
1738707121924 0.14399273693561554 47
1738707121925 0.14385807514190674 48
1738707121926 0.14015083014965057 49
1738707121927 0.1446908712387085 50
1738707121929 0.1318550854921341 51
1738707121930 0.13317137956619263 52
1738707121931 0.1336214244365692 53
1738707121932 0.1352715939283371 54
1738707121933 0.13074253499507904 55
1738707121934 0.13180315494537354 56
1738707121936 0.13455702364444733 57
1738707121938 0.12648247182369232 58
1738707121939 0.12616194784641266 59
1738707121941 0.13651305437088013 60
1738707121942 0.1263090819120407 61
1738707121943 0.1268109381198883 62
1738707121944 0.1191878616809845 63
1738707121945 0.1222168356180191 64
