1738707121855 0.45136719942092896 0
1738707121861 0.6636718511581421 1
1738707121863 0.7685156464576721 2
1738707121864 0.806835949420929 3
1738707121865 0.8360546827316284 4
1738707121866 0.8537890911102295 5
1738707121868 0.869140625 6
1738707121870 0.8830468654632568 7
1738707121871 0.8942577838897705 8
1738707121873 0.9016406536102295 9
1738707121874 0.9044140577316284 10
1738707121875 0.9120703339576721 11
1738707121876 0.9164843559265137 12
1738707121878 0.9117968678474426 13
1738707121879 0.9210546612739563 14
1738707121880 0.9197656512260437 15
1738707121881 0.928906261920929 16
1738707121882 0.9300000071525574 17
1738707121883 0.9305078387260437 18
1738707121885 0.9333202838897705 19
1738707121887 0.929492175579071 20
1738707121889 0.9348437786102295 21
1738707121890 0.934374988079071 22
1738707121891 0.9391015768051147 23
1738707121892 0.9391015768051147 24
1738707121893 0.94140625 25
1738707121894 0.9394140839576721 26
1738707121896 0.9436718821525574 27
1738707121897 0.943554699420929 28
1738707121898 0.9424609541893005 29
1738707121899 0.9497265815734863 30
1738707121900 0.9504687786102295 31
1738707121902 0.9483984112739563 32
1738707121903 0.9493749737739563 33
1738707121905 0.9485937356948853 34
1738707121907 0.9487109184265137 35
1738707121909 0.9517968893051147 36
1738707121910 0.9499218463897705 37
1738707121911 0.9533593654632568 38
1738707121913 0.9525781273841858 39
1738707121914 0.9564062356948853 40
1738707121915 0.9536328315734863 41
1738707121916 0.9546093940734863 42
1738707121917 0.9566015601158142 43
1738707121919 0.9568750262260437 44
1738707121922 0.9555078148841858 45
1738707121923 0.9585937261581421 46
1738707121924 0.9580468535423279 47
1738707121925 0.9585937261581421 48
1738707121926 0.9596093893051147 49
1738707121927 0.9593359231948853 50
1738707121929 0.9619140625 51
1738707121930 0.9617968797683716 52
1738707121931 0.9619531035423279 53
1738707121932 0.9612109661102295 54
1738707121933 0.9628515839576721 55
1738707121934 0.9622265696525574 56
1738707121936 0.9619922041893005 57
1738707121938 0.962890625 58
1738707121939 0.9645702838897705 59
1738707121941 0.9613281488418579 60
1738707121942 0.9639843702316284 61
1738707121943 0.9640234112739563 62
1738707121944 0.9661718606948853 63
1738707121945 0.9657421708106995 64
