1738434289016 18.90408706665039 0
1738434289018 13.878641128540039 1
1738434289019 14.356230735778809 2
1738434289021 13.906625747680664 3
1738434289022 13.067485809326172 4
1738434289023 13.336050033569336 5
1738434289025 13.504385948181152 6
1738434289027 13.434579849243164 7
1738434289029 13.209807395935059 8
1738434289031 13.08324909210205 9
1738434289033 13.333532333374023 10
1738434289034 14.13134479522705 11
1738434289036 12.913039207458496 12
1738434289038 12.776518821716309 13
1738434289040 13.153425216674805 14
1738434289042 13.375507354736328 15
1738434289044 13.10748291015625 16
1738434289046 12.886479377746582 17
1738434289048 13.342446327209473 18
1738434289050 13.77267074584961 19
1738434289051 13.193378448486328 20
1738434289052 13.233084678649902 21
1738434289053 12.964957237243652 22
1738434289054 13.301606178283691 23
1738434289056 13.531349182128906 24
1738434289057 13.031266212463379 25
1738434289058 13.259468078613281 26
1738434289059 13.187716484069824 27
1738434289060 13.568894386291504 28
1738434289062 13.020295143127441 29
1738434289063 13.170763969421387 30
1738434289064 13.472768783569336 31
1738434289065 13.392436981201172 32
1738434289066 12.977420806884766 33
1738434289067 13.054011344909668 34
1738434289068 13.969532012939453 35
1738434289070 13.231724739074707 36
1738434289071 12.605512619018555 37
1738434289072 13.105203628540039 38
1738434289073 13.659943580627441 39
1738434289074 13.43709945678711 40
1738434289076 13.131608963012695 41
1738434289077 13.051862716674805 42
1738434289078 13.177839279174805 43
1738434289079 13.129369735717773 44
1738434289080 13.934793472290039 45
1738434289081 13.527806282043457 46
1738434289082 12.618812561035156 47
1738434289084 12.81045913696289 48
1738434289085 13.578875541687012 49
1738434289086 13.474727630615234 50
1738434289087 13.2405366897583 51
1738434289088 12.876931190490723 52
1738434289090 13.315119743347168 53
1738434289091 13.272072792053223 54
1738434289092 12.838883399963379 55
1738434289094 13.751797676086426 56
1738434289095 13.694049835205078 57
1738434289096 12.788158416748047 58
1738434289098 12.809683799743652 59
1738434289099 12.889823913574219 60
1738434289100 13.173133850097656 61
1738434289101 13.622915267944336 62
1738434289103 14.609383583068848 63
1738434289104 13.561903953552246 64
1738434289105 12.7625150680542 65
1738434289106 12.941797256469727 66
1738434289107 13.342371940612793 67
1738434289108 14.084630012512207 68
1738434289109 14.129230499267578 69
1738434289110 12.472149848937988 70
1738434289112 12.31100082397461 71
1738434289113 12.517460823059082 72
1738434289114 12.81799602508545 73
1738434289115 13.606921195983887 74
1738434289116 16.197715759277344 75
1738434289117 13.084214210510254 76
1738434289118 12.168312072753906 77
1738434289119 12.028039932250977 78
1738434289120 12.063545227050781 79
1738434289121 12.411849021911621 80
1738434289122 12.857695579528809 81
1738434289124 13.088057518005371 82
1738434289125 13.59981918334961 83
1738434289126 14.264490127563477 84
1738434289127 12.9379301071167 85
1738434289128 12.66560173034668 86
1738434289129 13.604336738586426 87
1738434289130 13.949991226196289 88
1738434289131 12.830253601074219 89
1738434289133 12.615202903747559 90
1738434289134 12.538392066955566 91
1738434289135 13.5736665725708 92
1738434289136 13.976086616516113 93
1738434289137 12.946361541748047 94
1738434289138 12.78329086303711 95
1738434289139 12.902636528015137 96
1738434289141 13.220746040344238 97
1738434289142 16.327733993530273 98
1738434289143 14.083220481872559 99
1738434289144 12.255610466003418 100
1738434289145 12.339098930358887 101
1738434289146 12.219013214111328 102
1738434289147 12.381536483764648 103
1738434289148 12.799839973449707 104
1738434289149 13.14434814453125 105
1738434289150 13.24334716796875 106
1738434289152 14.639394760131836 107
1738434289153 12.836832046508789 108
1738434289154 12.688275337219238 109
1738434289155 13.084362030029297 110
1738434289156 13.674670219421387 111
1738434289157 13.396344184875488 112
1738434289158 13.157459259033203 113
1738434289159 13.511584281921387 114
1738434289160 14.48635482788086 115
1738434289162 12.709185600280762 116
1738434289163 12.694077491760254 117
1738434289164 12.944210052490234 118
1738434289165 13.667444229125977 119
