1738434289016 0.17867188155651093 0
1738434289018 0.166015625 1
1738434289019 0.16886718571186066 2
1738434289021 0.16914062201976776 3
1738434289022 0.16914062201976776 4
1738434289023 0.1657421886920929 5
1738434289025 0.1693750023841858 6
1738434289027 0.16832031309604645 7
1738434289029 0.1671484410762787 8
1738434289031 0.16562500596046448 9
1738434289033 0.16636718809604645 10
1738434289034 0.17093749344348907 11
1738434289036 0.16789062321186066 12
1738434289038 0.16535156965255737 13
1738434289040 0.16570311784744263 14
1738434289042 0.16570311784744263 15
1738434289044 0.16535156965255737 16
1738434289046 0.16398437321186066 17
1738434289048 0.16003906726837158 18
1738434289050 0.16582031548023224 19
1738434289051 0.1681250035762787 20
1738434289052 0.16828125715255737 21
1738434289053 0.17078125476837158 22
1738434289054 0.16968749463558197 23
1738434289056 0.1703515648841858 24
1738434289057 0.16734375059604645 25
1738434289058 0.16414062678813934 26
1738434289059 0.16832031309604645 27
1738434289060 0.16621093451976776 28
1738434289062 0.17050781846046448 29
1738434289063 0.16453124582767487 30
1738434289064 0.1685156226158142 31
1738434289065 0.1687890589237213 32
1738434289066 0.16515624523162842 33
1738434289067 0.16859374940395355 34
1738434289068 0.17050781846046448 35
1738434289070 0.1647656261920929 36
1738434289071 0.16636718809604645 37
1738434289072 0.16535156965255737 38
1738434289073 0.1721484363079071 39
1738434289074 0.1717187464237213 40
1738434289076 0.16750000417232513 41
1738434289077 0.16957031190395355 42
1738434289078 0.16535156965255737 43
1738434289079 0.16109375655651093 44
1738434289080 0.16570311784744263 45
1738434289081 0.1703515648841858 46
1738434289082 0.16355468332767487 47
1738434289084 0.1704687476158142 48
1738434289085 0.17023438215255737 49
1738434289086 0.16789062321186066 50
1738434289087 0.16800780594348907 51
1738434289088 0.16374999284744263 52
1738434289090 0.16863280534744263 53
1738434289091 0.17011718451976776 54
1738434289092 0.1609765589237213 55
1738434289094 0.16578124463558197 56
1738434289095 0.16441406309604645 57
1738434289096 0.16667968034744263 58
1738434289098 0.16554687917232513 59
1738434289099 0.16757813096046448 60
1738434289100 0.16300781071186066 61
1738434289101 0.16457031667232513 62
1738434289103 0.16589844226837158 63
1738434289104 0.16609375178813934 64
1738434289105 0.16796875 65
1738434289106 0.16820313036441803 66
1738434289107 0.16988281905651093 67
1738434289108 0.16589844226837158 68
1738434289109 0.16660156846046448 69
1738434289110 0.16796875 70
1738434289112 0.16371093690395355 71
1738434289113 0.16863280534744263 72
1738434289114 0.1674218773841858 73
1738434289115 0.1635156273841858 74
1738434289116 0.1683984398841858 75
1738434289117 0.16871093213558197 76
1738434289118 0.1646093726158142 77
1738434289119 0.16687500476837158 78
1738434289120 0.16816405951976776 79
1738434289121 0.1686718761920929 80
1738434289122 0.16523437201976776 81
1738434289124 0.16570311784744263 82
1738434289125 0.1657421886920929 83
1738434289126 0.16695313155651093 84
1738434289127 0.16386719048023224 85
1738434289128 0.16738280653953552 86
1738434289129 0.1633593738079071 87
1738434289130 0.16875000298023224 88
1738434289131 0.16843749582767487 89
1738434289133 0.16507811844348907 90
1738434289134 0.16457031667232513 91
1738434289135 0.1654687523841858 92
1738434289136 0.1648828089237213 93
1738434289137 0.16984374821186066 94
1738434289138 0.1667187511920929 95
1738434289139 0.16765624284744263 96
1738434289141 0.16613280773162842 97
1738434289142 0.1655859351158142 98
1738434289143 0.16539062559604645 99
1738434289144 0.16300781071186066 100
1738434289145 0.16523437201976776 101
1738434289146 0.17152343690395355 102
1738434289147 0.1651953160762787 103
1738434289148 0.16246093809604645 104
1738434289149 0.17175781726837158 105
1738434289150 0.16566406190395355 106
1738434289152 0.16429688036441803 107
1738434289153 0.16304688155651093 108
1738434289154 0.16898436844348907 109
1738434289155 0.16613280773162842 110
1738434289156 0.16484375298023224 111
1738434289157 0.16289062798023224 112
1738434289158 0.16609375178813934 113
1738434289159 0.16343750059604645 114
1738434289160 0.17082031071186066 115
1738434289162 0.1672656238079071 116
1738434289163 0.17125000059604645 117
1738434289164 0.16648437082767487 118
1738434289165 0.16523437201976776 119
