1738423630052 2.181502342224121 0
1738423630055 1.6843022108078003 1
1738423630056 1.430067777633667 2
1738423630058 1.332425594329834 3
1738423630060 1.312981128692627 4
1738423630062 1.3004101514816284 5
1738423630065 1.2994650602340698 6
1738423630069 1.309641718864441 7
1738423630071 1.3252450227737427 8
1738423630074 1.3684457540512085 9
1738423630077 1.3572931289672852 10
1738423630080 1.3664010763168335 11
1738423630082 1.3945637941360474 12
1738423630085 1.424675703048706 13
1738423630088 1.4127452373504639 14
