1738423630052 0.3497656285762787 0
1738423630055 0.5136328339576721 1
1738423630056 0.6183984279632568 2
1738423630058 0.6838672161102295 3
1738423630060 0.7183984518051147 4
1738423630062 0.7470312714576721 5
1738423630065 0.7622656226158142 6
1738423630069 0.7697656154632568 7
1738423630071 0.7758984565734863 8
1738423630074 0.7774999737739563 9
1738423630077 0.7803906202316284 10
1738423630080 0.7865234613418579 11
1738423630082 0.782031238079071 12
1738423630085 0.7830469012260437 13
1738423630088 0.7875390648841858 14
