1738335568160 5.309564113616943 0
1738335568162 4.248850345611572 1
1738335568163 3.5687978267669678 2
1738335568164 3.000358819961548 3
1738335568166 2.514350652694702 4
1738335568168 2.080458164215088 5
1738335568170 1.7890125513076782 6
1738335568171 1.5852196216583252 7
1738335568173 1.4572569131851196 8
1738335568176 1.3882893323898315 9
1738335568178 1.3403583765029907 10
1738335568181 1.3002004623413086 11
1738335568183 1.2702054977416992 12
1738335568184 1.3112328052520752 13
1738335568185 1.2761812210083008 14
1738335568187 1.2450497150421143 15
1738335568188 1.2125858068466187 16
1738335568189 1.2946301698684692 17
1738335568191 1.1727977991104126 18
1738335568192 1.1791045665740967 19
1738335568193 1.2148572206497192 20
1738335568195 1.2111531496047974 21
1738335568196 1.1673966646194458 22
1738335568197 1.1245266199111938 23
1738335568199 1.1550766229629517 24
1738335568200 1.1541097164154053 25
1738335568201 1.0960872173309326 26
1738335568203 1.1287944316864014 27
1738335568204 1.0817763805389404 28
1738335568205 1.1355854272842407 29
1738335568207 1.064276933670044 30
1738335568208 1.101426124572754 31
1738335568211 1.0639477968215942 32
1738335568213 1.023320198059082 33
1738335568215 1.0555182695388794 34
1738335568217 1.0923327207565308 35
1738335568218 1.0312097072601318 36
1738335568220 1.0463017225265503 37
1738335568221 0.9788508415222168 38
1738335568222 0.9823393225669861 39
1738335568224 0.9863221049308777 40
1738335568225 0.9555588364601135 41
1738335568226 0.9493167996406555 42
1738335568227 0.9298003315925598 43
1738335568229 0.9362977743148804 44
1738335568230 0.9204453825950623 45
1738335568231 0.915198564529419 46
1738335568232 0.9241158962249756 47
1738335568234 0.8865855932235718 48
1738335568235 0.8933898210525513 49
1738335568236 0.8813264966011047 50
1738335568237 0.8772541880607605 51
1738335568239 0.8773078918457031 52
1738335568240 0.8884830474853516 53
1738335568241 0.8510560393333435 54
1738335568243 0.8812000751495361 55
1738335568244 0.8335985541343689 56
1738335568246 0.8444902896881104 57
1738335568249 0.8424649834632874 58
1738335568251 0.8360220193862915 59
1738335568253 0.820788562297821 60
1738335568254 0.830716609954834 61
1738335568256 0.8158405423164368 62
1738335568257 0.8452432155609131 63
1738335568258 0.82662034034729 64
1738335568259 0.8284827470779419 65
1738335568261 0.8067584037780762 66
1738335568262 0.818911612033844 67
1738335568263 0.8198093175888062 68
1738335568264 0.8141633868217468 69
1738335568266 0.8026095628738403 70
1738335568267 0.7869769334793091 71
1738335568268 0.8130564093589783 72
1738335568270 0.8059471845626831 73
1738335568271 0.7897191047668457 74
1738335568272 0.81053626537323 75
1738335568273 0.7817079424858093 76
1738335568275 0.790759801864624 77
1738335568276 0.7961217761039734 78
1738335568277 0.7855859398841858 79
1738335568278 0.7856225371360779 80
1738335568280 0.7746280431747437 81
