1738335568160 0.39820313453674316 0
1738335568162 0.6246484518051147 1
1738335568163 0.7246875166893005 2
1738335568164 0.7719531059265137 3
1738335568166 0.7900000214576721 4
1738335568168 0.810546875 5
1738335568170 0.8119531273841858 6
1738335568171 0.8198437690734863 7
1738335568173 0.8207031488418579 8
1738335568176 0.8231250047683716 9
1738335568178 0.8227734565734863 10
1738335568181 0.8310156464576721 11
1738335568183 0.8327343463897705 12
1738335568184 0.8335546851158142 13
1738335568185 0.8360156416893005 14
1738335568187 0.8376562595367432 15
1738335568188 0.8382031321525574 16
1738335568189 0.8349999785423279 17
1738335568191 0.8421875238418579 18
1738335568192 0.8446093797683716 19
1738335568193 0.8414453268051147 20
1738335568195 0.8430078029632568 21
1738335568196 0.8448047041893005 22
1738335568197 0.8495312333106995 23
1738335568199 0.8467968702316284 24
1738335568200 0.8480077981948853 25
1738335568201 0.8518750071525574 26
1738335568203 0.8487109541893005 27
1738335568204 0.853710949420929 28
1738335568205 0.850781261920929 29
1738335568207 0.8516796827316284 30
1738335568208 0.8500781059265137 31
1738335568211 0.8557031154632568 32
1738335568213 0.8567578196525574 33
1738335568215 0.852734386920929 34
1738335568217 0.8517187237739563 35
1738335568218 0.8525781035423279 36
1738335568220 0.853515625 37
1738335568221 0.8562890887260437 38
1738335568222 0.855273425579071 39
1738335568224 0.8564062714576721 40
1738335568225 0.859375 41
1738335568226 0.861523449420929 42
1738335568227 0.8586328029632568 43
1738335568229 0.8575780987739563 44
1738335568230 0.8574609160423279 45
1738335568231 0.8585156202316284 46
1738335568232 0.8551952838897705 47
1738335568234 0.8609765768051147 48
1738335568235 0.8575000166893005 49
1738335568236 0.8625781536102295 50
1738335568237 0.8589843511581421 51
1738335568239 0.8598437309265137 52
1738335568240 0.8565234541893005 53
1738335568241 0.8647265434265137 54
1738335568243 0.8608202934265137 55
1738335568244 0.8682422041893005 56
1738335568246 0.8608593940734863 57
1738335568249 0.8628125190734863 58
1738335568251 0.8592968583106995 59
1738335568253 0.8653515577316284 60
1738335568254 0.8625781536102295 61
1738335568256 0.8629687428474426 62
1738335568257 0.8598828315734863 63
1738335568258 0.8618749976158142 64
1738335568259 0.859375 65
1738335568261 0.8648828268051147 66
1738335568262 0.8604687452316284 67
1738335568263 0.8628125190734863 68
1738335568264 0.8637890815734863 69
1738335568266 0.8632422089576721 70
1738335568267 0.8647656440734863 71
1738335568268 0.8642968535423279 72
1738335568270 0.8630468845367432 73
1738335568271 0.8661718964576721 74
1738335568272 0.8613671660423279 75
1738335568273 0.8642578125 76
1738335568275 0.8652734160423279 77
1738335568276 0.8606250286102295 78
1738335568277 0.8629297018051147 79
1738335568278 0.8655468821525574 80
1738335568280 0.8642187714576721 81
