1738430743465 0.46656250953674316 0
1738430743467 0.5689062476158142 1
1738430743469 0.6076953411102295 2
1738430743470 0.6153125166893005 3
1738430743472 0.6337890625 4
1738430743474 0.6461328268051147 5
1738430743476 0.6611328125 6
1738430743478 0.6687890887260437 7
1738430743480 0.6766015887260437 8
1738430743482 0.6852734088897705 9
1738430743484 0.6890624761581421 10
1738430743486 0.6953125 11
1738430743489 0.6916797161102295 12
1738430743491 0.7025781273841858 13
1738430743493 0.7021484375 14
1738430743495 0.7059375047683716 15
1738430743497 0.712890625 16
1738430743499 0.7135937213897705 17
1738430743501 0.7192187309265137 18
1738430743503 0.7241796851158142 19
1738430743505 0.7184765338897705 20
1738430743507 0.7169530987739563 21
1738430743509 0.7186718583106995 22
1738430743511 0.7174218893051147 23
1738430743513 0.7178124785423279 24
1738430743514 0.7256640791893005 25
1738430743516 0.7283594012260437 26
1738430743518 0.7271875143051147 27
1738430743520 0.7299218773841858 28
1738430743522 0.7248437404632568 29
1738430743524 0.7281640768051147 30
1738430743526 0.7287890911102295 31
1738430743528 0.7333202958106995 32
1738430743529 0.7303906083106995 33
1738430743531 0.7291406393051147 34
1738430743532 0.7285937666893005 35
1738430743534 0.7319531440734863 36
1738430743536 0.7313281297683716 37
1738430743538 0.7313671708106995 38
1738430743540 0.7336719036102295 39
1738430743542 0.7366796731948853 40
1738430743544 0.7332422137260437 41
1738430743546 0.7344140410423279 42
1738430743548 0.7358984351158142 43
1738430743549 0.7353906035423279 44
1738430743551 0.7348437309265137 45
1738430743553 0.7353125214576721 46
1738430743555 0.7339453101158142 47
1738430743557 0.7387499809265137 48
1738430743559 0.7360156178474426 49
1738430743561 0.7354297041893005 50
1738430743562 0.7403125166893005 51
1738430743564 0.7385937571525574 52
1738430743565 0.7344531416893005 53
1738430743567 0.7378515601158142 54
1738430743569 0.7417968511581421 55
1738430743571 0.7372656464576721 56
1738430743573 0.7432031035423279 57
1738430743575 0.7455468773841858 58
1738430743577 0.7399609088897705 59
1738430743579 0.7425000071525574 60
1738430743580 0.7410547137260437 61
1738430743582 0.7387890815734863 62
1738430743584 0.7426562309265137 63
1738430743586 0.7450390458106995 64
1738430743588 0.7421093583106995 65
1738430743590 0.7474609613418579 66
1738430743592 0.744335949420929 67
1738430743593 0.7430078387260437 68
1738430743595 0.7419140338897705 69
1738430743597 0.745312511920929 70
1738430743599 0.7378125190734863 71
1738430743601 0.7451953291893005 72
1738430743602 0.7460547089576721 73
1738430743603 0.7469921708106995 74
1738430743604 0.7469921708106995 75
1738430743606 0.7473828196525574 76
1738430743607 0.7445703148841858 77
1738430743608 0.7467578053474426 78
1738430743609 0.7441796660423279 79
1738430743610 0.7464843988418579 80
1738430743611 0.7445312738418579 81
1738430743612 0.7479296922683716 82
1738430743613 0.7464062571525574 83
1738430743614 0.7497265338897705 84
1738430743615 0.7506640553474426 85
1738430743617 0.7473046779632568 86
1738430743618 0.7549999952316284 87
1738430743619 0.7451171875 88
1738430743620 0.7495703101158142 89
1738430743621 0.7461327910423279 90
1738430743623 0.7527734637260437 91
1738430743624 0.7481640577316284 92
1738430743625 0.7494921684265137 93
1738430743626 0.7469140887260437 94
1738430743627 0.7410547137260437 95
1738430743628 0.7466015815734863 96
1738430743630 0.7537500262260437 97
1738430743631 0.7455859184265137 98
1738430743632 0.7513672113418579 99
1738430743633 0.7485156059265137 100
1738430743634 0.750781238079071 101
1738430743635 0.7508203387260437 102
1738430743637 0.7508593797683716 103
1738430743638 0.7530468702316284 104
1738430743639 0.7494140863418579 105
1738430743640 0.748828113079071 106
1738430743641 0.7462109327316284 107
1738430743642 0.7464843988418579 108
1738430743644 0.749804675579071 109
1738430743645 0.7568359375 110
1738430743646 0.7569531202316284 111
1738430743647 0.752148449420929 112
1738430743648 0.7510156035423279 113
1738430743649 0.7476953268051147 114
1738430743651 0.7487109303474426 115
1738430743652 0.7497265338897705 116
1738430743653 0.7502343654632568 117
1738430743654 0.7503515481948853 118
1738430743655 0.7508593797683716 119
