1738430743465 1.5085465908050537 0
1738430743467 1.2639398574829102 1
1738430743469 1.1852858066558838 2
1738430743470 1.1597998142242432 3
1738430743472 1.1263878345489502 4
1738430743474 1.1128170490264893 5
1738430743476 1.0851529836654663 6
1738430743478 1.0600440502166748 7
1738430743480 1.0502454042434692 8
1738430743482 1.0359174013137817 9
1738430743484 1.023791790008545 10
1738430743486 1.0119407176971436 11
1738430743489 1.0257956981658936 12
1738430743491 0.9982869625091553 13
1738430743493 0.9978681206703186 14
1738430743495 0.9952560663223267 15
1738430743497 0.9880912899971008 16
1738430743499 0.9770028591156006 17
1738430743501 0.9698923230171204 18
1738430743503 0.9569393396377563 19
1738430743505 0.9673887491226196 20
1738430743507 0.9710920453071594 21
1738430743509 0.9728595614433289 22
1738430743511 0.9705747365951538 23
1738430743513 0.9634979963302612 24
1738430743514 0.9584506154060364 25
1738430743516 0.9463904500007629 26
1738430743518 0.9455206394195557 27
1738430743520 0.9468390941619873 28
1738430743522 0.9542389512062073 29
1738430743524 0.948147714138031 30
1738430743526 0.9535239934921265 31
1738430743528 0.9383020997047424 32
1738430743529 0.9320760369300842 33
1738430743531 0.9479857683181763 34
1738430743532 0.9445814490318298 35
1738430743534 0.9462018013000488 36
1738430743536 0.9440515637397766 37
1738430743538 0.938690721988678 38
1738430743540 0.937741756439209 39
1738430743542 0.9279071688652039 40
1738430743544 0.9377070069313049 41
1738430743546 0.9317049384117126 42
1738430743548 0.9275449514389038 43
1738430743549 0.9388792514801025 44
1738430743551 0.9360959529876709 45
1738430743553 0.936366856098175 46
1738430743555 0.9393327236175537 47
1738430743557 0.9204265475273132 48
1738430743559 0.9369898438453674 49
1738430743561 0.9299120306968689 50
1738430743562 0.9241175651550293 51
1738430743564 0.9275338649749756 52
1738430743565 0.9339432716369629 53
1738430743567 0.9289373755455017 54
1738430743569 0.9189469814300537 55
1738430743571 0.9307714700698853 56
1738430743573 0.9193584322929382 57
1738430743575 0.920989990234375 58
1738430743577 0.921511709690094 59
1738430743579 0.9181848168373108 60
1738430743580 0.9191362857818604 61
1738430743582 0.9305927753448486 62
1738430743584 0.9204245805740356 63
1738430743586 0.9072778224945068 64
1738430743588 0.9114915728569031 65
1738430743590 0.9116458892822266 66
1738430743592 0.9141783118247986 67
1738430743593 0.9172214269638062 68
1738430743595 0.9229046106338501 69
1738430743597 0.9158486723899841 70
1738430743599 0.9222753047943115 71
1738430743601 0.9076614379882812 72
1738430743602 0.916687548160553 73
1738430743603 0.9085617065429688 74
1738430743604 0.912418007850647 75
1738430743606 0.9096038341522217 76
1738430743607 0.9086126685142517 77
1738430743608 0.9110003709793091 78
1738430743609 0.911946177482605 79
1738430743610 0.91240394115448 80
1738430743611 0.9114741683006287 81
1738430743612 0.9112064838409424 82
1738430743613 0.9138242602348328 83
1738430743614 0.906627357006073 84
1738430743615 0.893034040927887 85
1738430743617 0.9086136817932129 86
1738430743618 0.8978672027587891 87
1738430743619 0.9129632711410522 88
1738430743620 0.9068469405174255 89
1738430743621 0.9132483601570129 90
1738430743623 0.9013403058052063 91
1738430743624 0.9054494500160217 92
1738430743625 0.9031120538711548 93
1738430743626 0.91507887840271 94
1738430743627 0.9215209484100342 95
1738430743628 0.9195584654808044 96
1738430743630 0.898270845413208 97
1738430743631 0.9219703674316406 98
1738430743632 0.8983677625656128 99
1738430743633 0.9049434065818787 100
1738430743634 0.9028424024581909 101
1738430743635 0.9049875736236572 102
1738430743637 0.8990252017974854 103
1738430743638 0.9042297601699829 104
1738430743639 0.9127830266952515 105
1738430743640 0.9090228080749512 106
1738430743641 0.9208846092224121 107
1738430743642 0.9153705835342407 108
1738430743644 0.9053956866264343 109
1738430743645 0.8935537934303284 110
1738430743646 0.8881165385246277 111
1738430743647 0.9025781750679016 112
1738430743648 0.9055073261260986 113
1738430743649 0.9129744172096252 114
1738430743651 0.9063606858253479 115
1738430743652 0.9038274884223938 116
1738430743653 0.9078783988952637 117
1738430743654 0.9123842716217041 118
1738430743655 0.9052194356918335 119
