1738443294150 0.4739453196525574 0
1738443294153 0.5760546922683716 1
1738443294154 0.6058984398841858 2
1738443294157 0.6340234279632568 3
1738443294159 0.658007800579071 4
1738443294161 0.6610156297683716 5
1738443294163 0.673828125 6
1738443294164 0.6793749928474426 7
1738443294166 0.6907421946525574 8
1738443294168 0.6947265863418579 9
1738443294170 0.6976953148841858 10
1738443294171 0.7004296779632568 11
1738443294172 0.70703125 12
1738443294173 0.7028124928474426 13
1738443294174 0.7142578363418579 14
1738443294175 0.7205469012260437 15
1738443294176 0.7187890410423279 16
1738443294177 0.7235156297683716 17
1738443294179 0.7240234613418579 18
1738443294180 0.7260156273841858 19
1738443294181 0.7283984422683716 20
1738443294183 0.7301952838897705 21
1738443294184 0.7352343797683716 22
1738443294185 0.735546886920929 23
1738443294186 0.7381250262260437 24
1738443294187 0.7373828291893005 25
1738443294188 0.7376562356948853 26
1738443294189 0.7447656393051147 27
1738443294190 0.7417968511581421 28
1738443294191 0.741992175579071 29
1738443294192 0.7431640625 30
1738443294194 0.7437890768051147 31
1738443294195 0.7503515481948853 32
1738443294196 0.7467578053474426 33
1738443294197 0.7522265911102295 34
1738443294198 0.744140625 35
1738443294199 0.7476953268051147 36
1738443294200 0.7508203387260437 37
1738443294201 0.7522265911102295 38
1738443294203 0.7557812333106995 39
1738443294204 0.7545703053474426 40
1738443294205 0.7550390362739563 41
1738443294206 0.7551171779632568 42
1738443294207 0.7538672089576721 43
1738443294208 0.7592187523841858 44
1738443294209 0.7569531202316284 45
1738443294211 0.7584765553474426 46
1738443294212 0.7616406083106995 47
1738443294213 0.758593738079071 48
1738443294214 0.7612890601158142 49
1738443294215 0.7616797089576721 50
1738443294216 0.7581250071525574 51
1738443294217 0.7562890648841858 52
1738443294218 0.7602343559265137 53
1738443294219 0.763671875 54
1738443294220 0.7619922161102295 55
1738443294221 0.7655468583106995 56
1738443294223 0.7578906416893005 57
1738443294224 0.7641406059265137 58
1738443294225 0.7663280963897705 59
1738443294226 0.7633984088897705 60
1738443294227 0.7669922113418579 61
1738443294228 0.7658593654632568 62
1738443294229 0.7670702934265137 63
1738443294231 0.7608593702316284 64
1738443294232 0.7714062333106995 65
1738443294233 0.7642968893051147 66
1738443294234 0.7643749713897705 67
1738443294235 0.7684765458106995 68
1738443294236 0.7711328268051147 69
1738443294237 0.7708984613418579 70
1738443294238 0.767382800579071 71
1738443294240 0.7692968845367432 72
1738443294241 0.7688671946525574 73
1738443294242 0.7682031393051147 74
1738443294243 0.7737109661102295 75
1738443294244 0.7689062356948853 76
1738443294245 0.7719922065734863 77
1738443294246 0.7716405987739563 78
1738443294247 0.7772265672683716 79
1738443294248 0.7681640386581421 80
1738443294249 0.7738671898841858 81
1738443294250 0.7667577862739563 82
1738443294252 0.7768359184265137 83
1738443294253 0.7757421731948853 84
1738443294254 0.7749609351158142 85
1738443294255 0.773632824420929 86
1738443294256 0.7721093893051147 87
1738443294257 0.7771093845367432 88
1738443294258 0.7796484231948853 89
1738443294259 0.7725390791893005 90
1738443294260 0.7759374976158142 91
1738443294261 0.7801562547683716 92
1738443294263 0.7789843678474426 93
1738443294264 0.7783593535423279 94
1738443294265 0.7744922041893005 95
1738443294266 0.7783203125 96
1738443294267 0.7762890458106995 97
1738443294268 0.7792578339576721 98
1738443294269 0.7776562571525574 99
1738443294270 0.7737890481948853 100
1738443294271 0.778515636920929 101
1738443294273 0.775195300579071 102
1738443294274 0.7795703411102295 103
1738443294275 0.777539074420929 104
1738443294276 0.7776172161102295 105
1738443294277 0.7776172161102295 106
1738443294278 0.7783593535423279 107
1738443294279 0.7764843702316284 108
1738443294280 0.7747656106948853 109
1738443294281 0.7773047089576721 110
1738443294282 0.7814843654632568 111
1738443294284 0.7790625095367432 112
1738443294285 0.7809765338897705 113
1738443294286 0.7801172137260437 114
1738443294287 0.7806249856948853 115
1738443294288 0.7808984518051147 116
1738443294289 0.7833203077316284 117
1738443294290 0.7833593487739563 118
1738443294291 0.7817968726158142 119
