1738443294150 1.343468427658081 0
1738443294153 1.115719199180603 1
1738443294154 1.0463942289352417 2
1738443294157 0.9840153455734253 3
1738443294159 0.9453979730606079 4
1738443294161 0.9326573014259338 5
1738443294163 0.9087125658988953 6
1738443294164 0.8852245211601257 7
1738443294166 0.8705906867980957 8
1738443294168 0.8470481038093567 9
1738443294170 0.8455028533935547 10
1738443294171 0.8418938517570496 11
1738443294172 0.8198554515838623 12
1738443294173 0.8308972716331482 13
1738443294174 0.8101787567138672 14
1738443294175 0.7890473008155823 15
1738443294176 0.7996920943260193 16
1738443294177 0.7853058576583862 17
1738443294179 0.7874939441680908 18
1738443294180 0.7814082503318787 19
1738443294181 0.7774385213851929 20
1738443294183 0.7637174129486084 21
1738443294184 0.7618876695632935 22
1738443294185 0.752927303314209 23
1738443294186 0.7517967820167542 24
1738443294187 0.7522765398025513 25
1738443294188 0.75300133228302 26
1738443294189 0.747911810874939 27
1738443294190 0.7462700605392456 28
1738443294191 0.7400959134101868 29
1738443294192 0.7369205355644226 30
1738443294194 0.7428392171859741 31
1738443294195 0.7271341681480408 32
1738443294196 0.7367732524871826 33
1738443294197 0.7258708477020264 34
1738443294198 0.7405452728271484 35
1738443294199 0.7257930636405945 36
1738443294200 0.7290627956390381 37
1738443294201 0.7135910987854004 38
1738443294203 0.7098798155784607 39
1738443294204 0.7156436443328857 40
1738443294205 0.7109881639480591 41
1738443294206 0.7214903235435486 42
1738443294207 0.7178575396537781 43
1738443294208 0.699888288974762 44
1738443294209 0.7096407413482666 45
1738443294211 0.7009020447731018 46
1738443294212 0.688819408416748 47
1738443294213 0.7051939368247986 48
1738443294214 0.6997184157371521 49
1738443294215 0.6954335570335388 50
1738443294216 0.7007952928543091 51
1738443294217 0.7019731998443604 52
1738443294218 0.703275203704834 53
1738443294219 0.6883098483085632 54
1738443294220 0.6940330266952515 55
1738443294221 0.6900283694267273 56
1738443294223 0.7002884149551392 57
1738443294224 0.6959542036056519 58
1738443294225 0.6825368404388428 59
1738443294226 0.6818898916244507 60
1738443294227 0.6825428605079651 61
1738443294228 0.688194990158081 62
1738443294229 0.6817740797996521 63
1738443294231 0.6948018074035645 64
1738443294232 0.6730174422264099 65
1738443294233 0.6802394390106201 66
1738443294234 0.6894637942314148 67
1738443294235 0.6758105754852295 68
1738443294236 0.6729870438575745 69
1738443294237 0.6774340867996216 70
1738443294238 0.6728253364562988 71
1738443294240 0.676423192024231 72
1738443294241 0.6728660464286804 73
1738443294242 0.6731978058815002 74
1738443294243 0.6718119978904724 75
1738443294244 0.6847978830337524 76
1738443294245 0.6608002185821533 77
1738443294246 0.6707189083099365 78
1738443294247 0.6566720008850098 79
1738443294248 0.6699325442314148 80
1738443294249 0.6710779070854187 81
1738443294250 0.6776584386825562 82
1738443294252 0.6554412841796875 83
1738443294253 0.6623649597167969 84
1738443294254 0.6635252237319946 85
1738443294255 0.6599777340888977 86
1738443294256 0.6747968196868896 87
1738443294257 0.6550847887992859 88
1738443294258 0.6484308838844299 89
1738443294259 0.6708812117576599 90
1738443294260 0.6540985703468323 91
1738443294261 0.6528835892677307 92
1738443294263 0.6512416005134583 93
1738443294264 0.6484727263450623 94
1738443294265 0.6575648784637451 95
1738443294266 0.6633590459823608 96
1738443294267 0.6579881906509399 97
1738443294268 0.658622682094574 98
1738443294269 0.6513751745223999 99
1738443294270 0.6642996072769165 100
1738443294271 0.6513236165046692 101
1738443294273 0.6614990830421448 102
1738443294274 0.6534721851348877 103
1738443294275 0.6613298058509827 104
1738443294276 0.652320146560669 105
1738443294277 0.6514056324958801 106
1738443294278 0.6527808904647827 107
1738443294279 0.6544793844223022 108
1738443294280 0.6502782702445984 109
1738443294281 0.6504452228546143 110
1738443294282 0.6422486305236816 111
1738443294284 0.6509643793106079 112
1738443294285 0.6520257592201233 113
1738443294286 0.6503838896751404 114
1738443294287 0.6509626507759094 115
1738443294288 0.6482152342796326 116
1738443294289 0.6431522965431213 117
1738443294290 0.6433762907981873 118
1738443294291 0.6470803618431091 119
