1738809886495 1.4380780458450317 0
1738809886496 0.9313910007476807 1
1738809886498 0.6747703552246094 2
1738809886499 0.5209327936172485 3
1738809886501 0.4344135522842407 4
1738809886504 0.3839914798736572 5
1738809886506 0.35026633739471436 6
1738809886508 0.3092211186885834 7
1738809886509 0.29061171412467957 8
1738809886511 0.26150330901145935 9
1738809886512 0.23675726354122162 10
1738809886513 0.24525681138038635 11
1738809886515 0.2230583131313324 12
1738809886517 0.23220226168632507 13
1738809886518 0.2142222374677658 14
1738809886519 0.19514191150665283 15
1738809886521 0.18003949522972107 16
1738809886522 0.1908024549484253 17
1738809886523 0.18521565198898315 18
1738809886524 0.1853237748146057 19
1738809886525 0.16882488131523132 20
1738809886526 0.1678503006696701 21
1738809886527 0.1636379212141037 22
1738809886528 0.15801046788692474 23
1738809886530 0.15470494329929352 24
1738809886531 0.1608956754207611 25
1738809886532 0.14239250123500824 26
1738809886533 0.14921654760837555 27
1738809886535 0.1391577273607254 28
1738809886536 0.14120177924633026 29
1738809886537 0.1452932506799698 30
1738809886538 0.13396835327148438 31
1738809886539 0.1370411068201065 32
1738809886540 0.1390111744403839 33
1738809886541 0.1282997876405716 34
1738809886543 0.12188394367694855 35
1738809886544 0.12023673951625824 36
1738809886545 0.11930887401103973 37
1738809886546 0.11935999244451523 38
1738809886547 0.11286639422178268 39
1738809886549 0.12300323694944382 40
1738809886550 0.11181265860795975 41
1738809886551 0.11441061645746231 42
1738809886553 0.11471660435199738 43
1738809886554 0.10569877922534943 44
1738809886555 0.1046411544084549 45
1738809886556 0.10940095037221909 46
1738809886557 0.09478087723255157 47
1738809886558 0.11257058382034302 48
1738809886560 0.0946631208062172 49
1738809886561 0.09444860368967056 50
1738809886562 0.10221704840660095 51
1738809886563 0.0970839411020279 52
1738809886564 0.08757367730140686 53
1738809886565 0.09784505516290665 54
1738809886566 0.09930539131164551 55
1738809886567 0.09307719022035599 56
1738809886569 0.09146276116371155 57
1738809886570 0.08423194289207458 58
1738809886571 0.09087859094142914 59
1738809886572 0.09247606247663498 60
1738809886573 0.09562380611896515 61
1738809886574 0.07882089167833328 62
1738809886575 0.07899460196495056 63
1738809886576 0.08694519102573395 64
1738809886577 0.08794692158699036 65
1738809886578 0.08712925761938095 66
1738809886580 0.07629713416099548 67
1738809886581 0.08437245339155197 68
1738809886582 0.08487500995397568 69
1738809886583 0.0814407542347908 70
1738809886584 0.07629221677780151 71
1738809886585 0.07095355540513992 72
1738809886586 0.07431592047214508 73
1738809886587 0.07591929286718369 74
1738809886588 0.0811179131269455 75
1738809886589 0.07298272103071213 76
1738809886590 0.08108226954936981 77
1738809886592 0.07263986021280289 78
1738809886593 0.07099273800849915 79
1738809886594 0.07224633544683456 80
1738809886595 0.07374271750450134 81
1738809886596 0.06595785915851593 82
1738809886597 0.07092227786779404 83
1738809886598 0.06988202780485153 84
1738809886599 0.06518372893333435 85
1738809886600 0.06337892264127731 86
1738809886602 0.06068231165409088 87
1738809886603 0.07506883889436722 88
1738809886604 0.06959600001573563 89
1738809886605 0.06514115631580353 90
1738809886606 0.06084086373448372 91
1738809886607 0.06509168446063995 92
1738809886608 0.06113884598016739 93
1738809886609 0.06281964480876923 94
1738809886610 0.059086766093969345 95
1738809886611 0.07317498326301575 96
1738809886612 0.06716149300336838 97
1738809886614 0.061513714492321014 98
1738809886615 0.06578847020864487 99
1738809886616 0.06118011847138405 100
1738809886617 0.06436861306428909 101
1738809886618 0.05744257569313049 102
1738809886619 0.06825362890958786 103
1738809886620 0.06850497424602509 104
1738809886621 0.060685839504003525 105
1738809886622 0.05825137719511986 106
1738809886623 0.05945789813995361 107
1738809886625 0.06755083799362183 108
1738809886626 0.05985206738114357 109
1738809886627 0.0539090670645237 110
1738809886628 0.06711223721504211 111
1738809886629 0.05507974326610565 112
1738809886630 0.05991700291633606 113
1738809886631 0.054808977991342545 114
1738809886632 0.05757863074541092 115
1738809886633 0.06064578518271446 116
1738809886634 0.059522878378629684 117
1738809886635 0.05378709360957146 118
1738809886637 0.05895834043622017 119
