1738809886495 0.4512890577316284 0
1738809886496 0.654101550579071 1
1738809886498 0.7680859565734863 2
1738809886499 0.8289453387260437 3
1738809886501 0.8592968583106995 4
1738809886504 0.8798437714576721 5
1738809886506 0.890820324420929 6
1738809886508 0.9024609327316284 7
1738809886509 0.9097265601158142 8
1738809886511 0.9209765791893005 9
1738809886512 0.928515613079071 10
1738809886513 0.9263671636581421 11
1738809886515 0.9317187666893005 12
1738809886517 0.9313671588897705 13
1738809886518 0.9366406202316284 14
1738809886519 0.9418749809265137 15
1738809886521 0.9455468654632568 16
1738809886522 0.9432421922683716 17
1738809886523 0.9437500238418579 18
1738809886524 0.9436328411102295 19
1738809886525 0.947460949420929 20
1738809886526 0.9499609470367432 21
1738809886527 0.9521874785423279 22
1738809886528 0.9518749713897705 23
1738809886530 0.9540625214576721 24
1738809886531 0.9520312547683716 25
1738809886532 0.9580468535423279 26
1738809886533 0.956250011920929 27
1738809886535 0.9599999785423279 28
1738809886536 0.9588281512260437 29
1738809886537 0.9566015601158142 30
1738809886538 0.9609765410423279 31
1738809886539 0.9600781202316284 32
1738809886540 0.9593359231948853 33
1738809886541 0.9620312452316284 34
1738809886543 0.9633984565734863 35
1738809886544 0.9638671875 36
1738809886545 0.9670312404632568 37
1738809886546 0.9649999737739563 38
1738809886547 0.9664843678474426 39
1738809886549 0.9640234112739563 40
1738809886550 0.9680469036102295 41
1738809886551 0.9659374952316284 42
1738809886553 0.9675390720367432 43
1738809886554 0.9701562523841858 44
1738809886555 0.9694530963897705 45
1738809886556 0.9689843654632568 46
1738809886557 0.9727734327316284 47
1738809886558 0.9676952958106995 48
1738809886560 0.9723827838897705 49
1738809886561 0.9723437428474426 50
1738809886562 0.9705469012260437 51
1738809886563 0.9718359112739563 52
1738809886564 0.9756640791893005 53
1738809886565 0.9713281393051147 54
1738809886566 0.9717968702316284 55
1738809886567 0.9741015434265137 56
1738809886569 0.974609375 57
1738809886570 0.9752734303474426 58
1738809886571 0.97265625 59
1738809886572 0.9725781083106995 60
1738809886573 0.9723827838897705 61
1738809886574 0.9770312309265137 62
1738809886575 0.9772655963897705 63
1738809886576 0.975781261920929 64
1738809886577 0.9749609231948853 65
1738809886578 0.9756640791893005 66
1738809886580 0.9786328077316284 67
1738809886581 0.9755077958106995 68
1738809886582 0.9775000214576721 69
1738809886583 0.9776562452316284 70
1738809886584 0.9786328077316284 71
1738809886585 0.9807031154632568 72
1738809886586 0.9789843559265137 73
1738809886587 0.9782031178474426 74
1738809886588 0.9774609208106995 75
1738809886589 0.9794531464576721 76
1738809886590 0.9778515696525574 77
1738809886592 0.980273425579071 78
1738809886593 0.9798828363418579 79
1738809886594 0.9793359637260437 80
1738809886595 0.9787499904632568 81
1738809886596 0.9808593988418579 82
1738809886597 0.9803906083106995 83
1738809886598 0.9803515672683716 84
1738809886599 0.9812109470367432 85
1738809886600 0.9819140434265137 86
1738809886602 0.9827734231948853 87
1738809886603 0.9789843559265137 88
1738809886604 0.9810937643051147 89
1738809886605 0.9807031154632568 90
1738809886606 0.9838281273841858 91
1738809886607 0.9825000166893005 92
1738809886608 0.9827734231948853 93
1738809886609 0.9819531440734863 94
1738809886610 0.9832812547683716 95
1738809886611 0.9792578220367432 96
1738809886612 0.9814843535423279 97
1738809886614 0.9830077886581421 98
1738809886615 0.9817187786102295 99
1738809886616 0.9817968606948853 100
1738809886617 0.982421875 101
1738809886618 0.9840234518051147 102
1738809886619 0.9819531440734863 103
1738809886620 0.9817968606948853 104
1738809886621 0.9831249713897705 105
1738809886622 0.9837109446525574 106
1738809886623 0.9833984375 107
1738809886625 0.9821484088897705 108
1738809886626 0.9832422137260437 109
1738809886627 0.9852343797683716 110
1738809886628 0.9809765815734863 111
1738809886629 0.9844921827316284 112
1738809886630 0.9840624928474426 113
1738809886631 0.984179675579071 114
1738809886632 0.9839062690734863 115
1738809886633 0.9834374785423279 116
1738809886634 0.9831640720367432 117
1738809886635 0.9846484661102295 118
1738809886637 0.9828125238418579 119
