1738766963987 3.970550537109375 0
1738766963989 1.6375246047973633 1
1738766963991 1.6167306900024414 2
1738766963992 1.5723017454147339 3
1738766963995 1.556461215019226 4
1738766963997 1.535520076751709 5
1738766963999 1.5143005847930908 6
1738766964001 1.5182812213897705 7
1738766964003 1.4966521263122559 8
1738766964006 1.4781560897827148 9
1738766964008 1.4866219758987427 10
1738766964011 1.4736618995666504 11
1738766964012 1.4599729776382446 12
1738766964015 1.455783724784851 13
1738766964017 1.4451905488967896 14
1738766964019 1.4434700012207031 15
1738766964021 1.4208531379699707 16
1738766964023 1.42533540725708 17
1738766964026 1.4186973571777344 18
1738766964028 1.4292588233947754 19
1738766964030 1.441365361213684 20
1738766964033 1.417860746383667 21
1738766964035 1.4188590049743652 22
1738766964037 1.41607666015625 23
1738766964039 1.4075961112976074 24
1738766964041 1.4086463451385498 25
1738766964043 1.4236737489700317 26
1738766964045 1.4048329591751099 27
1738766964047 1.3993289470672607 28
1738766964049 1.3986703157424927 29
1738766964051 1.393548607826233 30
1738766964053 1.411726713180542 31
1738766964055 1.3805094957351685 32
1738766964058 1.3971666097640991 33
1738766964060 1.4197713136672974 34
1738766964062 1.3937313556671143 35
1738766964064 1.381367802619934 36
1738766964066 1.3924108743667603 37
1738766964068 1.3920795917510986 38
1738766964071 1.3784043788909912 39
1738766964073 1.4080334901809692 40
1738766964075 1.4007869958877563 41
1738766964077 1.3913893699645996 42
1738766964079 1.395780086517334 43
1738766964081 1.4029637575149536 44
1738766964083 1.3952003717422485 45
1738766964085 1.3918561935424805 46
1738766964087 1.3877314329147339 47
1738766964090 1.3985577821731567 48
1738766964092 1.3889938592910767 49
1738766964094 1.3831431865692139 50
1738766964096 1.4011491537094116 51
1738766964098 1.3884462118148804 52
1738766964100 1.3904701471328735 53
1738766964102 1.3789318799972534 54
1738766964103 1.4010902643203735 55
1738766964105 1.3998526334762573 56
1738766964106 1.3888386487960815 57
1738766964107 1.3823755979537964 58
1738766964108 1.3908733129501343 59
1738766964109 1.3955261707305908 60
1738766964111 1.3843363523483276 61
1738766964112 1.3781620264053345 62
1738766964113 1.3714170455932617 63
1738766964114 1.3781055212020874 64
1738766964116 1.3948044776916504 65
1738766964117 1.3768632411956787 66
1738766964118 1.4034979343414307 67
1738766964119 1.3740710020065308 68
1738766964120 1.395626425743103 69
1738766964122 1.384675145149231 70
1738766964123 1.3905253410339355 71
1738766964124 1.374604344367981 72
1738766964125 1.402930736541748 73
1738766964126 1.3853076696395874 74
1738766964128 1.387030005455017 75
1738766964129 1.3820641040802002 76
1738766964130 1.3800606727600098 77
1738766964131 1.3732184171676636 78
1738766964133 1.3844434022903442 79
1738766964134 1.3841142654418945 80
1738766964135 1.3793306350708008 81
1738766964136 1.3805720806121826 82
1738766964137 1.3689616918563843 83
1738766964139 1.3770867586135864 84
1738766964140 1.3961049318313599 85
1738766964141 1.3724822998046875 86
1738766964142 1.3751895427703857 87
1738766964144 1.3854058980941772 88
1738766964145 1.4002940654754639 89
1738766964147 1.3792212009429932 90
1738766964149 1.3776451349258423 91
1738766964151 1.3789693117141724 92
1738766964153 1.366430401802063 93
1738766964155 1.3717544078826904 94
1738766964158 1.382045865058899 95
1738766964160 1.3821988105773926 96
1738766964162 1.3795188665390015 97
1738766964164 1.38614821434021 98
1738766964166 1.369030475616455 99
1738766964168 1.3883388042449951 100
1738766964170 1.3701996803283691 101
1738766964173 1.3685145378112793 102
1738766964175 1.3834593296051025 103
1738766964177 1.3662484884262085 104
1738766964179 1.3746033906936646 105
1738766964181 1.3737516403198242 106
1738766964183 1.3882101774215698 107
1738766964185 1.3821358680725098 108
1738766964188 1.3770664930343628 109
1738766964190 1.3880720138549805 110
1738766964192 1.3783047199249268 111
1738766964194 1.3741947412490845 112
1738766964196 1.3696092367172241 113
1738766964198 1.3676140308380127 114
1738766964201 1.3841357231140137 115
1738766964203 1.3791568279266357 116
1738766964205 1.3705052137374878 117
1738766964207 1.3891493082046509 118
1738766964208 1.3661181926727295 119
