1738766963987 0.42332032322883606 0
1738766963989 0.45457032322883606 1
1738766963991 0.46796876192092896 2
1738766963992 0.4737499952316284 3
1738766963995 0.478515625 4
1738766963997 0.4790624976158142 5
1738766963999 0.4800390601158142 6
1738766964001 0.4791015684604645 7
1738766964003 0.48164063692092896 8
1738766964006 0.4813281297683716 9
1738766964008 0.4803515672683716 10
1738766964011 0.48539063334465027 11
1738766964012 0.48628905415534973 12
1738766964015 0.4923437535762787 13
1738766964017 0.49421873688697815 14
1738766964019 0.49757811427116394 15
1738766964021 0.49292969703674316 16
1738766964023 0.49617186188697815 17
1738766964026 0.5017969012260437 18
1738766964028 0.49519529938697815 19
1738766964030 0.48792970180511475 20
1738766964033 0.5004687309265137 21
1738766964035 0.49632811546325684 22
1738766964037 0.49882811307907104 23
1738766964039 0.5047656297683716 24
1738766964041 0.4976562559604645 25
1738766964043 0.49757811427116394 26
1738766964045 0.4990234375 27
1738766964047 0.5094531178474426 28
1738766964049 0.5045703053474426 29
1738766964051 0.5105078220367432 30
1738766964053 0.49656251072883606 31
1738766964055 0.5099999904632568 32
1738766964058 0.506054699420929 33
1738766964060 0.5010937452316284 34
1738766964062 0.5095312595367432 35
1738766964064 0.5123437643051147 36
1738766964066 0.5116406083106995 37
1738766964068 0.5066015720367432 38
1738766964071 0.5122265815734863 39
1738766964073 0.5058203339576721 40
1738766964075 0.5038281083106995 41
1738766964077 0.5044531226158142 42
1738766964079 0.5048828125 43
1738766964081 0.5046093463897705 44
1738766964083 0.5108203291893005 45
1738766964085 0.5077343583106995 46
1738766964087 0.5079296827316284 47
1738766964090 0.5093359351158142 48
1738766964092 0.5105078220367432 49
1738766964094 0.5165234208106995 50
1738766964096 0.5091797113418579 51
1738766964098 0.5180468559265137 52
1738766964100 0.5178906321525574 53
1738766964102 0.5146874785423279 54
1738766964103 0.5092968940734863 55
1738766964105 0.5082812309265137 56
1738766964106 0.5138280987739563 57
1738766964107 0.5187890529632568 58
1738766964108 0.5143749713897705 59
1738766964109 0.5118359327316284 60
1738766964111 0.5121484398841858 61
1738766964112 0.5157812237739563 62
1738766964113 0.5208593606948853 63
1738766964114 0.5170702934265137 64
1738766964116 0.5115625262260437 65
1738766964117 0.5152343511581421 66
1738766964118 0.505664050579071 67
1738766964119 0.5205859541893005 68
1738766964120 0.5126171708106995 69
1738766964122 0.5110156536102295 70
1738766964123 0.5137109160423279 71
1738766964124 0.513671875 72
1738766964125 0.5110546946525574 73
1738766964126 0.5153124928474426 74
1738766964128 0.5204296708106995 75
1738766964129 0.5110937356948853 76
1738766964130 0.5192187428474426 77
1738766964131 0.5185156464576721 78
1738766964133 0.5171874761581421 79
1738766964134 0.5162109136581421 80
1738766964135 0.5157421827316284 81
1738766964136 0.5169531106948853 82
1738766964137 0.5256249904632568 83
1738766964139 0.5238281488418579 84
1738766964140 0.5160937309265137 85
1738766964141 0.5232031345367432 86
1738766964142 0.5190234184265137 87
1738766964144 0.519726574420929 88
1738766964145 0.5141406059265137 89
1738766964147 0.5151171684265137 90
1738766964149 0.5179687738418579 91
1738766964151 0.5169140696525574 92
1738766964153 0.5237109661102295 93
1738766964155 0.5158984661102295 94
1738766964158 0.5181249976158142 95
1738766964160 0.5202343463897705 96
1738766964162 0.515625 97
1738766964164 0.5132421851158142 98
1738766964166 0.5171484351158142 99
1738766964168 0.5133984088897705 100
1738766964170 0.521289050579071 101
1738766964173 0.5217578411102295 102
1738766964175 0.5165234208106995 103
1738766964177 0.5187109112739563 104
1738766964179 0.5182031393051147 105
1738766964181 0.526562511920929 106
1738766964183 0.5168750286102295 107
1738766964185 0.5155078172683716 108
1738766964188 0.5227734446525574 109
1738766964190 0.5126562714576721 110
1738766964192 0.5130859613418579 111
1738766964194 0.5202734470367432 112
1738766964196 0.5163280963897705 113
1738766964198 0.5204296708106995 114
1738766964201 0.516406238079071 115
1738766964203 0.5179296731948853 116
1738766964205 0.5217968821525574 117
1738766964207 0.5142577886581421 118
1738766964208 0.5201171636581421 119
