1738771252095 1.5214248895645142 0
1738771252096 1.247510313987732 1
1738771252098 1.1202232837677002 2
1738771252099 1.030507206916809 3
1738771252100 0.9628637433052063 4
1738771252102 0.9163570404052734 5
1738771252103 0.8766793012619019 6
1738771252106 0.8272128105163574 7
1738771252107 0.8127379417419434 8
1738771252109 0.7740120887756348 9
1738771252110 0.7533510327339172 10
1738771252111 0.7339525818824768 11
1738771252112 0.7099673748016357 12
1738771252113 0.7094609141349792 13
1738771252115 0.6861602067947388 14
1738771252116 0.6670113205909729 15
1738771252117 0.6617175936698914 16
1738771252119 0.6566374897956848 17
1738771252120 0.6436585187911987 18
1738771252122 0.6249595880508423 19
1738771252123 0.6317976713180542 20
1738771252125 0.6105814576148987 21
1738771252127 0.6129652857780457 22
1738771252129 0.5976020693778992 23
1738771252131 0.5912581086158752 24
1738771252133 0.576728105545044 25
1738771252136 0.577907145023346 26
1738771252138 0.5781310796737671 27
1738771252140 0.5685415267944336 28
1738771252142 0.5668060779571533 29
1738771252144 0.5633237361907959 30
1738771252146 0.5505306124687195 31
1738771252148 0.5513531565666199 32
1738771252151 0.5476287007331848 33
1738771252152 0.5379388332366943 34
1738771252153 0.5367646813392639 35
1738771252155 0.5385537147521973 36
1738771252156 0.5355854630470276 37
1738771252157 0.5294166207313538 38
1738771252158 0.5151931047439575 39
1738771252159 0.5098618865013123 40
1738771252161 0.5157274603843689 41
1738771252162 0.5156276226043701 42
1738771252163 0.506636381149292 43
1738771252164 0.5055525898933411 44
1738771252165 0.5079036355018616 45
1738771252167 0.5030618906021118 46
1738771252168 0.49291661381721497 47
1738771252169 0.48419034481048584 48
1738771252170 0.48449403047561646 49
1738771252172 0.48945721983909607 50
1738771252173 0.4777156114578247 51
1738771252174 0.4756721258163452 52
1738771252175 0.4807473123073578 53
1738771252177 0.4774845540523529 54
1738771252178 0.4733269214630127 55
1738771252179 0.46632397174835205 56
1738771252180 0.4591849446296692 57
1738771252182 0.4653097093105316 58
1738771252183 0.46607810258865356 59
1738771252184 0.4602717459201813 60
1738771252185 0.45686376094818115 61
1738771252187 0.46057915687561035 62
1738771252188 0.4611622989177704 63
1738771252189 0.45410415530204773 64
1738771252190 0.4500812292098999 65
1738771252192 0.44693446159362793 66
1738771252193 0.4391957223415375 67
1738771252194 0.4431641399860382 68
1738771252195 0.44861507415771484 69
1738771252197 0.4383483827114105 70
1738771252198 0.4502660036087036 71
1738771252199 0.44578248262405396 72
1738771252200 0.4272071123123169 73
1738771252201 0.436941921710968 74
1738771252203 0.4354363977909088 75
1738771252204 0.437773734331131 76
1738771252205 0.43314269185066223 77
1738771252206 0.42992302775382996 78
1738771252208 0.4267491400241852 79
1738771252209 0.4266446828842163 80
1738771252210 0.4190565049648285 81
1738771252211 0.4266526699066162 82
1738771252212 0.4235212802886963 83
1738771252214 0.42823612689971924 84
1738771252215 0.42502716183662415 85
1738771252216 0.42372581362724304 86
1738771252217 0.42003607749938965 87
1738771252219 0.40898972749710083 88
1738771252220 0.4256055951118469 89
1738771252221 0.41569241881370544 90
1738771252222 0.4106297791004181 91
1738771252223 0.4094490706920624 92
1738771252225 0.42090779542922974 93
1738771252226 0.4081943929195404 94
1738771252227 0.4088115692138672 95
1738771252228 0.41458338499069214 96
1738771252230 0.408303439617157 97
1738771252231 0.4116356372833252 98
1738771252232 0.4023655354976654 99
1738771252233 0.40402770042419434 100
1738771252234 0.40254297852516174 101
1738771252236 0.4011712968349457 102
1738771252237 0.4098205268383026 103
1738771252238 0.40764740109443665 104
1738771252239 0.4109265208244324 105
1738771252241 0.3912084996700287 106
1738771252242 0.4004534184932709 107
1738771252243 0.40010547637939453 108
1738771252244 0.4062746465206146 109
1738771252246 0.4005073308944702 110
1738771252247 0.4001663327217102 111
1738771252248 0.39373087882995605 112
1738771252249 0.39252936840057373 113
1738771252251 0.4003732204437256 114
1738771252252 0.38629522919654846 115
1738771252253 0.39648640155792236 116
1738771252254 0.3945682942867279 117
1738771252256 0.38724303245544434 118
1738771252257 0.396872878074646 119
