1738771252095 0.4031640589237213 0
1738771252096 0.5161328315734863 1
1738771252098 0.5688281059265137 2
1738771252099 0.6087890863418579 3
1738771252100 0.6407812237739563 4
1738771252102 0.6612890362739563 5
1738771252103 0.675976574420929 6
1738771252106 0.6993359327316284 7
1738771252107 0.7027734518051147 8
1738771252109 0.7194530963897705 9
1738771252110 0.7303125262260437 10
1738771252111 0.7352734208106995 11
1738771252112 0.7467968463897705 12
1738771252113 0.7503125071525574 13
1738771252115 0.7591015696525574 14
1738771252116 0.7676562666893005 15
1738771252117 0.7653515338897705 16
1738771252119 0.7703515887260437 17
1738771252120 0.7738671898841858 18
1738771252122 0.7807812690734863 19
1738771252123 0.7783203125 20
1738771252125 0.7862109541893005 21
1738771252127 0.7857031226158142 22
1738771252129 0.7887890338897705 23
1738771252131 0.7957812547683716 24
1738771252133 0.7996484637260437 25
1738771252136 0.7991796731948853 26
1738771252138 0.7994140386581421 27
1738771252140 0.8059375286102295 28
1738771252142 0.8034374713897705 29
1738771252144 0.806835949420929 30
1738771252146 0.8119140863418579 31
1738771252148 0.8102343678474426 32
1738771252151 0.8102343678474426 33
1738771252152 0.8148437738418579 34
1738771252153 0.8148828148841858 35
1738771252155 0.8127734661102295 36
1738771252156 0.815234363079071 37
1738771252157 0.8183984160423279 38
1738771252158 0.8214452862739563 39
1738771252159 0.8255468606948853 40
1738771252161 0.8239452838897705 41
1738771252162 0.8239062428474426 42
1738771252163 0.8270312547683716 43
1738771252164 0.825976550579071 44
1738771252165 0.8272656202316284 45
1738771252167 0.8266406059265137 46
1738771252168 0.8326953053474426 47
1738771252169 0.8360156416893005 48
1738771252170 0.8333203196525574 49
1738771252172 0.8319922089576721 50
1738771252173 0.8345702886581421 51
1738771252174 0.8370312452316284 52
1738771252175 0.8373827934265137 53
1738771252177 0.8374609351158142 54
1738771252178 0.8383593559265137 55
1738771252179 0.8396093845367432 56
1738771252180 0.845507800579071 57
1738771252182 0.8404687643051147 58
1738771252183 0.8414062261581421 59
1738771252184 0.8446093797683716 60
1738771252185 0.8432421684265137 61
1738771252187 0.8448047041893005 62
1738771252188 0.8443359136581421 63
1738771252189 0.84375 64
1738771252190 0.8479297161102295 65
1738771252192 0.8457812666893005 66
1738771252193 0.8502343893051147 67
1738771252194 0.8500000238418579 68
1738771252195 0.8477734327316284 69
1738771252197 0.8505468964576721 70
1738771252198 0.8476952910423279 71
1738771252199 0.8476952910423279 72
1738771252200 0.8555077910423279 73
1738771252201 0.852343738079071 74
1738771252203 0.8516796827316284 75
1738771252204 0.8498437404632568 76
1738771252205 0.8537890911102295 77
1738771252206 0.8546093702316284 78
1738771252208 0.8560156226158142 79
1738771252209 0.8548046946525574 80
1738771252210 0.8583984375 81
1738771252211 0.85546875 82
1738771252212 0.8548046946525574 83
1738771252214 0.8540234565734863 84
1738771252215 0.8531640768051147 85
1738771252216 0.8576953411102295 86
1738771252217 0.8590624928474426 87
1738771252219 0.8609374761581421 88
1738771252220 0.8545312285423279 89
1738771252221 0.8567578196525574 90
1738771252222 0.8624218702316284 91
1738771252223 0.8624609112739563 92
1738771252225 0.8589062690734863 93
1738771252226 0.8641015887260437 94
1738771252227 0.8597656488418579 95
1738771252228 0.8590624928474426 96
1738771252230 0.8641406297683716 97
1738771252231 0.8632422089576721 98
1738771252232 0.8636718988418579 99
1738771252233 0.8634374737739563 100
1738771252234 0.8646875023841858 101
1738771252236 0.8646875023841858 102
1738771252237 0.8578515648841858 103
1738771252238 0.863085925579071 104
1738771252239 0.8583593964576721 105
1738771252241 0.8689062595367432 106
1738771252242 0.8641796708106995 107
1738771252243 0.8642187714576721 108
1738771252244 0.8617578148841858 109
1738771252246 0.8659374713897705 110
1738771252247 0.8656250238418579 111
1738771252248 0.865429699420929 112
1738771252249 0.8673437237739563 113
1738771252251 0.8636718988418579 114
1738771252252 0.8723046779632568 115
1738771252253 0.8640234470367432 116
1738771252254 0.8644140362739563 117
1738771252256 0.8686327934265137 118
1738771252257 0.8662109375 119
