1738766752334 0.5248437523841858 0
1738766752336 0.6189844012260437 1
1738766752337 0.6484375 2
1738766752338 0.669140636920929 3
1738766752340 0.687304675579071 4
1738766752341 0.6962500214576721 5
1738766752342 0.7056249976158142 6
1738766752344 0.7073827981948853 7
1738766752346 0.7137890458106995 8
1738766752347 0.7235937714576721 9
1738766752349 0.7183984518051147 10
1738766752350 0.7265234589576721 11
1738766752351 0.7233593463897705 12
1738766752352 0.7361719012260437 13
1738766752354 0.7310937643051147 14
1738766752355 0.7341015338897705 15
1738766752356 0.7342187762260437 16
1738766752357 0.7371484637260437 17
1738766752359 0.7342578172683716 18
1738766752360 0.7389453053474426 19
1738766752361 0.7460547089576721 20
1738766752363 0.7403905987739563 21
1738766752364 0.7482030987739563 22
1738766752365 0.7403515577316284 23
1738766752367 0.743945300579071 24
1738766752368 0.7422265410423279 25
1738766752369 0.7499609589576721 26
1738766752370 0.7451953291893005 27
1738766752371 0.7442968487739563 28
1738766752373 0.7461718916893005 29
1738766752374 0.7499609589576721 30
1738766752375 0.75390625 31
1738766752376 0.7500781416893005 32
1738766752377 0.7521874904632568 33
1738766752379 0.7509375214576721 34
1738766752380 0.7532812356948853 35
1738766752381 0.7544140815734863 36
1738766752382 0.752734363079071 37
1738766752383 0.7497265338897705 38
1738766752384 0.7540234327316284 39
1738766752385 0.7524218559265137 40
1738766752387 0.7535547018051147 41
1738766752388 0.7525390386581421 42
1738766752389 0.7514843940734863 43
1738766752391 0.7579296827316284 44
1738766752392 0.7486718893051147 45
1738766752393 0.7560155987739563 46
1738766752394 0.7596874833106995 47
1738766752395 0.7592968940734863 48
1738766752396 0.7571484446525574 49
1738766752397 0.754101574420929 50
1738766752399 0.7583203315734863 51
1738766752400 0.7574999928474426 52
1738766752401 0.7543359398841858 53
1738766752402 0.7606640458106995 54
1738766752403 0.7596484422683716 55
1738766752404 0.7569140791893005 56
1738766752405 0.7612109184265137 57
1738766752407 0.759765625 58
1738766752408 0.7616797089576721 59
1738766752409 0.7592577934265137 60
1738766752410 0.756640613079071 61
1738766752411 0.7596094012260437 62
1738766752412 0.7619531154632568 63
1738766752414 0.7551562786102295 64
1738766752415 0.7547656297683716 65
1738766752416 0.758984386920929 66
1738766752417 0.7578906416893005 67
1738766752418 0.7580859661102295 68
1738766752419 0.763671875 69
1738766752421 0.7552734613418579 70
1738766752422 0.7608984112739563 71
1738766752423 0.7598046660423279 72
1738766752424 0.7611718773841858 73
1738766752425 0.7567187547683716 74
1738766752426 0.7603124976158142 75
1738766752427 0.7589452862739563 76
1738766752429 0.7587500214576721 77
1738766752430 0.7620312571525574 78
1738766752431 0.761523425579071 79
1738766752432 0.7643359303474426 80
1738766752433 0.7646484375 81
1738766752434 0.7658984661102295 82
1738766752436 0.7629687786102295 83
1738766752437 0.7602734565734863 84
1738766752438 0.762890636920929 85
1738766752439 0.7604687213897705 86
1738766752440 0.7634375095367432 87
1738766752441 0.7639843821525574 88
1738766752442 0.7589452862739563 89
1738766752444 0.7590625286102295 90
1738766752445 0.7574218511581421 91
1738766752446 0.7646093964576721 92
1738766752447 0.7589062452316284 93
1738766752448 0.7646093964576721 94
1738766752449 0.7586718797683716 95
1738766752450 0.763476550579071 96
1738766752452 0.7638280987739563 97
1738766752453 0.768750011920929 98
1738766752454 0.7672656178474426 99
1738766752455 0.7591797113418579 100
1738766752456 0.7611718773841858 101
1738766752457 0.7629687786102295 102
1738766752459 0.7568749785423279 103
1738766752460 0.7685156464576721 104
1738766752461 0.7642577886581421 105
1738766752462 0.766406238079071 106
1738766752463 0.7549999952316284 107
1738766752465 0.768750011920929 108
1738766752466 0.7565624713897705 109
1738766752467 0.7631640434265137 110
1738766752468 0.762499988079071 111
1738766752469 0.765820324420929 112
1738766752470 0.7642968893051147 113
1738766752471 0.7633984088897705 114
1738766752473 0.7666797041893005 115
1738766752474 0.765429675579071 116
1738766752475 0.764843761920929 117
1738766752476 0.7603124976158142 118
1738766752477 0.7624609470367432 119
