1738766752334 1.4797286987304688 0
1738766752336 1.180637001991272 1
1738766752337 1.111396074295044 2
1738766752338 1.0598211288452148 3
1738766752340 1.0215967893600464 4
1738766752341 1.0025500059127808 5
1738766752342 0.9664003252983093 6
1738766752344 0.9796094298362732 7
1738766752346 0.955445408821106 8
1738766752347 0.9444152116775513 9
1738766752349 0.9476231932640076 10
1738766752350 0.9361713528633118 11
1738766752351 0.9473735690116882 12
1738766752352 0.9113620519638062 13
1738766752354 0.9145572781562805 14
1738766752355 0.9148884415626526 15
1738766752356 0.9180881977081299 16
1738766752357 0.9081764817237854 17
1738766752359 0.9039863348007202 18
1738766752360 0.8980756998062134 19
1738766752361 0.8817141652107239 20
1738766752363 0.897508978843689 21
1738766752364 0.8846075534820557 22
1738766752365 0.9004325270652771 23
1738766752367 0.892067015171051 24
1738766752368 0.8883310556411743 25
1738766752369 0.8728577494621277 26
1738766752370 0.8856053352355957 27
1738766752371 0.8874807953834534 28
1738766752373 0.8798732161521912 29
1738766752374 0.8722193837165833 30
1738766752375 0.8651926517486572 31
1738766752376 0.8797924518585205 32
1738766752377 0.8645803928375244 33
1738766752379 0.8673639893531799 34
1738766752380 0.8624848127365112 35
1738766752381 0.8682716488838196 36
1738766752382 0.863736629486084 37
1738766752383 0.8740798830986023 38
1738766752384 0.8638882637023926 39
1738766752385 0.8643924593925476 40
1738766752387 0.8613436222076416 41
1738766752388 0.863984227180481 42
1738766752389 0.8717156052589417 43
1738766752391 0.8495835065841675 44
1738766752392 0.8634220361709595 45
1738766752393 0.8559468984603882 46
1738766752394 0.8448172211647034 47
1738766752395 0.8465943932533264 48
1738766752396 0.8571113348007202 49
1738766752397 0.8647850751876831 50
1738766752399 0.8431505560874939 51
1738766752400 0.8561208248138428 52
1738766752401 0.8622840642929077 53
1738766752402 0.85245680809021 54
1738766752403 0.8566615581512451 55
1738766752404 0.856391966342926 56
1738766752405 0.8471962809562683 57
1738766752407 0.8498709797859192 58
1738766752408 0.8389713168144226 59
1738766752409 0.846589982509613 60
1738766752410 0.8553886413574219 61
1738766752411 0.8465845584869385 62
1738766752412 0.8360745310783386 63
1738766752414 0.8463017344474792 64
1738766752415 0.8636797070503235 65
1738766752416 0.8512819409370422 66
1738766752417 0.8501918315887451 67
1738766752418 0.8534840941429138 68
1738766752419 0.8431578278541565 69
1738766752421 0.8643160462379456 70
1738766752422 0.848865270614624 71
1738766752423 0.856486976146698 72
1738766752424 0.8389707207679749 73
1738766752425 0.8566076159477234 74
1738766752426 0.8513286113739014 75
1738766752427 0.8533461689949036 76
1738766752429 0.8547647595405579 77
1738766752430 0.8450777530670166 78
1738766752431 0.8490123748779297 79
1738766752432 0.8352718949317932 80
1738766752433 0.8330193161964417 81
1738766752434 0.8355252146720886 82
1738766752436 0.8375405073165894 83
1738766752437 0.8494921922683716 84
1738766752438 0.8348928093910217 85
1738766752439 0.8504035472869873 86
1738766752440 0.8392132520675659 87
1738766752441 0.8384459018707275 88
1738766752442 0.8416106700897217 89
1738766752444 0.8494524359703064 90
1738766752445 0.8608987927436829 91
1738766752446 0.8328505754470825 92
1738766752447 0.8491377830505371 93
1738766752448 0.8299713730812073 94
1738766752449 0.8484813570976257 95
1738766752450 0.83641517162323 96
1738766752452 0.8410808444023132 97
1738766752453 0.8264339566230774 98
1738766752454 0.8281753063201904 99
1738766752455 0.8351407051086426 100
1738766752456 0.8426305651664734 101
1738766752457 0.8388077020645142 102
1738766752459 0.8487585186958313 103
1738766752460 0.827124834060669 104
1738766752461 0.8359733819961548 105
1738766752462 0.8320397138595581 106
1738766752463 0.8528491258621216 107
1738766752465 0.8231915831565857 108
1738766752466 0.8450767397880554 109
1738766752467 0.8404614329338074 110
1738766752468 0.8397143483161926 111
1738766752469 0.8353849649429321 112
1738766752470 0.8382862210273743 113
1738766752471 0.835513174533844 114
1738766752473 0.8376794457435608 115
1738766752474 0.8341383934020996 116
1738766752475 0.8327804803848267 117
1738766752476 0.8500149250030518 118
1738766752477 0.8377534747123718 119
