1738448008765 0.1887499988079071 0
1738448008767 0.1844140589237213 1
1738448008769 0.17949219048023224 2
1738448008771 0.1789843738079071 3
1738448008773 0.17414063215255737 4
1738448008776 0.17058593034744263 5
1738448008778 0.16808593273162842 6
1738448008781 0.17011718451976776 7
1738448008784 0.1616796851158142 8
1738448008787 0.16453124582767487 9
1738448008789 0.1716015636920929 10
1738448008792 0.1683984398841858 11
1738448008794 0.1706250011920929 12
1738448008796 0.17011718451976776 13
1738448008799 0.16750000417232513 14
1738448008802 0.171875 15
1738448008805 0.16835936903953552 16
1738448008807 0.17183594405651093 17
1738448008809 0.1748046875 18
1738448008812 0.177734375 19
1738448008814 0.17964844405651093 20
1738448008817 0.1798437535762787 21
1738448008819 0.18257813155651093 22
1738448008822 0.18382813036441803 23
1738448008824 0.18871094286441803 24
1738448008827 0.19121094048023224 25
1738448008829 0.18394531309604645 26
1738448008832 0.1813671886920929 27
1738448008834 0.16980469226837158 28
1738448008836 0.1697656214237213 29
1738448008839 0.17183594405651093 30
1738448008841 0.1713281273841858 31
1738448008844 0.17246094346046448 32
1738448008845 0.16566406190395355 33
1738448008848 0.1708984375 34
1738448008850 0.1681250035762787 35
1738448008853 0.16820313036441803 36
1738448008855 0.16777344048023224 37
1738448008858 0.17585937678813934 38
1738448008860 0.1661718785762787 39
1738448008863 0.166015625 40
1738448008865 0.16679687798023224 41
1738448008868 0.1708984375 42
1738448008870 0.17324218153953552 43
1738448008873 0.16687500476837158 44
1738448008875 0.16843749582767487 45
1738448008878 0.17476563155651093 46
1738448008880 0.1707421839237213 47
1738448008882 0.16675780713558197 48
1738448008885 0.16988281905651093 49
1738448008887 0.17539063096046448 50
1738448008890 0.17917968332767487 51
1738448008892 0.18753905594348907 52
1738448008895 0.18175780773162842 53
1738448008897 0.17976562678813934 54
1738448008900 0.18519531190395355 55
1738448008902 0.18437500298023224 56
1738448008905 0.1780078113079071 57
1738448008907 0.1833203136920929 58
1738448008910 0.17320312559604645 59
1738448008912 0.17281250655651093 60
1738448008914 0.1720312535762787 61
1738448008917 0.1707421839237213 62
1738448008919 0.16789062321186066 63
1738448008922 0.1708984375 64
1738448008924 0.17113281786441803 65
1738448008927 0.17343750596046448 66
1738448008929 0.1703515648841858 67
1738448008931 0.17195312678813934 68
1738448008934 0.17195312678813934 69
1738448008936 0.1672656238079071 70
1738448008939 0.17222656309604645 71
1738448008941 0.16996093094348907 72
1738448008944 0.17226561903953552 73
1738448008946 0.16816405951976776 74
1738448008949 0.1683984398841858 75
1738448008951 0.1717187464237213 76
1738448008954 0.1720312535762787 77
1738448008956 0.1668359339237213 78
1738448008959 0.16941405832767487 79
1738448008961 0.17164061963558197 80
1738448008964 0.16785156726837158 81
1738448008966 0.1721484363079071 82
1738448008968 0.1748046875 83
1738448008971 0.16785156726837158 84
1738448008973 0.17332030832767487 85
1738448008976 0.17597655951976776 86
1738448008978 0.1713281273841858 87
1738448008981 0.17511719465255737 88
1738448008983 0.17738281190395355 89
1738448008986 0.1736718714237213 90
1738448008988 0.1774609386920929 91
1738448008990 0.17128905653953552 92
1738448008992 0.17078125476837158 93
1738448008993 0.16968749463558197 94
1738448008995 0.1713281273841858 95
1738448008996 0.17253905534744263 96
1738448008997 0.17503906786441803 97
1738448008999 0.1733984351158142 98
1738448009000 0.17167969048023224 99
1738448009002 0.17078125476837158 100
1738448009003 0.1736718714237213 101
1738448009004 0.17164061963558197 102
1738448009006 0.17191405594348907 103
1738448009007 0.17085938155651093 104
1738448009009 0.17304687201976776 105
1738448009010 0.1708984375 106
1738448009011 0.1749609410762787 107
1738448009013 0.17527343332767487 108
1738448009014 0.1752343773841858 109
1738448009016 0.18031249940395355 110
1738448009017 0.17624999582767487 111
1738448009018 0.1770312488079071 112
1738448009020 0.18019531667232513 113
1738448009021 0.17492187023162842 114
1738448009023 0.17613281309604645 115
1738448009024 0.17777343094348907 116
1738448009025 0.17707031965255737 117
1738448009027 0.16765624284744263 118
1738448009028 0.1693750023841858 119
