1738448008765 2.997241497039795 0
1738448008767 2.4146811962127686 1
1738448008769 2.377394199371338 2
1738448008771 2.32144832611084 3
1738448008773 2.419560670852661 4
1738448008776 15.656009674072266 5
1738448008778 3.0973305702209473 6
1738448008781 2.2495925426483154 7
1738448008784 2.1602017879486084 8
1738448008787 2.116370916366577 9
1738448008789 2.124182939529419 10
1738448008792 2.0928680896759033 11
1738448008794 2.0794036388397217 12
1738448008796 2.0726583003997803 13
1738448008799 2.0651540756225586 14
1738448008802 2.053056240081787 15
1738448008805 2.059767961502075 16
1738448008807 2.0608110427856445 17
1738448008809 2.022540330886841 18
1738448008812 2.1031558513641357 19
1738448008814 2.079646587371826 20
1738448008817 2.1074585914611816 21
1738448008819 2.1446452140808105 22
1738448008822 2.1279921531677246 23
1738448008824 2.158939838409424 24
1738448008827 2.168844223022461 25
1738448008829 2.2255001068115234 26
1738448008832 2.1823127269744873 27
1738448008834 34.629764556884766 28
1738448008836 6.11758279800415 29
1738448008839 2.736940383911133 30
1738448008841 2.375908851623535 31
1738448008844 2.2431230545043945 32
1738448008845 2.167469024658203 33
1738448008848 2.1441075801849365 34
1738448008850 2.1541128158569336 35
1738448008853 2.2226197719573975 36
1738448008855 2.225616693496704 37
1738448008858 2.3022475242614746 38
1738448008860 2.2189691066741943 39
1738448008863 2.1948978900909424 40
1738448008865 2.2311289310455322 41
1738448008868 2.2020373344421387 42
1738448008870 2.3407483100891113 43
1738448008873 2.1861953735351562 44
1738448008875 2.3054776191711426 45
1738448008878 2.1721227169036865 46
1738448008880 2.2479939460754395 47
1738448008882 2.3768088817596436 48
1738448008885 2.162543773651123 49
1738448008887 2.076742649078369 50
1738448008890 2.0776631832122803 51
1738448008892 2.0453147888183594 52
1738448008895 2.032407283782959 53
1738448008897 2.1184558868408203 54
1738448008900 2.058814764022827 55
1738448008902 2.0822064876556396 56
1738448008905 2.11635422706604 57
1738448008907 2.1141562461853027 58
1738448008910 45.1650276184082 59
1738448008912 111.08587646484375 60
1738448008914 9.60407829284668 61
1738448008917 6.5165815353393555 62
1738448008919 5.068617343902588 63
1738448008922 4.198040008544922 64
1738448008924 3.6472668647766113 65
1738448008927 3.277451276779175 66
1738448008929 3.0479700565338135 67
1738448008931 3.134594202041626 68
1738448008934 3.1566405296325684 69
1738448008936 4.389801502227783 70
1738448008939 2.80092191696167 71
1738448008941 2.662703275680542 72
1738448008944 3.318249464035034 73
1738448008946 2.7279605865478516 74
1738448008949 2.6864724159240723 75
1738448008951 2.895540237426758 76
1738448008954 2.2907345294952393 77
1738448008956 2.2617745399475098 78
1738448008959 2.18479061126709 79
1738448008961 2.3564705848693848 80
1738448008964 2.6241376399993896 81
1738448008966 2.2940778732299805 82
1738448008968 2.2417800426483154 83
1738448008971 2.401993751525879 84
1738448008973 2.4345743656158447 85
1738448008976 2.2612998485565186 86
1738448008978 2.2186279296875 87
1738448008981 2.089618444442749 88
1738448008983 2.178148031234741 89
1738448008986 2.1197071075439453 90
1738448008988 2.279290199279785 91
1738448008990 12.782254219055176 92
1738448008992 23.479759216308594 93
1738448008993 2.729681968688965 94
1738448008995 2.334920644760132 95
1738448008996 2.2327804565429688 96
1738448008997 2.261969804763794 97
1738448008999 2.2782106399536133 98
1738448009000 2.2630648612976074 99
1738448009002 2.198373317718506 100
1738448009003 2.3102173805236816 101
1738448009004 2.1918418407440186 102
1738448009006 2.166334867477417 103
1738448009007 2.126634120941162 104
1738448009009 2.1614856719970703 105
1738448009010 2.1787140369415283 106
1738448009011 2.3541510105133057 107
1738448009013 2.1733765602111816 108
1738448009014 2.1363186836242676 109
1738448009016 2.1222541332244873 110
1738448009017 2.5017898082733154 111
1738448009018 2.061269760131836 112
1738448009020 2.1424825191497803 113
1738448009021 2.121588706970215 114
1738448009023 2.092329502105713 115
1738448009024 2.0647132396698 116
1738448009025 2.1135125160217285 117
1738448009027 44.150299072265625 118
1738448009028 24.192214965820312 119
