1738765896024 0.4366406202316284 0
1738765896026 0.478515625 1
1738765896028 0.5003906488418579 2
1738765896029 0.5154687762260437 3
1738765896031 0.5207812786102295 4
1738765896032 0.5299609303474426 5
1738765896033 0.5380077958106995 6
1738765896035 0.5403515696525574 7
1738765896037 0.5478515625 8
1738765896038 0.5487109422683716 9
1738765896041 0.5553515553474426 10
1738765896043 0.5537109375 11
1738765896044 0.5598046779632568 12
1738765896045 0.5641406178474426 13
1738765896047 0.5657421946525574 14
1738765896048 0.567578136920929 15
1738765896049 0.5653515458106995 16
1738765896050 0.5704687237739563 17
1738765896052 0.5638672113418579 18
1738765896053 0.5718359351158142 19
1738765896054 0.5702343583106995 20
1738765896056 0.5746093988418579 21
1738765896057 0.570117175579071 22
1738765896059 0.5757031440734863 23
1738765896060 0.5700781345367432 24
1738765896061 0.5725390911102295 25
1738765896062 0.5705468654632568 26
1738765896064 0.5747265815734863 27
1738765896065 0.5766015648841858 28
1738765896066 0.5803124904632568 29
1738765896067 0.5701953172683716 30
1738765896069 0.5755859613418579 31
1738765896070 0.5657812356948853 32
1738765896071 0.5708203315734863 33
1738765896072 0.5756250023841858 34
1738765896074 0.5789453387260437 35
1738765896075 0.5780859589576721 36
1738765896076 0.5722265839576721 37
1738765896077 0.5803906321525574 38
1738765896079 0.58203125 39
1738765896080 0.5773046612739563 40
1738765896081 0.579882800579071 41
1738765896082 0.5768749713897705 42
1738765896084 0.5743749737739563 43
1738765896085 0.5835156440734863 44
1738765896086 0.5850781202316284 45
1738765896087 0.5790625214576721 46
1738765896088 0.578320324420929 47
1738765896090 0.5813281536102295 48
1738765896091 0.5762890577316284 49
1738765896092 0.5948827862739563 50
1738765896093 0.5824218988418579 51
1738765896095 0.5863281488418579 52
1738765896096 0.5942187309265137 53
1738765896097 0.5824609398841858 54
1738765896098 0.5901952981948853 55
1738765896100 0.5898827910423279 56
1738765896101 0.5830859541893005 57
1738765896102 0.5869531035423279 58
1738765896103 0.5821874737739563 59
1738765896104 0.5920312404632568 60
1738765896106 0.583203136920929 61
1738765896107 0.5849609375 62
1738765896108 0.5829296708106995 63
1738765896109 0.5882031321525574 64
1738765896111 0.5815625190734863 65
1738765896112 0.580859363079071 66
1738765896113 0.5969531536102295 67
1738765896114 0.5814062356948853 68
1738765896116 0.5936718583106995 69
1738765896117 0.5808203220367432 70
1738765896119 0.5841015577316284 71
1738765896120 0.589062511920929 72
1738765896121 0.5897265672683716 73
1738765896123 0.5944530963897705 74
1738765896124 0.5926172137260437 75
1738765896125 0.5858984589576721 76
1738765896126 0.5873827934265137 77
1738765896127 0.5936328172683716 78
1738765896129 0.5829296708106995 79
1738765896130 0.589062511920929 80
1738765896131 0.5857812762260437 81
1738765896133 0.5855078101158142 82
1738765896135 0.5868750214576721 83
1738765896136 0.585742175579071 84
1738765896137 0.5907421708106995 85
1738765896139 0.590039074420929 86
1738765896141 0.5860937237739563 87
1738765896142 0.5918359160423279 88
1738765896143 0.5871484279632568 89
1738765896145 0.5955859422683716 90
1738765896146 0.5865625143051147 91
1738765896147 0.5944140553474426 92
1738765896148 0.5879687666893005 93
1738765896150 0.5887109637260437 94
1738765896151 0.5910937786102295 95
1738765896152 0.5911328196525574 96
1738765896154 0.5925390720367432 97
1738765896155 0.5977734327316284 98
1738765896157 0.5908593535423279 99
1738765896160 0.5900781154632568 100
1738765896162 0.5924218893051147 101
1738765896163 0.5889062285423279 102
1738765896164 0.5905859470367432 103
1738765896165 0.5907812714576721 104
1738765896167 0.5889843702316284 105
1738765896168 0.5915234088897705 106
1738765896169 0.5911718606948853 107
1738765896170 0.5967187285423279 108
1738765896172 0.59765625 109
1738765896174 0.5970312356948853 110
1738765896176 0.5908593535423279 111
1738765896177 0.5920312404632568 112
1738765896178 0.5921875238418579 113
1738765896179 0.596484363079071 114
1738765896181 0.5922656059265137 115
1738765896182 0.6007031202316284 116
1738765896183 0.588085949420929 117
1738765896184 0.5925390720367432 118
1738765896185 0.585156261920929 119
