1738765896024 3.7286789417266846 0
1738765896026 2.0523183345794678 1
1738765896028 1.8116494417190552 2
1738765896029 1.6679120063781738 3
1738765896031 1.6190191507339478 4
1738765896032 1.5949606895446777 5
1738765896033 1.549031376838684 6
1738765896035 1.5282096862792969 7
1738765896037 1.5162179470062256 8
1738765896038 1.509919285774231 9
1738765896041 1.505276083946228 10
1738765896043 1.4929145574569702 11
1738765896044 1.49159574508667 12
1738765896045 1.5021404027938843 13
1738765896047 1.4790159463882446 14
1738765896048 1.478227972984314 15
1738765896049 1.4875760078430176 16
1738765896050 1.48337984085083 17
1738765896052 1.501188039779663 18
1738765896053 1.4780863523483276 19
1738765896054 1.4880448579788208 20
1738765896056 1.4809271097183228 21
1738765896057 1.4884140491485596 22
1738765896059 1.4889661073684692 23
1738765896060 1.4755886793136597 24
1738765896061 1.4723925590515137 25
1738765896062 1.4955133199691772 26
1738765896064 1.4788981676101685 27
1738765896065 1.4739718437194824 28
1738765896066 1.4507237672805786 29
1738765896067 1.4874638319015503 30
1738765896069 1.466012716293335 31
1738765896070 1.507520318031311 32
1738765896071 1.4828860759735107 33
1738765896072 1.4637441635131836 34
1738765896074 1.4648828506469727 35
1738765896075 1.4577828645706177 36
1738765896076 1.4702088832855225 37
1738765896077 1.4660618305206299 38
1738765896079 1.4569123983383179 39
1738765896080 1.4634321928024292 40
1738765896081 1.472017526626587 41
1738765896082 1.464778184890747 42
1738765896084 1.4718389511108398 43
1738765896085 1.436173915863037 44
1738765896086 1.4620417356491089 45
1738765896087 1.4509785175323486 46
1738765896088 1.4629623889923096 47
1738765896090 1.4466279745101929 48
1738765896091 1.4671146869659424 49
1738765896092 1.4319863319396973 50
1738765896093 1.4459632635116577 51
1738765896095 1.4307044744491577 52
1738765896096 1.423799753189087 53
1738765896097 1.4543782472610474 54
1738765896098 1.4452393054962158 55
1738765896100 1.4348584413528442 56
1738765896101 1.44724440574646 57
1738765896102 1.4418764114379883 58
1738765896103 1.4516104459762573 59
1738765896104 1.4160429239273071 60
1738765896106 1.4511035680770874 61
1738765896107 1.4459086656570435 62
1738765896108 1.4535359144210815 63
1738765896109 1.4394580125808716 64
1738765896111 1.4614425897598267 65
1738765896112 1.4516355991363525 66
1738765896113 1.4344651699066162 67
1738765896114 1.4428178071975708 68
1738765896116 1.4476852416992188 69
1738765896117 1.4676133394241333 70
1738765896119 1.447900414466858 71
1738765896120 1.4420515298843384 72
1738765896121 1.4426480531692505 73
1738765896123 1.4262057542800903 74
1738765896124 1.428853154182434 75
1738765896125 1.4586261510849 76
1738765896126 1.4479925632476807 77
1738765896127 1.4380378723144531 78
1738765896129 1.4360933303833008 79
1738765896130 1.4278227090835571 80
1738765896131 1.4493809938430786 81
1738765896133 1.4385559558868408 82
1738765896135 1.4426512718200684 83
1738765896136 1.436521053314209 84
1738765896137 1.4192147254943848 85
1738765896139 1.4472087621688843 86
1738765896141 1.4476405382156372 87
1738765896142 1.4276421070098877 88
1738765896143 1.4391032457351685 89
1738765896145 1.4225523471832275 90
1738765896146 1.4488404989242554 91
1738765896147 1.4223088026046753 92
1738765896148 1.4442440271377563 93
1738765896150 1.450504183769226 94
1738765896151 1.4315121173858643 95
1738765896152 1.4440243244171143 96
1738765896154 1.4352929592132568 97
1738765896155 1.4279048442840576 98
1738765896157 1.450606107711792 99
1738765896160 1.4341403245925903 100
1738765896162 1.4343565702438354 101
1738765896163 1.4288215637207031 102
1738765896164 1.4397441148757935 103
1738765896165 1.4429606199264526 104
1738765896167 1.4291523694992065 105
1738765896168 1.442225456237793 106
1738765896169 1.4251965284347534 107
1738765896170 1.4260543584823608 108
1738765896172 1.418870449066162 109
1738765896174 1.4270552396774292 110
1738765896176 1.4401265382766724 111
1738765896177 1.4276257753372192 112
1738765896178 1.4317758083343506 113
1738765896179 1.4387646913528442 114
1738765896181 1.431022047996521 115
1738765896182 1.4232559204101562 116
1738765896183 1.4359025955200195 117
1738765896184 1.4562232494354248 118
1738765896185 1.4566093683242798 119
