1738296340795 90.38215637207031 0
1738296340796 10.885886192321777 1
1738296340797 9.14432144165039 2
1738296340799 8.605818748474121 3
1738296340800 8.413230895996094 4
1738296340801 7.533381462097168 5
1738296340803 7.78499698638916 6
1738296340804 7.058964729309082 7
1738296340806 7.102591037750244 8
1738296340807 6.808038711547852 9
1738296340809 6.755289077758789 10
1738296340810 6.850123405456543 11
1738296340811 7.152247428894043 12
1738296340812 7.145389556884766 13
1738296340813 7.0726165771484375 14
1738296340815 6.834599494934082 15
1738296340817 6.693559646606445 16
1738296340818 7.150285720825195 17
1738296340819 7.0882649421691895 18
1738296340821 6.658268451690674 19
1738296340822 6.225790500640869 20
1738296340823 5.843754768371582 21
1738296340824 5.968682765960693 22
1738296340825 5.505634307861328 23
1738296340827 5.118974685668945 24
1738296340828 5.590960502624512 25
1738296340829 5.2810444831848145 26
1738296340830 5.192590713500977 27
1738296340832 5.060180187225342 28
1738296340833 4.798328399658203 29
1738296340835 4.664821147918701 30
1738296340836 4.724623680114746 31
1738296340837 4.999058723449707 32
1738296340838 4.813325881958008 33
1738296340839 4.515472888946533 34
1738296340841 4.441730499267578 35
1738296340842 4.259528160095215 36
1738296340843 4.256874084472656 37
1738296340844 4.064388751983643 38
1738296340845 3.9697256088256836 39
1738296340847 3.7309093475341797 40
1738296340848 3.718282461166382 41
1738296340849 3.6964118480682373 42
1738296340850 3.727818012237549 43
1738296340852 3.577026128768921 44
1738296340853 3.605574131011963 45
1738296340854 3.4804036617279053 46
1738296340855 3.4444634914398193 47
1738296340856 3.3830654621124268 48
1738296340857 3.351483106613159 49
1738296340859 3.2840158939361572 50
1738296340860 3.2780203819274902 51
1738296340861 3.2102108001708984 52
1738296340862 3.2424581050872803 53
1738296340863 3.2071948051452637 54
1738296340865 3.2459981441497803 55
1738296340866 3.1822266578674316 56
1738296340867 3.1273717880249023 57
1738296340868 3.103700637817383 58
1738296340869 3.1229751110076904 59
1738296340870 3.057847261428833 60
1738296340872 3.065065622329712 61
1738296340873 3.0596368312835693 62
1738296340874 3.0229763984680176 63
1738296340875 3.0496325492858887 64
1738296340876 2.9939215183258057 65
1738296340877 3.0542333126068115 66
1738296340879 2.9526305198669434 67
1738296340880 3.0256218910217285 68
1738296340881 2.983945846557617 69
1738296340882 3.005849599838257 70
1738296340883 2.959491014480591 71
1738296340884 2.955569267272949 72
1738296340885 2.940396785736084 73
