1738296340795 0.3089062571525574 0
1738296340796 0.3633984327316284 1
1738296340797 0.4236718714237213 2
1738296340799 0.4640234410762787 3
1738296340800 0.5044531226158142 4
1738296340801 0.5254687666893005 5
1738296340803 0.5441796779632568 6
1738296340804 0.5687890648841858 7
1738296340806 0.5669140815734863 8
1738296340807 0.5813281536102295 9
1738296340809 0.5859375 10
1738296340810 0.5892187356948853 11
1738296340811 0.591601550579071 12
1738296340812 0.6030077934265137 13
1738296340813 0.6039843559265137 14
1738296340815 0.6115624904632568 15
1738296340817 0.6146875023841858 16
1738296340818 0.6221484541893005 17
1738296340819 0.6167187690734863 18
1738296340821 0.6328906416893005 19
1738296340822 0.6210156083106995 20
1738296340823 0.6339452862739563 21
1738296340824 0.6348046660423279 22
1738296340825 0.637890636920929 23
1738296340827 0.6328125 24
1738296340828 0.6378515362739563 25
1738296340829 0.6434375047683716 26
1738296340830 0.638671875 27
1738296340832 0.639453113079071 28
1738296340833 0.6461718678474426 29
1738296340835 0.6483984589576721 30
1738296340836 0.6428906321525574 31
1738296340837 0.6489062309265137 32
1738296340838 0.6442968845367432 33
1738296340839 0.6477734446525574 34
1738296340841 0.6441406011581421 35
1738296340842 0.6545703411102295 36
1738296340843 0.6457812786102295 37
1738296340844 0.6485937237739563 38
1738296340845 0.6566406488418579 39
1738296340847 0.6586718559265137 40
1738296340848 0.664257824420929 41
1738296340849 0.658984363079071 42
1738296340850 0.6551952958106995 43
1738296340852 0.6566406488418579 44
1738296340853 0.6524218916893005 45
1738296340854 0.6602734327316284 46
1738296340855 0.6610937714576721 47
1738296340856 0.668164074420929 48
1738296340857 0.6628124713897705 49
1738296340859 0.6680859327316284 50
1738296340860 0.6594531536102295 51
1738296340861 0.6653906106948853 52
1738296340862 0.6665234565734863 53
1738296340863 0.6650000214576721 54
1738296340865 0.6644140481948853 55
1738296340866 0.6644531488418579 56
1738296340867 0.6633594036102295 57
1738296340868 0.6678515672683716 58
1738296340869 0.6613671779632568 59
1738296340870 0.6657812595367432 60
1738296340872 0.6654687523841858 61
1738296340873 0.6612109541893005 62
1738296340874 0.6608593463897705 63
1738296340875 0.664257824420929 64
1738296340876 0.6727343797683716 65
1738296340877 0.654296875 66
1738296340879 0.6647265553474426 67
1738296340880 0.6638281345367432 68
1738296340881 0.6696484088897705 69
1738296340882 0.6584374904632568 70
1738296340883 0.6703515648841858 71
1738296340884 0.6666796803474426 72
1738296340885 0.6710546612739563 73
