1738444984711 2.4196815490722656 0
1738444984714 7.171998500823975 1
1738444984717 19.4962100982666 2
1738444984720 2.6994359493255615 3
1738444984722 2.060408592224121 4
1738444984725 2.001535415649414 5
1738444984726 1.990484356880188 6
1738444984728 2.0298380851745605 7
1738444984730 2.1433005332946777 8
1738444984733 1.9511357545852661 9
1738444984735 1.911708950996399 10
1738444984736 1.9280896186828613 11
1738444984737 1.9306846857070923 12
1738444984738 1.942926287651062 13
1738444984740 1.9324814081192017 14
1738444984741 1.9643038511276245 15
1738444984742 1.9368629455566406 16
1738444984743 1.9841073751449585 17
1738444984745 1.99098539352417 18
1738444984747 2.008833885192871 19
1738444984749 1.982895016670227 20
1738444984751 2.0309219360351562 21
1738444984752 2.0606186389923096 22
1738444984754 2.0255377292633057 23
1738444984755 2.0870940685272217 24
1738444984756 2.125387191772461 25
1738444984757 2.1348161697387695 26
1738444984759 2.1853508949279785 27
1738444984760 2.258033514022827 28
1738444984761 2.3493146896362305 29
1738444984762 134.30068969726562 30
1738444984764 62.736228942871094 31
1738444984765 8.177167892456055 32
1738444984767 4.382567882537842 33
1738444984768 3.2120132446289062 34
1738444984769 2.735513687133789 35
1738444984771 2.530784845352173 36
1738444984772 2.411320447921753 37
1738444984773 2.3075995445251465 38
1738444984774 4.803150177001953 39
1738444984775 3.7486603260040283 40
1738444984777 2.249716281890869 41
1738444984778 2.4621033668518066 42
1738444984779 5.844299793243408 43
1738444984781 2.7529842853546143 44
1738444984783 2.0363571643829346 45
1738444984785 2.208955764770508 46
1738444984786 2.2527759075164795 47
1738444984788 2.1811180114746094 48
1738444984789 2.294217586517334 49
1738444984790 2.5988478660583496 50
1738444984791 1.948988676071167 51
1738444984793 1.9298099279403687 52
1738444984794 1.9506921768188477 53
1738444984795 1.946306586265564 54
1738444984797 1.929746150970459 55
1738444984798 1.9266178607940674 56
1738444984800 1.9260239601135254 57
1738444984801 1.9138684272766113 58
1738444984802 1.980690360069275 59
1738444984804 2.233649492263794 60
1738444984805 140.41241455078125 61
1738444984806 16.229310989379883 62
1738444984807 5.398108005523682 63
1738444984809 3.6431543827056885 64
1738444984810 2.973599433898926 65
1738444984811 2.692349433898926 66
1738444984812 2.672994613647461 67
1738444984819 2.597113609313965 68
1738444984820 3.8043770790100098 69
1738444984821 4.782064437866211 70
1738444984823 3.985006332397461 71
1738444984824 2.2901320457458496 72
1738444984825 2.9377822875976562 73
1738444984826 3.099571943283081 74
1738444984827 4.70576286315918 75
1738444984829 2.2704689502716064 76
1738444984832 2.073808193206787 77
1738444984834 2.03772234916687 78
1738444984836 2.250690460205078 79
1738444984838 2.1015758514404297 80
1738444984839 2.0737786293029785 81
1738444984840 2.0926570892333984 82
1738444984841 2.1619369983673096 83
1738444984842 1.962684988975525 84
1738444984844 1.9777779579162598 85
1738444984845 1.9785913228988647 86
1738444984846 1.983817458152771 87
1738444984848 1.9455578327178955 88
1738444984850 1.962114691734314 89
1738444984853 1.9535491466522217 90
1738444984854 1.9766566753387451 91
1738444984856 77.41954803466797 92
1738444984857 89.75045776367188 93
1738444984858 7.832904815673828 94
1738444984859 4.432092189788818 95
1738444984860 3.2387306690216064 96
1738444984861 2.7039825916290283 97
1738444984863 2.4390501976013184 98
1738444984865 2.3652334213256836 99
1738444984867 2.2608776092529297 100
1738444984868 2.2934534549713135 101
1738444984869 2.391711711883545 102
1738444984871 2.33171010017395 103
1738444984872 2.1787407398223877 104
1738444984873 6.033425331115723 105
1738444984874 6.183262348175049 106
1738444984875 2.0457162857055664 107
1738444984876 1.9639297723770142 108
1738444984877 1.9970107078552246 109
1738444984879 1.9997625350952148 110
1738444984881 2.096377372741699 111
1738444984882 2.3099424839019775 112
1738444984884 1.992904782295227 113
1738444984885 1.9056631326675415 114
1738444984887 1.8914991617202759 115
1738444984888 2.050539016723633 116
1738444984889 2.4478964805603027 117
1738444984890 1.9114662408828735 118
1738444984891 1.9055474996566772 119
