1738444984711 0.19425781071186066 0
1738444984714 0.1847265660762787 1
1738444984717 0.16863280534744263 2
1738444984720 0.16898436844348907 3
1738444984722 0.1708984375 4
1738444984725 0.18125000596046448 5
1738444984726 0.18648438155651093 6
1738444984728 0.19007812440395355 7
1738444984730 0.1833203136920929 8
1738444984733 0.1940625011920929 9
1738444984735 0.2117578089237213 10
1738444984736 0.2105078101158142 11
1738444984737 0.2120703160762787 12
1738444984738 0.2253125011920929 13
1738444984740 0.2212499976158142 14
1738444984741 0.21925781667232513 15
1738444984742 0.2228125035762787 16
1738444984743 0.22003906965255737 17
1738444984745 0.23007813096046448 18
1738444984747 0.22230468690395355 19
1738444984749 0.2127343714237213 20
1738444984751 0.21843749284744263 21
1738444984752 0.21210937201976776 22
1738444984754 0.2119140625 23
1738444984755 0.21339844167232513 24
1738444984756 0.2045312523841858 25
1738444984757 0.20222656428813934 26
1738444984759 0.1943359375 27
1738444984760 0.19792968034744263 28
1738444984761 0.18324218690395355 29
1738444984762 0.1706250011920929 30
1738444984764 0.1685156226158142 31
1738444984765 0.16191406548023224 32
1738444984767 0.16816405951976776 33
1738444984768 0.17542968690395355 34
1738444984769 0.18105468153953552 35
1738444984771 0.17039062082767487 36
1738444984772 0.17734375596046448 37
1738444984773 0.1794140636920929 38
1738444984774 0.1657421886920929 39
1738444984775 0.17484374344348907 40
1738444984777 0.17140625417232513 41
1738444984778 0.17058593034744263 42
1738444984779 0.16664062440395355 43
1738444984781 0.1686718761920929 44
1738444984783 0.1694921851158142 45
1738444984785 0.1696484386920929 46
1738444984786 0.16933593153953552 47
1738444984788 0.1658593714237213 48
1738444984789 0.17054687440395355 49
1738444984790 0.17289061844348907 50
1738444984791 0.18117187917232513 51
1738444984793 0.18683594465255737 52
1738444984794 0.17597655951976776 53
1738444984795 0.17667968571186066 54
1738444984797 0.1922265589237213 55
1738444984798 0.18953125178813934 56
1738444984800 0.19410155713558197 57
1738444984801 0.1950390636920929 58
1738444984802 0.1951562464237213 59
1738444984804 0.19191406667232513 60
1738444984805 0.17218750715255737 61
1738444984806 0.1697656214237213 62
1738444984807 0.16636718809604645 63
1738444984809 0.1686718761920929 64
1738444984810 0.16660156846046448 65
1738444984811 0.17265625298023224 66
1738444984812 0.17082031071186066 67
1738444984819 0.16847656667232513 68
1738444984820 0.16738280653953552 69
1738444984821 0.17218750715255737 70
1738444984823 0.17050781846046448 71
1738444984824 0.17042969167232513 72
1738444984825 0.17023438215255737 73
1738444984826 0.16625000536441803 74
1738444984827 0.16417968273162842 75
1738444984829 0.16554687917232513 76
1738444984832 0.17308594286441803 77
1738444984834 0.17058593034744263 78
1738444984836 0.16808593273162842 79
1738444984838 0.17097656428813934 80
1738444984839 0.1710546910762787 81
1738444984840 0.16734375059604645 82
1738444984841 0.1674218773841858 83
1738444984842 0.17527343332767487 84
1738444984844 0.17527343332767487 85
1738444984845 0.18453125655651093 86
1738444984846 0.1889062523841858 87
1738444984848 0.19128906726837158 88
1738444984850 0.1930859386920929 89
1738444984853 0.1863671839237213 90
1738444984854 0.19453124701976776 91
1738444984856 0.17824219167232513 92
1738444984857 0.17093749344348907 93
1738444984858 0.1657421886920929 94
1738444984859 0.1696484386920929 95
1738444984860 0.1720312535762787 96
1738444984861 0.1636328101158142 97
1738444984863 0.16855469346046448 98
1738444984865 0.16820313036441803 99
1738444984867 0.1667187511920929 100
1738444984868 0.17199218273162842 101
1738444984869 0.16902343928813934 102
1738444984871 0.16820313036441803 103
1738444984872 0.1674218773841858 104
1738444984873 0.16695313155651093 105
1738444984874 0.17265625298023224 106
1738444984875 0.17164061963558197 107
1738444984876 0.1693750023841858 108
1738444984877 0.1763281226158142 109
1738444984879 0.17113281786441803 110
1738444984881 0.1759375035762787 111
1738444984882 0.16828125715255737 112
1738444984884 0.17445312440395355 113
1738444984885 0.1850000023841858 114
1738444984887 0.1834374964237213 115
1738444984888 0.1792578101158142 116
1738444984889 0.16796875 117
1738444984890 0.1708984375 118
1738444984891 0.17683593928813934 119
