1739064639379 1.2051364183425903 0
1739064639381 0.9554511308670044 1
1739064639382 0.8521502614021301 2
1739064639385 0.7856516242027283 3
1739064639387 0.7424683570861816 4
1739064639389 0.7230639457702637 5
1739064639392 0.6772069334983826 6
1739064639394 0.6744815707206726 7
1739064639396 0.651476263999939 8
1739064639398 0.6400995850563049 9
1739064639401 0.6380442380905151 10
1739064639404 0.6225020289421082 11
1739064639406 0.608253538608551 12
1739064639408 0.6135993003845215 13
1739064639410 0.5855535268783569 14
1739064639413 0.5937705636024475 15
1739064639415 0.5739335417747498 16
1739064639418 0.5749348998069763 17
1739064639419 0.5703380703926086 18
1739064639421 0.5690338611602783 19
1739064639422 0.5731644034385681 20
1739064639423 0.5434542298316956 21
1739064639425 0.547511875629425 22
1739064639426 0.5401198863983154 23
1739064639427 0.5467033982276917 24
1739064639429 0.5353391170501709 25
1739064639431 0.5398398041725159 26
1739064639433 0.5302346348762512 27
1739064639435 0.5277946591377258 28
1739064639436 0.5343978404998779 29
1739064639437 0.520196259021759 30
1739064639438 0.5128043293952942 31
1739064639439 0.5111942291259766 32
1739064639440 0.5130329132080078 33
1739064639441 0.5119796395301819 34
1739064639443 0.5056474804878235 35
1739064639444 0.5066844820976257 36
1739064639445 0.49641135334968567 37
1739064639447 0.5022740364074707 38
1739064639449 0.4979383945465088 39
1739064639450 0.4954134225845337 40
1739064639452 0.4973328113555908 41
1739064639453 0.49654990434646606 42
1739064639454 0.48723727464675903 43
1739064639456 0.48241496086120605 44
1739064639458 0.4755202531814575 45
1739064639459 0.5022261738777161 46
1739064639461 0.4748278558254242 47
1739064639462 0.4835590124130249 48
1739064639465 0.4797649085521698 49
1739064639466 0.477075457572937 50
1739064639468 0.4812631905078888 51
1739064639469 0.46916869282722473 52
1739064639470 0.4744090139865875 53
1739064639471 0.48041343688964844 54
1739064639472 0.47239768505096436 55
1739064639473 0.4732424020767212 56
1739064639474 0.46358150243759155 57
1739064639476 0.46014299988746643 58
1739064639477 0.46468889713287354 59
1739064639478 0.4776113033294678 60
1739064639479 0.44680604338645935 61
1739064639481 0.4594070017337799 62
1739064639483 0.4518764913082123 63
1739064639485 0.45705509185791016 64
1739064639487 0.45173874497413635 65
1739064639488 0.45400986075401306 66
1739064639490 0.45969051122665405 67
1739064639492 0.45490607619285583 68
1739064639493 0.4516635239124298 69
1739064639495 0.4465188682079315 70
1739064639497 0.44793596863746643 71
1739064639499 0.45669007301330566 72
1739064639500 0.439249724149704 73
1739064639501 0.4442451000213623 74
1739064639502 0.451736181974411 75
1739064639504 0.4348045587539673 76
1739064639506 0.4408876895904541 77
1739064639507 0.4445224702358246 78
1739064639508 0.4365916848182678 79
1739064639509 0.438178151845932 80
1739064639511 0.43402644991874695 81
1739064639513 0.4463498592376709 82
1739064639515 0.4397727847099304 83
1739064639516 0.43623435497283936 84
1739064639518 0.4335229992866516 85
1739064639520 0.4341340959072113 86
1739064639522 0.4376027584075928 87
1739064639523 0.4346899092197418 88
1739064639524 0.43809208273887634 89
1739064639526 0.4266393184661865 90
1739064639527 0.42894402146339417 91
1739064639528 0.4344802498817444 92
1739064639529 0.4234580099582672 93
1739064639531 0.4284161329269409 94
1739064639533 0.420923113822937 95
1739064639534 0.4321276545524597 96
1739064639536 0.43206655979156494 97
1739064639537 0.42783477902412415 98
1739064639539 0.4244840145111084 99
1739064639541 0.4240836203098297 100
1739064639543 0.42111724615097046 101
1739064639545 0.42830780148506165 102
1739064639546 0.42130154371261597 103
1739064639548 0.4283742904663086 104
1739064639549 0.42513149976730347 105
1739064639551 0.42303961515426636 106
1739064639553 0.4136315882205963 107
1739064639556 0.4242720901966095 108
1739064639558 0.42344674468040466 109
1739064639559 0.40988877415657043 110
1739064639560 0.4201364815235138 111
1739064639562 0.41967013478279114 112
1739064639564 0.4171747863292694 113
1739064639566 0.4165627360343933 114
1739064639568 0.40737032890319824 115
1739064639569 0.4030526876449585 116
1739064639571 0.4159371256828308 117
1739064639572 0.4155709445476532 118
1739064639573 0.41360145807266235 119
