1739064639379 0.5512890815734863 0
1739064639381 0.6626562476158142 1
1739064639382 0.705273449420929 2
1739064639385 0.7292578220367432 3
1739064639387 0.7463672161102295 4
1739064639389 0.7534765601158142 5
1739064639392 0.7689453363418579 6
1739064639394 0.7746875286102295 7
1739064639396 0.7776952981948853 8
1739064639398 0.7837499976158142 9
1739064639401 0.7874609231948853 10
1739064639404 0.7922265529632568 11
1739064639406 0.7963671684265137 12
1739064639408 0.7913281321525574 13
1739064639410 0.8051171898841858 14
1739064639413 0.8013671636581421 15
1739064639415 0.8089062571525574 16
1739064639418 0.8078515529632568 17
1739064639419 0.8101562261581421 18
1739064639421 0.8082812428474426 19
1739064639422 0.8084375262260437 20
1739064639423 0.8182421922683716 21
1739064639425 0.8183203339576721 22
1739064639426 0.8194921612739563 23
1739064639427 0.8197265863418579 24
1739064639429 0.819140613079071 25
1739064639431 0.8209765553474426 26
1739064639433 0.8227734565734863 27
1739064639435 0.8248046636581421 28
1739064639436 0.8250781297683716 29
1739064639437 0.831835925579071 30
1739064639438 0.828320324420929 31
1739064639439 0.8283984661102295 32
1739064639440 0.830273449420929 33
1739064639441 0.830273449420929 34
1739064639443 0.8316797018051147 35
1739064639444 0.8348827958106995 36
1739064639445 0.8368750214576721 37
1739064639447 0.8369922041893005 38
1739064639449 0.8369922041893005 39
1739064639450 0.8377344012260437 40
1739064639452 0.8360546827316284 41
1739064639453 0.8385156393051147 42
1739064639454 0.8383593559265137 43
1739064639456 0.8408203125 44
1739064639458 0.8431640863418579 45
1739064639459 0.8366796970367432 46
1739064639461 0.8431249856948853 47
1739064639462 0.8418359160423279 48
1739064639465 0.8430469036102295 49
1739064639466 0.8442968726158142 50
1739064639468 0.8439062237739563 51
1739064639469 0.8466015458106995 52
1739064639470 0.8443359136581421 53
1739064639471 0.843554675579071 54
1739064639472 0.8463281393051147 55
1739064639473 0.8449609279632568 56
1739064639474 0.8475781083106995 57
1739064639476 0.8498437404632568 58
1739064639477 0.8481249809265137 59
1739064639478 0.8429296612739563 60
1739064639479 0.8525390625 61
1739064639481 0.8508594036102295 62
1739064639483 0.8525390625 63
1739064639485 0.8519531488418579 64
1739064639487 0.8533594012260437 65
1739064639488 0.8515625 66
1739064639490 0.8511718511581421 67
1739064639492 0.8520312309265137 68
1739064639493 0.850781261920929 69
1739064639495 0.8504297137260437 70
1739064639497 0.8547265529632568 71
1739064639499 0.8482421636581421 72
1739064639500 0.8551562428474426 73
1739064639501 0.8549218773841858 74
1739064639502 0.8526952862739563 75
1739064639504 0.8553515672683716 76
1739064639506 0.8533984422683716 77
1739064639507 0.853710949420929 78
1739064639508 0.8567578196525574 79
1739064639509 0.8550781011581421 80
1739064639511 0.8610546588897705 81
1739064639513 0.8520703315734863 82
1739064639515 0.857226550579071 83
1739064639516 0.8585546612739563 84
1739064639518 0.8595312237739563 85
1739064639520 0.8581640720367432 86
1739064639522 0.8560546636581421 87
1739064639523 0.8591406345367432 88
1739064639524 0.8579297065734863 89
1739064639526 0.8615624904632568 90
1739064639527 0.8617578148841858 91
1739064639528 0.8581640720367432 92
1739064639529 0.8616015911102295 93
1739064639531 0.859179675579071 94
1739064639533 0.8623828291893005 95
1739064639534 0.8588671684265137 96
1739064639536 0.8598437309265137 97
1739064639537 0.8628125190734863 98
1739064639539 0.8635156154632568 99
1739064639541 0.8629297018051147 100
1739064639543 0.8635937571525574 101
1739064639545 0.8609765768051147 102
1739064639546 0.86328125 103
1739064639548 0.8602734208106995 104
1739064639549 0.8624609112739563 105
1739064639551 0.8628906011581421 106
1739064639553 0.8651953339576721 107
1739064639556 0.8631250262260437 108
1739064639558 0.863476574420929 109
1739064639559 0.8654687404632568 110
1739064639560 0.8634374737739563 111
1739064639562 0.8631250262260437 112
1739064639564 0.8641015887260437 113
1739064639566 0.8633202910423279 114
1739064639568 0.8669140338897705 115
1739064639569 0.8691015839576721 116
1739064639571 0.8647656440734863 117
1739064639572 0.8657422065734863 118
1739064639573 0.8649609088897705 119
