1738447212337 1.599371075630188 0
1738447212341 1.3631075620651245 1
1738447212344 1.2960048913955688 2
1738447212349 1.267276406288147 3
1738447212353 1.23627769947052 4
1738447212357 1.2150921821594238 5
1738447212361 1.205499529838562 6
1738447212365 1.182945728302002 7
1738447212369 1.1697921752929688 8
1738447212373 1.1546605825424194 9
1738447212376 1.15914785861969 10
1738447212381 1.1441854238510132 11
1738447212385 1.12860906124115 12
1738447212389 1.1261521577835083 13
1738447212393 1.1285516023635864 14
1738447212398 1.1090121269226074 15
1738447212401 1.1136279106140137 16
1738447212405 1.1135441064834595 17
1738447212409 1.1042348146438599 18
1738447212412 1.097062110900879 19
1738447212416 1.0973435640335083 20
1738447212419 1.1017029285430908 21
1738447212422 1.083103060722351 22
1738447212426 1.08717679977417 23
1738447212430 1.0945460796356201 24
1738447212433 1.0868812799453735 25
1738447212435 1.0717540979385376 26
1738447212438 1.0745384693145752 27
1738447212441 1.076996088027954 28
1738447212445 1.0720032453536987 29
1738447212449 1.0692646503448486 30
1738447212452 1.0692815780639648 31
1738447212455 1.0673871040344238 32
1738447212459 1.0604265928268433 33
1738447212462 1.061008334159851 34
1738447212465 1.061009407043457 35
1738447212468 1.0570701360702515 36
1738447212471 1.0486043691635132 37
1738447212474 1.0590788125991821 38
1738447212477 1.05647611618042 39
1738447212481 1.0631918907165527 40
1738447212484 1.0441434383392334 41
1738447212488 1.0510534048080444 42
1738447212491 1.0431625843048096 43
1738447212495 1.0505988597869873 44
1738447212498 1.04356050491333 45
1738447212501 1.0386852025985718 46
1738447212504 1.0407146215438843 47
1738447212508 1.0498238801956177 48
1738447212511 1.0487256050109863 49
1738447212514 1.0322697162628174 50
1738447212516 1.0530563592910767 51
1738447212519 1.0396162271499634 52
1738447212522 1.0298259258270264 53
1738447212526 1.0396767854690552 54
1738447212529 1.0336099863052368 55
1738447212532 1.0385510921478271 56
1738447212535 1.023544192314148 57
1738447212538 1.0365021228790283 58
1738447212541 1.0376304388046265 59
1738447212544 1.0311983823776245 60
1738447212548 1.0342048406600952 61
1738447212552 1.0351110696792603 62
1738447212555 1.0274887084960938 63
1738447212558 1.0353814363479614 64
1738447212561 1.0180680751800537 65
1738447212565 1.0338460206985474 66
1738447212568 1.027675986289978 67
1738447212571 1.0262551307678223 68
1738447212574 1.0252643823623657 69
1738447212578 1.0222125053405762 70
1738447212581 1.0156865119934082 71
1738447212585 1.0219786167144775 72
1738447212588 1.0208780765533447 73
1738447212591 1.026781439781189 74
1738447212595 1.0260683298110962 75
1738447212599 1.0117415189743042 76
1738447212603 1.0103936195373535 77
1738447212606 1.0222835540771484 78
1738447212610 1.0173616409301758 79
1738447212613 1.008899211883545 80
1738447212617 1.0230317115783691 81
1738447212621 1.0142384767532349 82
1738447212623 1.016740322113037 83
1738447212627 1.0145641565322876 84
1738447212630 1.0121076107025146 85
1738447212633 1.0069725513458252 86
1738447212636 1.012811541557312 87
1738447212639 1.0111795663833618 88
1738447212643 1.0069454908370972 89
1738447212646 1.0056068897247314 90
1738447212649 1.002543330192566 91
1738447212652 1.009557843208313 92
1738447212655 1.0096737146377563 93
1738447212658 1.0123289823532104 94
1738447212661 1.0064247846603394 95
1738447212664 1.0019546747207642 96
1738447212667 1.0116338729858398 97
1738447212669 1.0017796754837036 98
1738447212672 0.9893503785133362 99
1738447212674 1.0230016708374023 100
1738447212677 0.9999940991401672 101
1738447212680 1.0045406818389893 102
1738447212683 1.0067788362503052 103
1738447212686 1.0152009725570679 104
1738447212689 0.9895291328430176 105
1738447212691 1.0113916397094727 106
1738447212695 1.0118720531463623 107
1738447212699 0.9940744638442993 108
1738447212703 1.0026262998580933 109
1738447212706 0.994890570640564 110
1738447212710 1.0054926872253418 111
1738447212713 0.9996346235275269 112
1738447212717 1.006327509880066 113
1738447212721 0.9995237588882446 114
1738447212726 1.0069657564163208 115
1738447212730 0.9979651570320129 116
1738447212734 1.009657382965088 117
1738447212737 0.9910956621170044 118
1738447212741 0.9912731051445007 119
