1738447212337 0.35203126072883606 0
1738447212341 0.46773436665534973 1
1738447212344 0.4959374964237213 2
1738447212349 0.514843761920929 3
1738447212353 0.5209765434265137 4
1738447212357 0.5342968702316284 5
1738447212361 0.5412499904632568 6
1738447212365 0.5484374761581421 7
1738447212369 0.5478906035423279 8
1738447212373 0.560742199420929 9
1738447212376 0.557812511920929 10
1738447212381 0.5644140839576721 11
1738447212385 0.5691015720367432 12
1738447212389 0.5755078196525574 13
1738447212393 0.5719921588897705 14
1738447212398 0.5781640410423279 15
1738447212401 0.5730078220367432 16
1738447212405 0.5766406059265137 17
1738447212409 0.5821874737739563 18
1738447212412 0.5842187404632568 19
1738447212416 0.5835546851158142 20
1738447212419 0.5815234184265137 21
1738447212422 0.5858593583106995 22
1738447212426 0.5838671922683716 23
1738447212430 0.5817968845367432 24
1738447212433 0.5874999761581421 25
1738447212435 0.592578113079071 26
1738447212438 0.5892187356948853 27
1738447212441 0.5891796946525574 28
1738447212445 0.5955469012260437 29
1738447212449 0.5961328148841858 30
1738447212452 0.596484363079071 31
1738447212455 0.592578113079071 32
1738447212459 0.5971875190734863 33
1738447212462 0.5983593463897705 34
1738447212465 0.5995312333106995 35
1738447212468 0.6000390648841858 36
1738447212471 0.6025781035423279 37
1738447212474 0.5987499952316284 38
1738447212477 0.6016406416893005 39
1738447212481 0.6012109518051147 40
1738447212484 0.6063281297683716 41
1738447212488 0.6023046970367432 42
1738447212491 0.6055077910423279 43
1738447212495 0.6031640768051147 44
1738447212498 0.6038281321525574 45
1738447212501 0.6060546636581421 46
1738447212504 0.6046484112739563 47
1738447212508 0.6058593988418579 48
1738447212511 0.6038281321525574 49
1738447212514 0.6114843487739563 50
1738447212516 0.6031249761581421 51
1738447212519 0.6051562428474426 52
1738447212522 0.6094531416893005 53
1738447212526 0.6086719036102295 54
1738447212529 0.6102343797683716 55
1738447212532 0.6068359613418579 56
1738447212535 0.6180468797683716 57
1738447212538 0.6067578196525574 58
1738447212541 0.6078515648841858 59
1738447212544 0.6079297065734863 60
1738447212548 0.6083984375 61
1738447212552 0.6098046898841858 62
1738447212555 0.6096875071525574 63
1738447212558 0.6103125214576721 64
1738447212561 0.6150781512260437 65
1738447212565 0.6125781536102295 66
1738447212568 0.6148828268051147 67
1738447212571 0.6144140362739563 68
1738447212574 0.6143359541893005 69
1738447212578 0.6113671660423279 70
1738447212581 0.6180468797683716 71
1738447212585 0.6145312786102295 72
1738447212588 0.6185547113418579 73
1738447212591 0.6138281226158142 74
1738447212595 0.6151171922683716 75
1738447212599 0.6207031011581421 76
1738447212603 0.6211327910423279 77
1738447212606 0.6175000071525574 78
1738447212610 0.6141796708106995 79
1738447212613 0.621874988079071 80
1738447212617 0.6180078387260437 81
1738447212621 0.6186327934265137 82
1738447212623 0.6197656393051147 83
1738447212627 0.6191015839576721 84
1738447212630 0.6193749904632568 85
1738447212633 0.6245703101158142 86
1738447212636 0.6217968463897705 87
1738447212639 0.6190234422683716 88
1738447212643 0.6224218606948853 89
1738447212646 0.6260547041893005 90
1738447212649 0.6274609565734863 91
1738447212652 0.6246874928474426 92
1738447212655 0.6234375238418579 93
1738447212658 0.6253515481948853 94
1738447212661 0.6279296875 95
1738447212664 0.6273828148841858 96
1738447212667 0.6256250143051147 97
1738447212669 0.6264843940734863 98
1738447212672 0.6292577981948853 99
1738447212674 0.6223046779632568 100
1738447212677 0.6262500286102295 101
1738447212680 0.6262500286102295 102
1738447212683 0.6266015768051147 103
1738447212686 0.6230078339576721 104
1738447212689 0.6325390338897705 105
1738447212691 0.6264062523841858 106
1738447212695 0.6248437762260437 107
1738447212699 0.6294140815734863 108
1738447212703 0.6262109279632568 109
1738447212706 0.6333593726158142 110
1738447212710 0.6311328411102295 111
1738447212713 0.6317187547683716 112
1738447212717 0.6259765625 113
1738447212721 0.630664050579071 114
1738447212726 0.6240624785423279 115
1738447212730 0.6304687261581421 116
1738447212734 0.6284375190734863 117
1738447212737 0.6321484446525574 118
1738447212741 0.6381250023841858 119
