1738772539577 4.781728744506836 0
1738772539579 1.7846943140029907 1
1738772539580 1.7562404870986938 2
1738772539581 1.7295112609863281 3
1738772539583 1.6858315467834473 4
1738772539586 1.684594988822937 5
1738772539588 1.638421893119812 6
1738772539590 1.6239198446273804 7
1738772539591 1.612644910812378 8
1738772539592 1.584490180015564 9
1738772539595 1.5839332342147827 10
1738772539596 1.5694494247436523 11
1738772539597 1.55088472366333 12
1738772539599 1.556961178779602 13
1738772539600 1.5410746335983276 14
1738772539601 1.5331684350967407 15
1738772539602 1.550160527229309 16
1738772539604 1.5481657981872559 17
1738772539605 1.5377331972122192 18
1738772539606 1.5122859477996826 19
1738772539607 1.5295578241348267 20
1738772539608 1.5283219814300537 21
1738772539610 1.5216381549835205 22
1738772539611 1.5117449760437012 23
1738772539613 1.518396019935608 24
1738772539614 1.5331010818481445 25
1738772539615 1.505552053451538 26
1738772539616 1.515196681022644 27
1738772539617 1.497438907623291 28
1738772539619 1.5031510591506958 29
1738772539620 1.504614233970642 30
1738772539621 1.5108126401901245 31
1738772539622 1.5114842653274536 32
1738772539624 1.5239884853363037 33
1738772539625 1.5282394886016846 34
1738772539626 1.5183117389678955 35
1738772539627 1.4980859756469727 36
1738772539628 1.4880081415176392 37
1738772539630 1.509824514389038 38
1738772539631 1.4996752738952637 39
1738772539632 1.5073376893997192 40
1738772539634 1.510553002357483 41
1738772539635 1.4973297119140625 42
1738772539636 1.520356297492981 43
1738772539637 1.515700340270996 44
1738772539638 1.4865264892578125 45
1738772539640 1.5042004585266113 46
1738772539641 1.500586986541748 47
1738772539642 1.4986463785171509 48
1738772539643 1.5056172609329224 49
1738772539644 1.49839186668396 50
1738772539645 1.503893256187439 51
1738772539647 1.509297490119934 52
1738772539648 1.5030808448791504 53
1738772539649 1.487573266029358 54
1738772539650 1.5081182718276978 55
1738772539651 1.490318775177002 56
1738772539653 1.4975035190582275 57
1738772539654 1.505793571472168 58
1738772539655 1.4920094013214111 59
1738772539656 1.493693232536316 60
1738772539657 1.4947292804718018 61
1738772539658 1.4895949363708496 62
1738772539660 1.496790885925293 63
1738772539661 1.515263557434082 64
1738772539662 1.4869565963745117 65
1738772539663 1.4908480644226074 66
1738772539664 1.4836043119430542 67
1738772539665 1.5024595260620117 68
1738772539667 1.5112422704696655 69
1738772539668 1.4923709630966187 70
1738772539669 1.4985570907592773 71
1738772539670 1.491216778755188 72
1738772539671 1.5103739500045776 73
1738772539673 1.493302583694458 74
1738772539674 1.4904961585998535 75
1738772539675 1.5038238763809204 76
1738772539676 1.4897891283035278 77
1738772539677 1.5095696449279785 78
1738772539679 1.5059959888458252 79
1738772539680 1.4899951219558716 80
1738772539681 1.4910005331039429 81
1738772539682 1.4970855712890625 82
1738772539683 1.5037829875946045 83
1738772539684 1.4951726198196411 84
1738772539686 1.4854354858398438 85
1738772539687 1.492823839187622 86
1738772539688 1.484626054763794 87
1738772539689 1.508019208908081 88
1738772539690 1.4992526769638062 89
1738772539692 1.495094895362854 90
1738772539693 1.4677621126174927 91
1738772539694 1.4889391660690308 92
1738772539695 1.4960745573043823 93
1738772539696 1.4873685836791992 94
1738772539698 1.489937424659729 95
1738772539699 1.4788212776184082 96
1738772539700 1.4835739135742188 97
1738772539701 1.498383641242981 98
1738772539703 1.4776809215545654 99
1738772539705 1.4986131191253662 100
1738772539706 1.4910162687301636 101
1738772539707 1.4978184700012207 102
1738772539708 1.5067412853240967 103
1738772539709 1.4937045574188232 104
1738772539711 1.4810291528701782 105
1738772539712 1.5041276216506958 106
1738772539713 1.4855732917785645 107
1738772539714 1.4953303337097168 108
1738772539715 1.4916599988937378 109
1738772539717 1.5006495714187622 110
1738772539718 1.4949771165847778 111
1738772539720 1.5011216402053833 112
1738772539722 1.491531252861023 113
1738772539724 1.4834500551223755 114
1738772539726 1.468388319015503 115
1738772539727 1.4833296537399292 116
1738772539728 1.4886064529418945 117
1738772539730 1.4923210144042969 118
1738772539731 1.4774785041809082 119
