1738772539577 0.41066405177116394 0
1738772539579 0.4444921910762787 1
1738772539580 0.44972655177116394 2
1738772539581 0.44261717796325684 3
1738772539583 0.45875000953674316 4
1738772539586 0.45140624046325684 5
1738772539588 0.4644140601158142 6
1738772539590 0.47117188572883606 7
1738772539591 0.47062501311302185 8
1738772539592 0.47089844942092896 9
1738772539595 0.4686328172683716 10
1738772539596 0.4694531261920929 11
1738772539597 0.4721093773841858 12
1738772539599 0.47203123569488525 13
1738772539600 0.47582030296325684 14
1738772539601 0.4764453172683716 15
1738772539602 0.4630468785762787 16
1738772539604 0.4680859446525574 17
1738772539605 0.47648438811302185 18
1738772539606 0.48527345061302185 19
1738772539607 0.47257813811302185 20
1738772539608 0.4710156321525574 21
1738772539610 0.47707030177116394 22
1738772539611 0.47730469703674316 23
1738772539613 0.48140624165534973 24
1738772539614 0.4735156297683716 25
1738772539615 0.48246094584465027 26
1738772539616 0.4801953136920929 27
1738772539617 0.48445311188697815 28
1738772539619 0.48374998569488525 29
1738772539620 0.484375 30
1738772539621 0.4757031202316284 31
1738772539622 0.47828125953674316 32
1738772539624 0.47749999165534973 33
1738772539625 0.47441405057907104 34
1738772539626 0.4791015684604645 35
1738772539627 0.4807812571525574 36
1738772539628 0.4860156178474426 37
1738772539630 0.4811328053474426 38
1738772539631 0.48441407084465027 39
1738772539632 0.4758593738079071 40
1738772539634 0.4771484434604645 41
1738772539635 0.47746095061302185 42
1738772539636 0.4810546934604645 43
1738772539637 0.48023438453674316 44
1738772539638 0.4868749976158142 45
1738772539640 0.48316407203674316 46
1738772539641 0.4796093702316284 47
1738772539642 0.4778515696525574 48
1738772539643 0.4810546934604645 49
1738772539644 0.4806250035762787 50
1738772539645 0.4758593738079071 51
1738772539647 0.47996094822883606 52
1738772539648 0.4768359363079071 53
1738772539649 0.48363280296325684 54
1738772539650 0.4803124964237213 55
1738772539651 0.4848046898841858 56
1738772539653 0.4826953113079071 57
1738772539654 0.47468748688697815 58
1738772539655 0.4789453148841858 59
1738772539656 0.4875781238079071 60
1738772539657 0.47855469584465027 61
1738772539658 0.48374998569488525 62
1738772539660 0.48484376072883606 63
1738772539661 0.4768750071525574 64
1738772539662 0.48136720061302185 65
1738772539663 0.48152342438697815 66
1738772539664 0.48374998569488525 67
1738772539665 0.48527345061302185 68
1738772539667 0.4789062440395355 69
1738772539668 0.4832421839237213 70
1738772539669 0.48921874165534973 71
1738772539670 0.4822656214237213 72
1738772539671 0.47828125953674316 73
1738772539673 0.48460936546325684 74
1738772539674 0.4836718738079071 75
1738772539675 0.4848046898841858 76
1738772539676 0.4885546863079071 77
1738772539677 0.47999998927116394 78
1738772539679 0.48414063453674316 79
1738772539680 0.48656249046325684 80
1738772539681 0.48167967796325684 81
1738772539682 0.49140626192092896 82
1738772539683 0.48277342319488525 83
1738772539684 0.48656249046325684 84
1738772539686 0.48847657442092896 85
1738772539687 0.48261719942092896 86
1738772539688 0.4820312559604645 87
1738772539689 0.48335936665534973 88
1738772539690 0.47789061069488525 89
1738772539692 0.4858984351158142 90
1738772539693 0.48976561427116394 91
1738772539694 0.48527345061302185 92
1738772539695 0.4807421863079071 93
1738772539696 0.48445311188697815 94
1738772539698 0.48558592796325684 95
1738772539699 0.48832032084465027 96
1738772539700 0.4850781261920929 97
1738772539701 0.4753125011920929 98
1738772539703 0.4921875 99
1738772539705 0.4844921827316284 100
1738772539706 0.48531249165534973 101
1738772539707 0.48429688811302185 102
1738772539708 0.4764062464237213 103
1738772539709 0.48343750834465027 104
1738772539711 0.48558592796325684 105
1738772539712 0.48070311546325684 106
1738772539713 0.48613280057907104 107
1738772539714 0.4848046898841858 108
1738772539715 0.4827343821525574 109
1738772539717 0.47925782203674316 110
1738772539718 0.48054686188697815 111
1738772539720 0.4772265553474426 112
1738772539722 0.4879687428474426 113
1738772539724 0.48390623927116394 114
1738772539726 0.4880078136920929 115
1738772539727 0.4840624928474426 116
1738772539728 0.4860546886920929 117
1738772539730 0.48726561665534973 118
1738772539731 0.48460936546325684 119
