1738721822265 1.9314144849777222 0
1738721822267 1.3409852981567383 1
1738721822269 1.1079857349395752 2
1738721822270 1.036556363105774 3
1738721822272 0.991716206073761 4
1738721822273 0.9753502607345581 5
1738721822275 0.9691805243492126 6
1738721822277 0.9781603813171387 7
1738721822279 0.9664532542228699 8
1738721822281 0.9529255628585815 9
1738721822283 0.9784668684005737 10
1738721822285 0.9679308533668518 11
1738721822287 0.9625704884529114 12
1738721822289 0.9251911044120789 13
1738721822292 0.9497318863868713 14
1738721822294 0.9093555212020874 15
1738721822296 0.9097630381584167 16
1738721822298 0.8823757767677307 17
1738721822300 0.8759717345237732 18
1738721822302 0.8414159417152405 19
1738721822305 0.8386940956115723 20
1738721822307 0.824817419052124 21
1738721822309 0.8193514347076416 22
1738721822311 0.7963415384292603 23
1738721822313 0.7929666638374329 24
1738721822315 0.7900705933570862 25
1738721822317 0.7655906081199646 26
1738721822319 0.7732506394386292 27
1738721822321 0.7522270679473877 28
1738721822323 0.7476071715354919 29
1738721822325 0.7256036400794983 30
1738721822327 0.7537282705307007 31
1738721822329 0.7168662548065186 32
1738721822331 0.7069119215011597 33
1738721822333 0.7258873581886292 34
1738721822336 0.7140334844589233 35
1738721822338 0.7098799347877502 36
1738721822340 0.704990029335022 37
1738721822342 0.6883334517478943 38
1738721822343 0.6910053491592407 39
1738721822345 0.6842697262763977 40
1738721822347 0.6830398440361023 41
1738721822349 0.6830631494522095 42
1738721822351 0.6579902172088623 43
1738721822353 0.6846568584442139 44
1738721822355 0.6879521012306213 45
1738721822357 0.674040675163269 46
1738721822360 0.6637957096099854 47
1738721822362 0.6647431254386902 48
1738721822364 0.6576035022735596 49
1738721822366 0.6637731790542603 50
