1738721822265 0.4426953196525574 0
1738721822267 0.6566406488418579 1
1738721822269 0.7533593773841858 2
1738721822270 0.7943359613418579 3
1738721822272 0.8170312643051147 4
1738721822273 0.8317968845367432 5
1738721822275 0.839062511920929 6
1738721822277 0.8441406488418579 7
1738721822279 0.8486718535423279 8
1738721822281 0.8558593988418579 9
1738721822283 0.8536328077316284 10
1738721822285 0.8567578196525574 11
1738721822287 0.859570324420929 12
1738721822289 0.8666406273841858 13
1738721822292 0.8591015338897705 14
1738721822294 0.8687109351158142 15
1738721822296 0.8675781488418579 16
1738721822298 0.8704687356948853 17
1738721822300 0.8726171851158142 18
1738721822302 0.8774218559265137 19
1738721822305 0.8742578029632568 20
1738721822307 0.8783984184265137 21
1738721822309 0.877148449420929 22
1738721822311 0.8833203315734863 23
1738721822313 0.8818359375 24
1738721822315 0.8814843893051147 25
1738721822317 0.8883203268051147 26
1738721822319 0.8864062428474426 27
1738721822321 0.8885937333106995 28
1738721822323 0.8901171684265137 29
1738721822325 0.8953906297683716 30
1738721822327 0.8868359327316284 31
1738721822329 0.8941406011581421 32
1738721822331 0.8950390815734863 33
1738721822333 0.888671875 34
1738721822336 0.8934375047683716 35
1738721822338 0.89453125 36
1738721822340 0.8939062356948853 37
1738721822342 0.8958984613418579 38
1738721822343 0.8941406011581421 39
1738721822345 0.8951953053474426 40
1738721822347 0.8967187404632568 41
1738721822349 0.8965625166893005 42
1738721822351 0.9012109637260437 43
1738721822353 0.897265613079071 44
1738721822355 0.9015234112739563 45
1738721822357 0.898242175579071 46
1738721822360 0.9025781154632568 47
1738721822362 0.9004687666893005 48
1738721822364 0.9026562571525574 49
1738721822366 0.9038671851158142 50
