1738761598404 1.7512327432632446 0
1738761598406 1.5214476585388184 1
1738761598407 1.458154559135437 2
1738761598408 1.4049351215362549 3
1738761598410 1.397204875946045 4
1738761598411 1.3748952150344849 5
1738761598412 1.3559927940368652 6
1738761598414 1.3403277397155762 7
1738761598416 1.3374619483947754 8
1738761598417 1.3168394565582275 9
1738761598418 1.3329434394836426 10
1738761598419 1.310325264930725 11
1738761598421 1.3034167289733887 12
1738761598422 1.2937098741531372 13
1738761598423 1.301361083984375 14
1738761598424 1.2837949991226196 15
1738761598425 1.2877801656723022 16
1738761598427 1.2909119129180908 17
1738761598428 1.292946219444275 18
1738761598429 1.2895193099975586 19
1738761598430 1.275593638420105 20
1738761598432 1.2761996984481812 21
1738761598433 1.2797070741653442 22
1738761598434 1.2745227813720703 23
1738761598436 1.2657662630081177 24
1738761598437 1.275202989578247 25
1738761598438 1.2612730264663696 26
1738761598439 1.2604730129241943 27
1738761598440 1.248302936553955 28
1738761598441 1.2661436796188354 29
1738761598443 1.2518296241760254 30
1738761598444 1.2497642040252686 31
1738761598445 1.2668112516403198 32
1738761598446 1.2475967407226562 33
1738761598447 1.2507414817810059 34
1738761598449 1.258487582206726 35
1738761598450 1.2458961009979248 36
1738761598451 1.2469717264175415 37
1738761598452 1.250474452972412 38
1738761598454 1.2494674921035767 39
1738761598455 1.2436683177947998 40
1738761598456 1.2428085803985596 41
1738761598457 1.2536662817001343 42
1738761598458 1.2418993711471558 43
1738761598459 1.2402302026748657 44
1738761598461 1.239448070526123 45
1738761598462 1.233516812324524 46
1738761598463 1.2263678312301636 47
1738761598464 1.23491632938385 48
1738761598465 1.228977918624878 49
1738761598466 1.2215683460235596 50
1738761598468 1.232550024986267 51
1738761598469 1.229161262512207 52
1738761598470 1.2234631776809692 53
1738761598471 1.2382307052612305 54
1738761598472 1.2251709699630737 55
1738761598473 1.2243432998657227 56
1738761598475 1.2285189628601074 57
1738761598476 1.2211586236953735 58
1738761598477 1.2248587608337402 59
1738761598478 1.2289650440216064 60
1738761598479 1.2210508584976196 61
1738761598480 1.2169455289840698 62
1738761598482 1.2256885766983032 63
1738761598483 1.223160743713379 64
1738761598484 1.2207931280136108 65
1738761598485 1.212900996208191 66
1738761598486 1.205371379852295 67
1738761598487 1.2288087606430054 68
1738761598488 1.2148633003234863 69
1738761598489 1.2170161008834839 70
1738761598491 1.2194830179214478 71
1738761598492 1.2144428491592407 72
1738761598493 1.2181586027145386 73
1738761598494 1.2117632627487183 74
1738761598495 1.2090915441513062 75
1738761598496 1.2195649147033691 76
1738761598497 1.2149009704589844 77
1738761598498 1.2099889516830444 78
1738761598500 1.2175456285476685 79
1738761598501 1.2007057666778564 80
1738761598502 1.2070635557174683 81
1738761598503 1.213402271270752 82
1738761598504 1.2024121284484863 83
1738761598505 1.1952688694000244 84
1738761598506 1.2184003591537476 85
1738761598507 1.2126145362854004 86
1738761598509 1.2164756059646606 87
1738761598510 1.2078315019607544 88
1738761598511 1.205937147140503 89
1738761598512 1.214856743812561 90
1738761598513 1.1963932514190674 91
1738761598514 1.2047810554504395 92
1738761598515 1.1991931200027466 93
1738761598517 1.2055836915969849 94
1738761598518 1.2021504640579224 95
1738761598519 1.2044363021850586 96
1738761598520 1.2193326950073242 97
1738761598521 1.2014098167419434 98
1738761598522 1.214759349822998 99
1738761598523 1.1929631233215332 100
1738761598524 1.2041692733764648 101
1738761598526 1.19679594039917 102
1738761598527 1.197231411933899 103
1738761598528 1.204147219657898 104
1738761598529 1.2070683240890503 105
1738761598530 1.1949554681777954 106
1738761598532 1.2070521116256714 107
1738761598533 1.2068455219268799 108
1738761598534 1.2099438905715942 109
1738761598535 1.1979678869247437 110
1738761598536 1.2083865404129028 111
1738761598537 1.199311375617981 112
1738761598538 1.2019150257110596 113
1738761598539 1.2011020183563232 114
1738761598541 1.200363278388977 115
1738761598542 1.1993528604507446 116
1738761598543 1.1998107433319092 117
1738761598544 1.1999002695083618 118
1738761598545 1.1961570978164673 119
