1738761598404 0.2829296886920929 0
1738761598406 0.3790234327316284 1
1738761598407 0.41550782322883606 2
1738761598408 0.4420703053474426 3
1738761598410 0.4568749964237213 4
1738761598411 0.46269530057907104 5
1738761598412 0.4673828184604645 6
1738761598414 0.48167967796325684 7
1738761598416 0.4837890565395355 8
1738761598417 0.4920312464237213 9
1738761598418 0.4876953065395355 10
1738761598419 0.4994140565395355 11
1738761598421 0.4991406202316284 12
1738761598422 0.5075781345367432 13
1738761598423 0.5051953196525574 14
1738761598424 0.5096874833106995 15
1738761598425 0.5037500262260437 16
1738761598427 0.5090234279632568 17
1738761598428 0.5053515434265137 18
1738761598429 0.5071484446525574 19
1738761598430 0.51171875 20
1738761598432 0.5115625262260437 21
1738761598433 0.5116797089576721 22
1738761598434 0.5146874785423279 23
1738761598436 0.5188671946525574 24
1738761598437 0.5140625238418579 25
1738761598438 0.5219922065734863 26
1738761598439 0.5224999785423279 27
1738761598440 0.5245702862739563 28
1738761598441 0.5140234231948853 29
1738761598443 0.5239062309265137 30
1738761598444 0.5257031321525574 31
1738761598445 0.51953125 32
1738761598446 0.5276952981948853 33
1738761598447 0.5256640911102295 34
1738761598449 0.5171093940734863 35
1738761598450 0.523632824420929 36
1738761598451 0.5267578363418579 37
1738761598452 0.5198827981948853 38
1738761598454 0.5249609351158142 39
1738761598455 0.5283593535423279 40
1738761598456 0.5287500023841858 41
1738761598457 0.5237890481948853 42
1738761598458 0.5313671827316284 43
1738761598459 0.5309765338897705 44
1738761598461 0.5313281416893005 45
1738761598462 0.5303515791893005 46
1738761598463 0.5333203077316284 47
1738761598464 0.5342187285423279 48
1738761598465 0.5340625047683716 49
1738761598466 0.538281261920929 50
1738761598468 0.5356249809265137 51
1738761598469 0.5355468988418579 52
1738761598470 0.539843738079071 53
1738761598471 0.5240234136581421 54
1738761598472 0.5367187261581421 55
1738761598473 0.5306640863418579 56
1738761598475 0.5306249856948853 57
1738761598476 0.5425781011581421 58
1738761598477 0.5376562476158142 59
1738761598478 0.5383203029632568 60
1738761598479 0.537304699420929 61
1738761598480 0.5357812643051147 62
1738761598482 0.5358203053474426 63
1738761598483 0.5328906178474426 64
1738761598484 0.5362499952316284 65
1738761598485 0.5419140458106995 66
1738761598486 0.5441015362739563 67
1738761598487 0.5337109565734863 68
1738761598488 0.5389843583106995 69
1738761598489 0.5423437356948853 70
1738761598491 0.5398828387260437 71
1738761598492 0.5417578220367432 72
1738761598493 0.5394921898841858 73
1738761598494 0.5423828363418579 74
1738761598495 0.5476171970367432 75
1738761598496 0.5401952862739563 76
1738761598497 0.5433984398841858 77
1738761598498 0.5455859303474426 78
1738761598500 0.5364453196525574 79
1738761598501 0.5450000166893005 80
1738761598502 0.5419921875 81
1738761598503 0.5403125286102295 82
1738761598504 0.5487499833106995 83
1738761598505 0.5500781536102295 84
1738761598506 0.5448828339576721 85
1738761598507 0.5418359637260437 86
1738761598509 0.5430077910423279 87
1738761598510 0.5425781011581421 88
1738761598511 0.5508202910423279 89
1738761598512 0.5406640768051147 90
1738761598513 0.5526953339576721 91
1738761598514 0.5433984398841858 92
1738761598515 0.5452343821525574 93
1738761598517 0.5496484637260437 94
1738761598518 0.546679675579071 95
1738761598519 0.541015625 96
1738761598520 0.5400000214576721 97
1738761598521 0.5470312237739563 98
1738761598522 0.5409374833106995 99
1738761598523 0.5470312237739563 100
1738761598524 0.5480077862739563 101
1738761598526 0.5472656488418579 102
1738761598527 0.5424218773841858 103
1738761598528 0.5451562404632568 104
1738761598529 0.541210949420929 105
1738761598530 0.545703113079071 106
1738761598532 0.5428125262260437 107
1738761598533 0.545117199420929 108
1738761598534 0.5434374809265137 109
1738761598535 0.5499218702316284 110
1738761598536 0.5456249713897705 111
1738761598537 0.5436718463897705 112
1738761598538 0.547070324420929 113
1738761598539 0.5471093654632568 114
1738761598541 0.5433593988418579 115
1738761598542 0.5477734208106995 116
1738761598543 0.5478906035423279 117
1738761598544 0.5468359589576721 118
1738761598545 0.5503906011581421 119
