1738426892834 0.37410154938697815 0
1738426892836 0.5252734422683716 1
1738426892837 0.5846093893051147 2
1738426892839 0.6290624737739563 3
1738426892840 0.653515636920929 4
1738426892841 0.6732422113418579 5
1738426892843 0.6855859160423279 6
1738426892844 0.701171875 7
1738426892845 0.7061328291893005 8
1738426892846 0.7104687690734863 9
1738426892848 0.7185937762260437 10
1738426892849 0.7245312333106995 11
1738426892850 0.7287890911102295 12
1738426892852 0.7358593940734863 13
1738426892853 0.7395312786102295 14
1738426892854 0.7442968487739563 15
1738426892856 0.7478906512260437 16
1738426892857 0.7478125095367432 17
1738426892858 0.749218761920929 18
1738426892860 0.749804675579071 19
1738426892861 0.7582421898841858 20
1738426892863 0.7594531178474426 21
1738426892864 0.7573437690734863 22
1738426892865 0.7574999928474426 23
1738426892866 0.7629687786102295 24
1738426892868 0.7624218463897705 25
1738426892869 0.7650390863418579 26
1738426892870 0.7703515887260437 27
1738426892871 0.7673046588897705 28
1738426892873 0.771289050579071 29
1738426892874 0.7740625143051147 30
1738426892876 0.7744140625 31
1738426892877 0.7734375 32
1738426892879 0.7758203148841858 33
1738426892880 0.7773047089576721 34
1738426892881 0.7749609351158142 35
1738426892883 0.7787109613418579 36
1738426892884 0.7840625047683716 37
1738426892885 0.7817968726158142 38
1738426892886 0.7803124785423279 39
1738426892888 0.7882421612739563 40
1738426892889 0.7827343940734863 41
1738426892890 0.7869531512260437 42
1738426892891 0.7885156273841858 43
1738426892892 0.7896093726158142 44
1738426892894 0.7860937714576721 45
1738426892895 0.7882031202316284 46
1738426892897 0.7885546684265137 47
