1738426892834 6.012960910797119 0
1738426892836 3.1915249824523926 1
1738426892837 2.82167911529541 2
1738426892839 2.7005300521850586 3
1738426892840 2.5763461589813232 4
1738426892841 2.390418767929077 5
1738426892843 2.2878000736236572 6
1738426892844 2.189753770828247 7
1738426892845 2.149552345275879 8
1738426892846 2.018808364868164 9
1738426892848 1.9531840085983276 10
1738426892849 1.8843052387237549 11
1738426892850 1.8519953489303589 12
1738426892852 1.794405460357666 13
1738426892853 1.7625706195831299 14
1738426892854 1.753121018409729 15
1738426892856 1.7057549953460693 16
1738426892857 1.694624900817871 17
1738426892858 1.692012071609497 18
1738426892860 1.7032365798950195 19
1738426892861 1.6591002941131592 20
1738426892863 1.6338926553726196 21
1738426892864 1.632196307182312 22
1738426892865 1.6573017835617065 23
1738426892866 1.6418657302856445 24
1738426892868 1.6239960193634033 25
1738426892869 1.621079921722412 26
1738426892870 1.6294355392456055 27
1738426892871 1.6302146911621094 28
1738426892873 1.6709203720092773 29
1738426892874 1.6435633897781372 30
1738426892876 1.6150307655334473 31
1738426892877 1.5936803817749023 32
1738426892879 1.616041660308838 33
1738426892880 1.6154277324676514 34
1738426892881 1.5943320989608765 35
1738426892883 1.5994174480438232 36
1738426892884 1.575621485710144 37
1738426892885 1.5709960460662842 38
1738426892886 1.5829298496246338 39
1738426892888 1.5883504152297974 40
1738426892889 1.5711442232131958 41
1738426892890 1.5869680643081665 42
1738426892891 1.5982905626296997 43
1738426892892 1.5578209161758423 44
1738426892894 1.5624504089355469 45
1738426892895 1.5559126138687134 46
1738426892897 1.5326000452041626 47
