1738725173841 10.777246475219727 0
1738725173842 4.436163425445557 1
1738725173843 4.82710075378418 2
1738725173845 4.46738862991333 3
1738725173846 4.724418640136719 4
1738725173847 5.012696266174316 5
1738725173848 4.554839134216309 6
1738725173850 4.661025047302246 7
1738725173851 4.812191963195801 8
1738725173853 4.4745683670043945 9
1738725173854 4.259253978729248 10
1738725173855 4.5665507316589355 11
1738725173857 3.567049264907837 12
1738725173858 3.1821389198303223 13
1738725173859 2.9918766021728516 14
1738725173861 3.020972490310669 15
1738725173863 2.7069029808044434 16
1738725173864 2.8598108291625977 17
1738725173865 2.6720101833343506 18
1738725173867 2.2783865928649902 19
1738725173868 2.386314868927002 20
1738725173869 2.198145627975464 21
1738725173870 2.092890501022339 22
1738725173871 2.096749782562256 23
1738725173872 2.283576726913452 24
1738725173873 2.001784324645996 25
1738725173875 2.121370315551758 26
1738725173876 2.016782522201538 27
1738725173878 1.9764443635940552 28
1738725173879 2.2374634742736816 29
1738725173880 1.999269962310791 30
1738725173882 2.0409607887268066 31
1738725173883 1.8981672525405884 32
1738725173884 2.1189424991607666 33
1738725173885 1.9021910429000854 34
1738725173886 1.9338651895523071 35
1738725173888 1.9111331701278687 36
1738725173889 1.913340449333191 37
1738725173890 1.869368314743042 38
1738725173891 1.820229172706604 39
1738725173892 1.850519061088562 40
1738725173893 1.811844825744629 41
1738725173895 1.816512107849121 42
1738725173896 1.8773876428604126 43
1738725173897 1.8297016620635986 44
1738725173898 1.8454779386520386 45
1738725173900 1.8275572061538696 46
1738725173901 1.8020071983337402 47
1738725173902 1.8268693685531616 48
1738725173903 1.809614896774292 49
1738725173904 1.8135539293289185 50
1738725173905 1.8098422288894653 51
1738725173907 1.917441725730896 52
1738725173908 1.7977168560028076 53
1738725173909 1.8095676898956299 54
1738725173910 1.8284224271774292 55
1738725173912 1.826444387435913 56
1738725173913 1.8101612329483032 57
1738725173914 1.8227442502975464 58
1738725173915 1.7953425645828247 59
1738725173916 1.8222241401672363 60
1738725173918 1.7748582363128662 61
