1738725173841 0.2416406273841858 0
1738725173842 0.25679686665534973 1
1738725173843 0.2495703101158142 2
1738725173845 0.26332032680511475 3
1738725173846 0.25312501192092896 4
1738725173847 0.26234376430511475 5
1738725173848 0.27445313334465027 6
1738725173850 0.2795703113079071 7
1738725173851 0.27894532680511475 8
1738725173853 0.2836328148841858 9
1738725173854 0.287109375 10
1738725173855 0.29343751072883606 11
1738725173857 0.2912890613079071 12
1738725173858 0.2926953136920929 13
1738725173859 0.3130468726158142 14
1738725173861 0.30824220180511475 15
1738725173863 0.3143359422683716 16
1738725173864 0.3104296922683716 17
1738725173865 0.32718750834465027 18
1738725173867 0.33449217677116394 19
1738725173868 0.32902345061302185 20
1738725173869 0.33347657322883606 21
1738725173870 0.34507811069488525 22
1738725173871 0.337890625 23
1738725173872 0.3349609375 24
1738725173873 0.3366406261920929 25
1738725173875 0.33250001072883606 26
1738725173876 0.33488282561302185 27
1738725173878 0.3414062559604645 28
1738725173879 0.34019529819488525 29
1738725173880 0.3449999988079071 30
1738725173882 0.34257811307907104 31
1738725173883 0.34187498688697815 32
1738725173884 0.3331640660762787 33
1738725173885 0.34550780057907104 34
1738725173886 0.34160155057907104 35
1738725173888 0.3381640613079071 36
1738725173889 0.33984375 37
1738725173890 0.3444140553474426 38
1738725173891 0.34574219584465027 39
1738725173892 0.33589842915534973 40
1738725173893 0.34074220061302185 41
1738725173895 0.3362500071525574 42
1738725173896 0.3370312452316284 43
1738725173897 0.34562501311302185 44
1738725173898 0.3350781202316284 45
1738725173900 0.34230467677116394 46
1738725173901 0.3441406190395355 47
1738725173902 0.3345312476158142 48
1738725173903 0.3338671922683716 49
1738725173904 0.34296876192092896 50
1738725173905 0.34183594584465027 51
1738725173907 0.32945311069488525 52
1738725173908 0.33574217557907104 53
1738725173909 0.3314453065395355 54
1738725173910 0.33960938453674316 55
1738725173912 0.3353515565395355 56
1738725173913 0.3409374952316284 57
1738725173914 0.3411328196525574 58
1738725173915 0.3414843678474426 59
1738725173916 0.33324217796325684 60
1738725173918 0.34078124165534973 61
