1738448660987 0.17796875536441803 0
1738448660990 0.1730078160762787 1
1738448660991 0.16886718571186066 2
1738448660993 0.17140625417232513 3
1738448660995 0.16648437082767487 4
1738448660996 0.17308594286441803 5
1738448660998 0.17253905534744263 6
1738448661000 0.16843749582767487 7
1738448661002 0.16214843094348907 8
1738448661003 0.16535156965255737 9
1738448661005 0.16863280534744263 10
1738448661006 0.1654687523841858 11
1738448661008 0.17199218273162842 12
1738448661011 0.16785156726837158 13
1738448661012 0.16511718928813934 14
1738448661014 0.16187499463558197 15
1738448661016 0.16593749821186066 16
1738448661017 0.16660156846046448 17
1738448661019 0.1658593714237213 18
1738448661020 0.16835936903953552 19
1738448661021 0.1651953160762787 20
1738448661023 0.1658593714237213 21
1738448661025 0.1669921875 22
1738448661028 0.17042969167232513 23
1738448661029 0.17167969048023224 24
1738448661031 0.16738280653953552 25
1738448661032 0.1651953160762787 26
1738448661034 0.16734375059604645 27
1738448661035 0.1717187464237213 28
1738448661037 0.17058593034744263 29
1738448661038 0.1665624976158142 30
1738448661040 0.16871093213558197 31
1738448661041 0.16550780832767487 32
1738448661043 0.16492187976837158 33
1738448661044 0.16785156726837158 34
1738448661046 0.16820313036441803 35
1738448661047 0.16746093332767487 36
1738448661048 0.1686718761920929 37
1738448661050 0.16355468332767487 38
1738448661051 0.16933593153953552 39
1738448661053 0.1637890636920929 40
1738448661054 0.1671484410762787 41
1738448661056 0.1644921898841858 42
1738448661057 0.16917969286441803 43
1738448661058 0.16988281905651093 44
1738448661060 0.1647656261920929 45
1738448661061 0.166015625 46
1738448661063 0.1653124988079071 47
1738448661064 0.1657421886920929 48
1738448661066 0.1661718785762787 49
1738448661067 0.1678124964237213 50
1738448661068 0.16750000417232513 51
1738448661070 0.16542968153953552 52
1738448661071 0.1676953136920929 53
1738448661073 0.1689453125 54
1738448661074 0.1635156273841858 55
1738448661076 0.16347655653953552 56
1738448661077 0.16371093690395355 57
1738448661079 0.16480468213558197 58
1738448661080 0.16914062201976776 59
1738448661081 0.15992186963558197 60
1738448661083 0.1643359363079071 61
1738448661084 0.1644921898841858 62
1738448661086 0.16632813215255737 63
1738448661087 0.16660156846046448 64
1738448661089 0.16480468213558197 65
1738448661090 0.16589844226837158 66
1738448661092 0.1681250035762787 67
1738448661093 0.17226561903953552 68
1738448661094 0.16816405951976776 69
1738448661096 0.16417968273162842 70
1738448661097 0.16593749821186066 71
1738448661099 0.16652344167232513 72
1738448661100 0.17175781726837158 73
1738448661102 0.1614062488079071 74
1738448661103 0.16539062559604645 75
1738448661105 0.1654687523841858 76
1738448661106 0.16468749940395355 77
1738448661107 0.1632421910762787 78
1738448661109 0.17050781846046448 79
1738448661110 0.16800780594348907 80
1738448661112 0.16808593273162842 81
1738448661113 0.16539062559604645 82
1738448661115 0.17101562023162842 83
1738448661116 0.16570311784744263 84
1738448661117 0.1658593714237213 85
1738448661119 0.16722656786441803 86
1738448661120 0.1671484410762787 87
1738448661122 0.16832031309604645 88
1738448661123 0.16707031428813934 89
1738448661125 0.16480468213558197 90
1738448661126 0.169921875 91
1738448661127 0.16429688036441803 92
1738448661129 0.1651953160762787 93
1738448661130 0.16593749821186066 94
1738448661132 0.16160155832767487 95
1738448661133 0.1672656238079071 96
1738448661135 0.16343750059604645 97
1738448661136 0.16746093332767487 98
1738448661137 0.17125000059604645 99
1738448661139 0.16664062440395355 100
1738448661140 0.1671484410762787 101
1738448661142 0.16730469465255737 102
1738448661143 0.1672656238079071 103
1738448661145 0.16425780951976776 104
1738448661146 0.16414062678813934 105
1738448661147 0.16855469346046448 106
1738448661149 0.16675780713558197 107
1738448661150 0.16570311784744263 108
1738448661152 0.17015625536441803 109
1738448661153 0.1661718785762787 110
1738448661155 0.16785156726837158 111
1738448661156 0.16890625655651093 112
1738448661157 0.1731249988079071 113
1738448661159 0.1711718738079071 114
1738448661160 0.16710937023162842 115
1738448661162 0.17085938155651093 116
1738448661163 0.16359375417232513 117
1738448661165 0.16792969405651093 118
1738448661166 0.16675780713558197 119
