1738448660987 4.036616325378418 0
1738448660990 2.9039173126220703 1
1738448660991 2.6282010078430176 2
1738448660993 2.587090253829956 3
1738448660995 2.5545573234558105 4
1738448660996 2.3600902557373047 5
1738448660998 2.5367281436920166 6
1738448661000 2.409074068069458 7
1738448661002 2.2187387943267822 8
1738448661003 2.4143118858337402 9
1738448661005 2.7892987728118896 10
1738448661006 2.118833541870117 11
1738448661008 2.126438856124878 12
1738448661011 2.0827581882476807 13
1738448661012 2.2818756103515625 14
1738448661014 2.6118624210357666 15
1738448661016 2.267242670059204 16
1738448661017 2.2142093181610107 17
1738448661019 2.2592341899871826 18
1738448661020 2.2444541454315186 19
1738448661021 2.229320526123047 20
1738448661023 2.190678119659424 21
1738448661025 2.3620386123657227 22
1738448661028 2.3146793842315674 23
1738448661029 2.404572010040283 24
1738448661031 2.0699543952941895 25
1738448661032 2.1748228073120117 26
1738448661034 2.1996877193450928 27
1738448661035 2.269737958908081 28
1738448661037 2.3005857467651367 29
1738448661038 2.1668519973754883 30
1738448661040 2.1684248447418213 31
1738448661041 2.166116714477539 32
1738448661043 2.2810935974121094 33
1738448661044 2.227536201477051 34
1738448661046 2.1522159576416016 35
1738448661047 2.3075928688049316 36
1738448661048 2.120375156402588 37
1738448661050 2.2339987754821777 38
1738448661051 2.1845333576202393 39
1738448661053 2.180710554122925 40
1738448661054 2.2641096115112305 41
1738448661056 2.2321228981018066 42
1738448661057 2.148993730545044 43
1738448661058 2.1469337940216064 44
1738448661060 2.198411464691162 45
1738448661061 2.458651065826416 46
1738448661063 2.141451358795166 47
1738448661064 2.1137654781341553 48
1738448661066 2.187615394592285 49
1738448661067 2.365463972091675 50
1738448661068 2.2819223403930664 51
1738448661070 2.17219614982605 52
1738448661071 2.289372205734253 53
1738448661073 2.1702518463134766 54
1738448661074 2.2536025047302246 55
1738448661076 2.3912441730499268 56
1738448661077 2.1969075202941895 57
1738448661079 2.263212203979492 58
1738448661080 2.2335779666900635 59
1738448661081 2.111477851867676 60
1738448661083 2.2549047470092773 61
1738448661084 2.414198875427246 62
1738448661086 2.230872392654419 63
1738448661087 2.1643009185791016 64
1738448661089 2.27262020111084 65
1738448661090 2.2525267601013184 66
1738448661092 2.2567882537841797 67
1738448661093 2.1576013565063477 68
1738448661094 2.341096878051758 69
1738448661096 2.47871732711792 70
1738448661097 2.3279967308044434 71
1738448661099 2.168936252593994 72
1738448661100 2.3855202198028564 73
1738448661102 2.198622941970825 74
1738448661103 2.224072217941284 75
1738448661105 2.263258934020996 76
1738448661106 2.1929407119750977 77
1738448661107 2.307805299758911 78
1738448661109 2.5544302463531494 79
1738448661110 2.214113473892212 80
1738448661112 2.1774630546569824 81
1738448661113 2.238675117492676 82
1738448661115 2.320615768432617 83
1738448661116 2.1749048233032227 84
1738448661117 2.4421896934509277 85
1738448661119 2.3462679386138916 86
1738448661120 2.460178852081299 87
1738448661122 2.1902124881744385 88
1738448661123 2.2821898460388184 89
1738448661125 2.284877061843872 90
1738448661126 2.255648136138916 91
1738448661127 2.6658051013946533 92
1738448661129 2.2281222343444824 93
1738448661130 2.1179893016815186 94
1738448661132 2.418001651763916 95
1738448661133 2.6074752807617188 96
1738448661135 2.3898963928222656 97
1738448661136 2.1785738468170166 98
1738448661137 2.3599905967712402 99
1738448661139 2.2677135467529297 100
1738448661140 2.3360016345977783 101
1738448661142 2.5202224254608154 102
1738448661143 2.610427141189575 103
1738448661145 2.5108931064605713 104
1738448661146 2.159616231918335 105
1738448661147 2.293855667114258 106
1738448661149 2.4593846797943115 107
1738448661150 2.5320169925689697 108
1738448661152 2.3872182369232178 109
1738448661153 2.3657331466674805 110
1738448661155 2.6233322620391846 111
1738448661156 2.2882893085479736 112
1738448661157 2.33261775970459 113
1738448661159 2.396430492401123 114
1738448661160 2.4018924236297607 115
1738448661162 2.3043134212493896 116
1738448661163 2.357846975326538 117
1738448661165 2.494110345840454 118
1738448661166 2.3815431594848633 119
