1738634747280 0.3494921922683716 0
1738634747281 0.4078125059604645 1
1738634747283 0.43308594822883606 2
1738634747285 0.43812501430511475 3
1738634747287 0.4483984410762787 4
1738634747288 0.45750001072883606 5
1738634747291 0.4696093797683716 6
1738634747294 0.42417967319488525 7
1738634747299 0.44289061427116394 8
1738634747302 0.4724999964237213 9
1738634747305 0.49730467796325684 10
1738634747307 0.5073046684265137 11
1738634747310 0.5202343463897705 12
1738634747314 0.5323437452316284 13
1738634747317 0.5336328148841858 14
1738634747320 0.547656238079071 15
1738634747321 0.556640625 16
1738634747322 0.5532031059265137 17
1738634747324 0.565625011920929 18
1738634747325 0.5662890672683716 19
1738634747326 0.5691797137260437 20
1738634747327 0.574414074420929 21
1738634747329 0.5839453339576721 22
1738634747330 0.5812109112739563 23
1738634747332 0.5813671946525574 24
1738634747333 0.5905468463897705 25
1738634747335 0.5809375047683716 26
1738634747336 0.5948047041893005 27
1738634747337 0.593554675579071 28
1738634747338 0.5930469036102295 29
1738634747340 0.5907812714576721 30
1738634747341 0.587890625 31
1738634747342 0.5959765911102295 32
1738634747343 0.5998437404632568 33
1738634747345 0.5996484160423279 34
1738634747346 0.599804699420929 35
1738634747348 0.6019531488418579 36
1738634747351 0.5987109541893005 37
1738634747352 0.6064453125 38
1738634747353 0.5991406440734863 39
1738634747354 0.6031640768051147 40
1738634747355 0.6050000190734863 41
1738634747356 0.6048828363418579 42
1738634747358 0.6107812523841858 43
1738634747359 0.6105859279632568 44
1738634747360 0.613085925579071 45
1738634747362 0.6156640648841858 46
1738634747363 0.6097656488418579 47
1738634747366 0.6137109398841858 48
1738634747367 0.6082422137260437 49
1738634747368 0.616406261920929 50
1738634747369 0.6132422089576721 51
1738634747370 0.6082812547683716 52
1738634747371 0.6067187786102295 53
1738634747373 0.6230859160423279 54
1738634747374 0.6009374856948853 55
1738634747375 0.6162890791893005 56
1738634747376 0.6028125286102295 57
1738634747377 0.6142578125 58
1738634747379 0.613085925579071 59
1738634747380 0.6076562404632568 60
1738634747382 0.6136718988418579 61
1738634747384 0.6098437309265137 62
1738634747385 0.6028125286102295 63
1738634747386 0.609179675579071 64
1738634747387 0.6139062643051147 65
1738634747388 0.6115624904632568 66
1738634747390 0.6122656464576721 67
1738634747391 0.6157031059265137 68
1738634747392 0.6199609637260437 69
1738634747393 0.615039050579071 70
1738634747394 0.6064062714576721 71
1738634747396 0.6159374713897705 72
1738634747398 0.6176562309265137 73
1738634747399 0.6155078411102295 74
1738634747400 0.6059374809265137 75
1738634747401 0.6086719036102295 76
1738634747402 0.6160937547683716 77
1738634747403 0.6034765839576721 78
1738634747404 0.6123828291893005 79
1738634747405 0.6071484088897705 80
1738634747407 0.6123828291893005 81
1738634747408 0.6057422161102295 82
1738634747409 0.6163281202316284 83
1738634747410 0.6141406297683716 84
1738634747412 0.6112890839576721 85
1738634747413 0.6116796731948853 86
1738634747414 0.613476574420929 87
1738634747415 0.6191796660423279 88
1738634747416 0.6190624833106995 89
1738634747418 0.6140234470367432 90
1738634747420 0.6167578101158142 91
1738634747421 0.6071093678474426 92
1738634747423 0.6167578101158142 93
1738634747424 0.6127734184265137 94
1738634747425 0.6166796684265137 95
1738634747427 0.6198828220367432 96
1738634747428 0.6190234422683716 97
1738634747430 0.6125390529632568 98
1738634747432 0.6096093654632568 99
1738634747433 0.6158202886581421 100
1738634747434 0.6141015887260437 101
1738634747436 0.6102734208106995 102
1738634747437 0.6136718988418579 103
1738634747438 0.6149609088897705 104
1738634747439 0.6202343702316284 105
1738634747440 0.6197656393051147 106
1738634747441 0.6185156106948853 107
1738634747442 0.6201171875 108
1738634747443 0.627148449420929 109
1738634747445 0.6279296875 110
1738634747446 0.6152734160423279 111
1738634747447 0.6138281226158142 112
1738634747449 0.6171484589576721 113
1738634747450 0.6094531416893005 114
1738634747451 0.6185547113418579 115
1738634747452 0.6234375238418579 116
1738634747453 0.6120703220367432 117
1738634747454 0.6160937547683716 118
1738634747456 0.6196093559265137 119
