1738634747280 6.0500264167785645 0
1738634747281 2.3819191455841064 1
1738634747283 2.585531711578369 2
1738634747285 2.785221815109253 3
1738634747287 3.0029098987579346 4
1738634747288 2.745718479156494 5
1738634747291 2.830610990524292 6
1738634747294 4.016845703125 7
1738634747299 2.8747146129608154 8
1738634747302 2.536762237548828 9
1738634747305 2.6153478622436523 10
1738634747307 2.0601189136505127 11
1738634747310 1.8702903985977173 12
1738634747314 1.8725944757461548 13
1738634747317 1.734121561050415 14
1738634747320 1.6525120735168457 15
1738634747321 1.6093753576278687 16
1738634747322 1.560512900352478 17
1738634747324 1.5315989255905151 18
1738634747325 1.5303549766540527 19
1738634747326 1.4869860410690308 20
1738634747327 1.4811090230941772 21
1738634747329 1.4498131275177002 22
1738634747330 1.4443647861480713 23
1738634747332 1.4242844581604004 24
1738634747333 1.4115360975265503 25
1738634747335 1.4240559339523315 26
1738634747336 1.3953906297683716 27
1738634747337 1.413787841796875 28
1738634747338 1.4036352634429932 29
1738634747340 1.3837792873382568 30
1738634747341 1.395066499710083 31
1738634747342 1.372133731842041 32
1738634747343 1.3699181079864502 33
1738634747345 1.3819633722305298 34
1738634747346 1.3595037460327148 35
1738634747348 1.3684568405151367 36
1738634747351 1.357741355895996 37
1738634747352 1.3576140403747559 38
1738634747353 1.3712893724441528 39
1738634747354 1.371963381767273 40
1738634747355 1.359032392501831 41
1738634747356 1.3376530408859253 42
1738634747358 1.3447761535644531 43
1738634747359 1.3507522344589233 44
1738634747360 1.3289446830749512 45
1738634747362 1.335746169090271 46
1738634747363 1.3358770608901978 47
1738634747366 1.3392781019210815 48
1738634747367 1.3518027067184448 49
1738634747368 1.3315341472625732 50
1738634747369 1.330430507659912 51
1738634747370 1.3542900085449219 52
1738634747371 1.3538284301757812 53
1738634747373 1.3224692344665527 54
1738634747374 1.3340643644332886 55
1738634747375 1.3178343772888184 56
1738634747376 1.3479468822479248 57
1738634747377 1.3198591470718384 58
1738634747379 1.342849612236023 59
1738634747380 1.3503338098526 60
1738634747382 1.33656644821167 61
1738634747384 1.3302617073059082 62
1738634747385 1.355562686920166 63
1738634747386 1.3298976421356201 64
1738634747387 1.3255784511566162 65
1738634747388 1.3322392702102661 66
1738634747390 1.326130986213684 67
1738634747391 1.325292706489563 68
1738634747392 1.3104043006896973 69
1738634747393 1.3186769485473633 70
1738634747394 1.3532520532608032 71
1738634747396 1.3225256204605103 72
1738634747398 1.326704502105713 73
1738634747399 1.3377277851104736 74
1738634747400 1.3479098081588745 75
1738634747401 1.3424373865127563 76
1738634747402 1.3123459815979004 77
1738634747403 1.3503309488296509 78
1738634747404 1.3175759315490723 79
1738634747405 1.3274537324905396 80
1738634747407 1.3232407569885254 81
1738634747408 1.3501187562942505 82
1738634747409 1.3278945684432983 83
1738634747410 1.3404120206832886 84
1738634747412 1.312075138092041 85
1738634747413 1.3290319442749023 86
1738634747414 1.3114721775054932 87
1738634747415 1.2980945110321045 88
1738634747416 1.3173412084579468 89
1738634747418 1.313636064529419 90
1738634747420 1.312050461769104 91
1738634747421 1.3371167182922363 92
1738634747423 1.3286923170089722 93
1738634747424 1.3260513544082642 94
1738634747425 1.3062249422073364 95
1738634747427 1.302628993988037 96
1738634747428 1.3125889301300049 97
1738634747430 1.3189668655395508 98
1738634747432 1.3287173509597778 99
1738634747433 1.3181118965148926 100
1738634747434 1.3324373960494995 101
1738634747436 1.3258823156356812 102
1738634747437 1.3212181329727173 103
1738634747438 1.312272071838379 104
1738634747439 1.3021067380905151 105
1738634747440 1.3059306144714355 106
1738634747441 1.3055543899536133 107
1738634747442 1.3169937133789062 108
1738634747443 1.2880277633666992 109
1738634747445 1.2904640436172485 110
1738634747446 1.3112266063690186 111
1738634747447 1.320915937423706 112
1738634747449 1.3251396417617798 113
1738634747450 1.3361564874649048 114
1738634747451 1.314316749572754 115
1738634747452 1.2969502210617065 116
1738634747453 1.3144186735153198 117
1738634747454 1.3198654651641846 118
1738634747456 1.315029501914978 119
