1738763914859 0.25328123569488525 0
1738763914861 0.34281250834465027 1
1738763914862 0.3873828053474426 2
1738763914863 0.4164453148841858 3
1738763914865 0.43644532561302185 4
1738763914866 0.45906248688697815 5
1738763914868 0.47160157561302185 6
1738763914870 0.47480469942092896 7
1738763914871 0.4908984303474426 8
1738763914873 0.49964845180511475 9
1738763914874 0.5114843845367432 10
1738763914875 0.5232031345367432 11
1738763914876 0.5269140601158142 12
1738763914878 0.5379297137260437 13
1738763914880 0.5418750047683716 14
1738763914881 0.546093761920929 15
1738763914882 0.5514453053474426 16
1738763914884 0.5599218606948853 17
1738763914885 0.5695703029632568 18
1738763914886 0.5736328363418579 19
1738763914887 0.5758593678474426 20
1738763914888 0.5794922113418579 21
1738763914889 0.5866015553474426 22
1738763914891 0.5920312404632568 23
1738763914892 0.601757824420929 24
1738763914893 0.6001952886581421 25
1738763914895 0.6032031178474426 26
1738763914896 0.6063671708106995 27
1738763914897 0.609179675579071 28
1738763914898 0.6120312213897705 29
1738763914900 0.6191796660423279 30
1738763914901 0.6253906488418579 31
1738763914902 0.6285937428474426 32
1738763914903 0.6290234327316284 33
1738763914904 0.6311718821525574 34
1738763914905 0.6324218511581421 35
1738763914907 0.6373046636581421 36
1738763914908 0.6450390815734863 37
1738763914909 0.640625 38
1738763914910 0.642578125 39
1738763914912 0.6486718654632568 40
1738763914913 0.6509765386581421 41
1738763914914 0.6559374928474426 42
1738763914916 0.6555078029632568 43
1738763914917 0.6595703363418579 44
1738763914918 0.663281261920929 45
1738763914919 0.6612499952316284 46
1738763914920 0.6683202981948853 47
1738763914921 0.6708593964576721 48
1738763914923 0.6670312285423279 49
1738763914924 0.6699609160423279 50
1738763914925 0.6743359565734863 51
1738763914926 0.6775000095367432 52
1738763914927 0.6755077838897705 53
1738763914928 0.679882824420929 54
1738763914930 0.6779687404632568 55
1738763914931 0.6854687333106995 56
1738763914932 0.6851953268051147 57
1738763914933 0.6870312690734863 58
1738763914934 0.687695324420929 59
1738763914935 0.6848046779632568 60
1738763914936 0.6878515481948853 61
1738763914937 0.6938281059265137 62
1738763914939 0.695507824420929 63
1738763914940 0.691210925579071 64
1738763914941 0.6949609518051147 65
1738763914942 0.6924609541893005 66
1738763914943 0.6978906393051147 67
1738763914944 0.6987109184265137 68
1738763914945 0.7002734541893005 69
1738763914947 0.7029687762260437 70
1738763914948 0.7024219036102295 71
1738763914949 0.7044531106948853 72
1738763914950 0.7026171684265137 73
1738763914951 0.710742175579071 74
1738763914952 0.7079296708106995 75
1738763914953 0.7123047113418579 76
1738763914955 0.7098437547683716 77
1738763914956 0.7088671922683716 78
1738763914957 0.7149609327316284 79
1738763914958 0.712695300579071 80
1738763914959 0.7128124833106995 81
1738763914960 0.7144531011581421 82
1738763914961 0.7200000286102295 83
1738763914963 0.7151952981948853 84
1738763914964 0.7185937762260437 85
1738763914965 0.7193750143051147 86
1738763914966 0.7218359112739563 87
1738763914967 0.7240625023841858 88
1738763914968 0.7241015434265137 89
1738763914969 0.7242578268051147 90
1738763914971 0.7270312309265137 91
1738763914972 0.7273828387260437 92
1738763914973 0.7243750095367432 93
1738763914974 0.7261328101158142 94
1738763914975 0.7291796803474426 95
1738763914976 0.7293359637260437 96
1738763914977 0.7269140481948853 97
1738763914978 0.7291796803474426 98
1738763914979 0.7304297089576721 99
1738763914981 0.7329297065734863 100
1738763914982 0.7373437285423279 101
1738763914983 0.7317187786102295 102
1738763914985 0.7400781512260437 103
1738763914986 0.7394921779632568 104
1738763914987 0.7386718988418579 105
1738763914988 0.7365624904632568 106
1738763914989 0.7426562309265137 107
1738763914991 0.743359386920929 108
1738763914992 0.7432031035423279 109
1738763914993 0.7469531297683716 110
1738763914994 0.7425390481948853 111
1738763914995 0.7428515553474426 112
1738763914996 0.7445703148841858 113
1738763914997 0.7507030963897705 114
1738763914998 0.7466796636581421 115
1738763915000 0.7505078315734863 116
1738763915001 0.7505078315734863 117
1738763915002 0.7509765625 118
1738763915003 0.747851550579071 119
