1738763914859 1.8594372272491455 0
1738763914861 1.629862666130066 1
1738763914862 1.539933681488037 2
1738763914863 1.4793314933776855 3
1738763914865 1.4284272193908691 4
1738763914866 1.3819011449813843 5
1738763914868 1.3511804342269897 6
1738763914870 1.3244540691375732 7
1738763914871 1.2980810403823853 8
1738763914873 1.276341438293457 9
1738763914874 1.251176118850708 10
1738763914875 1.2152408361434937 11
1738763914876 1.2061889171600342 12
1738763914878 1.1837208271026611 13
1738763914880 1.1725823879241943 14
1738763914881 1.1592239141464233 15
1738763914882 1.1409820318222046 16
1738763914884 1.1281265020370483 17
1738763914885 1.1077615022659302 18
1738763914886 1.0987173318862915 19
1738763914887 1.0926713943481445 20
1738763914888 1.081005573272705 21
1738763914889 1.0732338428497314 22
1738763914891 1.0544424057006836 23
1738763914892 1.0395509004592896 24
1738763914893 1.0369043350219727 25
1738763914895 1.0320287942886353 26
1738763914896 1.0221171379089355 27
1738763914897 1.0136255025863647 28
1738763914898 1.0068459510803223 29
1738763914900 0.9975766539573669 30
1738763914901 0.9836208820343018 31
1738763914902 0.9839931726455688 32
1738763914903 0.9713932275772095 33
1738763914904 0.9690342545509338 34
1738763914905 0.9613009095191956 35
1738763914907 0.9545059204101562 36
1738763914908 0.9465120434761047 37
1738763914909 0.9440557360649109 38
1738763914910 0.9388091564178467 39
1738763914912 0.9306949377059937 40
1738763914913 0.9218738079071045 41
1738763914914 0.9075201153755188 42
1738763914916 0.9165727496147156 43
1738763914917 0.9167892336845398 44
1738763914918 0.9000480771064758 45
1738763914919 0.9045395851135254 46
1738763914920 0.8898267149925232 47
1738763914921 0.8791059851646423 48
1738763914923 0.8919808864593506 49
1738763914924 0.8886077404022217 50
1738763914925 0.878141462802887 51
1738763914926 0.8691279888153076 52
1738763914927 0.8710434436798096 53
1738763914928 0.8561243414878845 54
1738763914930 0.8602074384689331 55
1738763914931 0.8529720306396484 56
1738763914932 0.8491945862770081 57
1738763914933 0.8418161273002625 58
1738763914934 0.8449352383613586 59
1738763914935 0.8452255129814148 60
1738763914936 0.8373486399650574 61
1738763914937 0.8315526843070984 62
1738763914939 0.828635036945343 63
1738763914940 0.8284821510314941 64
1738763914941 0.8279930949211121 65
1738763914942 0.8207476139068604 66
1738763914943 0.8140478730201721 67
1738763914944 0.8176882266998291 68
1738763914945 0.8110995292663574 69
1738763914947 0.803760826587677 70
1738763914948 0.8054986596107483 71
1738763914949 0.7949539422988892 72
1738763914950 0.8044365644454956 73
1738763914951 0.7916471362113953 74
1738763914952 0.7904531359672546 75
1738763914953 0.7905734181404114 76
1738763914955 0.7855315208435059 77
1738763914956 0.7864518761634827 78
1738763914957 0.7815064191818237 79
1738763914958 0.7858538031578064 80
1738763914959 0.7811089158058167 81
1738763914960 0.7759990692138672 82
1738763914961 0.7652492523193359 83
1738763914963 0.7760157585144043 84
1738763914964 0.768455445766449 85
1738763914965 0.7699657678604126 86
1738763914966 0.7593904137611389 87
1738763914967 0.7592421174049377 88
1738763914968 0.7577086687088013 89
1738763914969 0.7531773447990417 90
1738763914971 0.7565166354179382 91
1738763914972 0.7429329752922058 92
1738763914973 0.7571575045585632 93
1738763914974 0.749356210231781 94
1738763914975 0.7453346848487854 95
1738763914976 0.7398101687431335 96
1738763914977 0.7513921856880188 97
1738763914978 0.7450856566429138 98
1738763914979 0.7419877052307129 99
1738763914981 0.7353189587593079 100
1738763914982 0.7284467220306396 101
1738763914983 0.739976704120636 102
1738763914985 0.7208970785140991 103
1738763914986 0.7272253632545471 104
1738763914987 0.7193530797958374 105
1738763914988 0.7248272895812988 106
1738763914989 0.7097949981689453 107
1738763914991 0.7147769331932068 108
1738763914992 0.7112985849380493 109
1738763914993 0.7041872143745422 110
1738763914994 0.7128294110298157 111
1738763914995 0.7105081081390381 112
1738763914996 0.713234007358551 113
1738763914997 0.6998841762542725 114
1738763914998 0.7063445448875427 115
1738763915000 0.6973289251327515 116
1738763915001 0.6993433237075806 117
1738763915002 0.6950187087059021 118
1738763915003 0.6958158612251282 119
