1738771497587 1.6963965892791748 0
1738771497589 1.3994024991989136 1
1738771497590 1.3539522886276245 2
1738771497591 1.3173221349716187 3
1738771497593 1.32594895362854 4
1738771497594 1.310031533241272 5
1738771497596 1.2972383499145508 6
1738771497598 1.1949180364608765 7
1738771497601 1.22255277633667 8
1738771497603 1.1787480115890503 9
1738771497606 1.1933752298355103 10
1738771497608 1.2221920490264893 11
1738771497610 1.1307755708694458 12
1738771497611 1.1276863813400269 13
1738771497612 1.1702533960342407 14
1738771497613 47.502254486083984 15
1738771497615 2.008164167404175 16
1738771497616 1.6973568201065063 17
1738771497617 1.6629694700241089 18
1738771497619 1.5959382057189941 19
1738771497620 1.5633221864700317 20
1738771497622 1.5251541137695312 21
1738771497623 1.5034042596817017 22
1738771497624 1.4681575298309326 23
1738771497625 1.4519330263137817 24
1738771497627 1.4336601495742798 25
1738771497628 1.4016945362091064 26
1738771497629 1.3839510679244995 27
1738771497630 1.3561069965362549 28
1738771497631 1.329965353012085 29
1738771497633 1.332339882850647 30
1738771497634 1.293599247932434 31
1738771497635 1.2759498357772827 32
1738771497636 1.2582790851593018 33
1738771497638 1.2443232536315918 34
1738771497639 1.192913293838501 35
1738771497640 1.2108159065246582 36
1738771497641 1.1795427799224854 37
1738771497643 1.1613184213638306 38
1738771497644 1.1659148931503296 39
1738771497645 1.1383540630340576 40
1738771497646 1.1072784662246704 41
1738771497647 1.0934275388717651 42
1738771497649 1.084118366241455 43
1738771497650 1.1321401596069336 44
1738771497651 1.0881338119506836 45
1738771497652 1.0787489414215088 46
1738771497653 1.0724472999572754 47
1738771497655 1.0702650547027588 48
1738771497656 1.0656684637069702 49
1738771497657 1.1503899097442627 50
1738771497658 1.0662295818328857 51
1738771497659 1.0536483526229858 52
1738771497661 1.0277564525604248 53
1738771497662 1.0560334920883179 54
1738771497663 1.0235496759414673 55
1738771497664 1.0799014568328857 56
1738771497665 1.0941762924194336 57
1738771497667 1.04752779006958 58
1738771497668 1.0484553575515747 59
1738771497669 1.0557241439819336 60
1738771497670 1.0388495922088623 61
1738771497672 1.0520851612091064 62
1738771497673 1.027165174484253 63
1738771497674 1.0341020822525024 64
1738771497675 1.0832077264785767 65
1738771497676 47.6174430847168 66
1738771497678 1.6176092624664307 67
1738771497679 1.5007858276367188 68
1738771497680 1.4508949518203735 69
1738771497681 1.4272475242614746 70
1738771497682 1.3828996419906616 71
1738771497683 1.3398489952087402 72
1738771497685 1.29062819480896 73
1738771497686 1.2506895065307617 74
1738771497687 1.2198026180267334 75
1738771497688 1.1827527284622192 76
1738771497689 1.133744239807129 77
1738771497691 1.084017276763916 78
1738771497692 1.0698148012161255 79
1738771497693 1.0433354377746582 80
1738771497694 1.0368551015853882 81
1738771497695 0.9993271827697754 82
1738771497697 0.9798608422279358 83
1738771497698 0.9773570895195007 84
1738771497699 0.9410139322280884 85
1738771497700 0.9304525852203369 86
1738771497701 0.9267668724060059 87
1738771497702 0.8987993001937866 88
1738771497704 0.9108875393867493 89
1738771497705 0.9008909463882446 90
1738771497706 0.9115978479385376 91
1738771497707 0.8916718363761902 92
1738771497708 0.8905704021453857 93
1738771497710 0.871631383895874 94
1738771497711 0.8769108057022095 95
1738771497712 0.8887355923652649 96
1738771497713 0.8752613663673401 97
1738771497714 0.9039233922958374 98
1738771497716 0.8922044634819031 99
1738771497717 0.9316224455833435 100
1738771497718 0.9286946654319763 101
1738771497719 0.9061456322669983 102
1738771497720 0.9108912944793701 103
1738771497722 0.8934655785560608 104
1738771497723 0.8800683617591858 105
1738771497724 0.8872167468070984 106
1738771497725 0.9915191531181335 107
1738771497726 48.90650939941406 108
1738771497728 1.6070680618286133 109
1738771497729 1.5157700777053833 110
1738771497730 1.4547168016433716 111
1738771497731 1.4152839183807373 112
1738771497732 1.3497778177261353 113
1738771497733 1.3200042247772217 114
1738771497735 1.2713347673416138 115
1738771497736 1.2127034664154053 116
1738771497737 1.183343529701233 117
1738771497738 1.1310009956359863 118
1738771497739 1.098525047302246 119
