1738771497587 0.31855469942092896 0
1738771497589 0.4422656297683716 1
1738771497590 0.4712499976158142 2
1738771497591 0.4898437559604645 3
1738771497593 0.49324217438697815 4
1738771497594 0.5010156035423279 5
1738771497596 0.5066015720367432 6
1738771497598 0.5442968606948853 7
1738771497601 0.5351172089576721 8
1738771497603 0.551953136920929 9
1738771497606 0.5566796660423279 10
1738771497608 0.5423437356948853 11
1738771497610 0.5758593678474426 12
1738771497611 0.5714452862739563 13
1738771497612 0.562695324420929 14
1738771497613 0.36445313692092896 15
1738771497615 0.2819531261920929 16
1738771497616 0.3228124976158142 17
1738771497617 0.3392968773841858 18
1738771497619 0.3601953089237213 19
1738771497620 0.37109375 20
1738771497622 0.38398438692092896 21
1738771497623 0.39949217438697815 22
1738771497624 0.4078906178474426 23
1738771497625 0.4166796803474426 24
1738771497627 0.4242187440395355 25
1738771497628 0.4432421922683716 26
1738771497629 0.45390623807907104 27
1738771497630 0.46812498569488525 28
1738771497631 0.4787890613079071 29
1738771497633 0.4753125011920929 30
1738771497634 0.49308595061302185 31
1738771497635 0.501757800579071 32
1738771497636 0.510937511920929 33
1738771497638 0.519335925579071 34
1738771497639 0.5339062213897705 35
1738771497640 0.5333593487739563 36
1738771497641 0.54296875 37
1738771497643 0.5528125166893005 38
1738771497644 0.5595312714576721 39
1738771497645 0.568359375 40
1738771497646 0.5742968916893005 41
1738771497647 0.5858593583106995 42
1738771497649 0.5954296588897705 43
1738771497650 0.578125 44
1738771497651 0.5912890434265137 45
1738771497652 0.5963671803474426 46
1738771497653 0.5951952934265137 47
1738771497655 0.5955469012260437 48
1738771497656 0.6035937666893005 49
1738771497657 0.5768749713897705 50
1738771497658 0.6029687523841858 51
1738771497659 0.6093359589576721 52
1738771497661 0.6235937476158142 53
1738771497662 0.6108593940734863 54
1738771497663 0.6249609589576721 55
1738771497664 0.6080859303474426 56
1738771497665 0.6045703291893005 57
1738771497667 0.6213672161102295 58
1738771497668 0.6220312714576721 59
1738771497669 0.6219531297683716 60
1738771497670 0.6234765648841858 61
1738771497672 0.6268749833106995 62
1738771497673 0.6357421875 63
1738771497674 0.6346874833106995 64
1738771497675 0.6266406178474426 65
1738771497676 0.36722657084465027 66
1738771497678 0.36742186546325684 67
1738771497679 0.4053906202316284 68
1738771497680 0.4215624928474426 69
1738771497681 0.4368359446525574 70
1738771497682 0.44914063811302185 71
1738771497683 0.47144532203674316 72
1738771497685 0.49996092915534973 73
1738771497686 0.5137109160423279 74
1738771497687 0.5335546731948853 75
1738771497688 0.5462109446525574 76
1738771497689 0.5643749833106995 77
1738771497691 0.5879296660423279 78
1738771497692 0.5970703363418579 79
1738771497693 0.6094531416893005 80
1738771497694 0.6103125214576721 81
1738771497695 0.6242969036102295 82
1738771497697 0.6424219012260437 83
1738771497698 0.6480078101158142 84
1738771497699 0.6568750143051147 85
1738771497700 0.6653515696525574 86
1738771497701 0.6691015362739563 87
1738771497702 0.6815624833106995 88
1738771497704 0.6760937571525574 89
1738771497705 0.6850390434265137 90
1738771497706 0.6801953315734863 91
1738771497707 0.6899609565734863 92
1738771497708 0.687695324420929 93
1738771497710 0.6944531202316284 94
1738771497711 0.6975781321525574 95
1738771497712 0.6913281083106995 96
1738771497713 0.6998046636581421 97
1738771497714 0.6930859088897705 98
1738771497716 0.699999988079071 99
1738771497717 0.6826562285423279 100
1738771497718 0.6851953268051147 101
1738771497719 0.6927734613418579 102
1738771497720 0.6923046708106995 103
1738771497722 0.701953113079071 104
1738771497723 0.702343761920929 105
1738771497724 0.7028124928474426 106
1738771497725 0.6726953387260437 107
1738771497726 0.3509765565395355 108
1738771497728 0.38187500834465027 109
1738771497729 0.40769532322883606 110
1738771497730 0.4244921803474426 111
1738771497731 0.4444531202316284 112
1738771497732 0.4720703065395355 113
1738771497733 0.4853515625 114
1738771497735 0.5079687237739563 115
1738771497736 0.5311718583106995 116
1738771497737 0.5428906083106995 117
1738771497738 0.5746093988418579 118
1738771497739 0.5893359184265137 119
