1738761386540 0.41136717796325684 0
1738761386542 0.5173046588897705 1
1738761386544 0.5456249713897705 2
1738761386545 0.5610156059265137 3
1738761386547 0.5731640458106995 4
1738761386548 0.5814062356948853 5
1738761386550 0.590039074420929 6
1738761386551 0.6023046970367432 7
1738761386553 0.6031249761581421 8
1738761386554 0.614062488079071 9
1738761386555 0.6198046803474426 10
1738761386557 0.6164844036102295 11
1738761386558 0.6224218606948853 12
1738761386559 0.6251171827316284 13
1738761386560 0.6288281083106995 14
1738761386561 0.6305078268051147 15
1738761386563 0.6373437643051147 16
1738761386564 0.6375781297683716 17
1738761386565 0.6402734518051147 18
1738761386568 0.6457812786102295 19
1738761386570 0.6455078125 20
1738761386572 0.647656261920929 21
1738761386573 0.6516406536102295 22
1738761386574 0.6485156416893005 23
1738761386576 0.653515636920929 24
1738761386577 0.6528906226158142 25
1738761386578 0.6517968773841858 26
1738761386580 0.6613671779632568 27
1738761386581 0.6571875214576721 28
1738761386583 0.6641796827316284 29
1738761386584 0.6620312333106995 30
1738761386586 0.66015625 31
1738761386588 0.6668750047683716 32
1738761386589 0.6654297113418579 33
1738761386590 0.6703906059265137 34
1738761386592 0.6663281321525574 35
1738761386593 0.6703515648841858 36
1738761386594 0.6698046922683716 37
1738761386595 0.6707812547683716 38
1738761386597 0.6690624952316284 39
1738761386599 0.6727734208106995 40
1738761386601 0.6764453053474426 41
1738761386603 0.6716406345367432 42
1738761386604 0.6747656464576721 43
1738761386605 0.6739843487739563 44
1738761386606 0.6742578148841858 45
1738761386608 0.6769921779632568 46
1738761386609 0.6702343821525574 47
1738761386610 0.6752343773841858 48
1738761386611 0.676953136920929 49
1738761386613 0.6763671636581421 50
1738761386614 0.6792968511581421 51
1738761386615 0.6832031011581421 52
1738761386616 0.6799609661102295 53
1738761386617 0.6799218654632568 54
1738761386618 0.6808984279632568 55
1738761386620 0.6820312738418579 56
1738761386621 0.6876171827316284 57
1738761386622 0.6844531297683716 58
1738761386623 0.6864452958106995 59
1738761386624 0.6848437786102295 60
1738761386625 0.6853125095367432 61
1738761386627 0.6873437762260437 62
1738761386628 0.6858984231948853 63
1738761386629 0.6863672137260437 64
1738761386630 0.6847265362739563 65
1738761386631 0.6938672065734863 66
1738761386632 0.6845703125 67
1738761386634 0.6938672065734863 68
1738761386635 0.6895312666893005 69
1738761386636 0.6896874904632568 70
1738761386637 0.6857812404632568 71
1738761386638 0.6917577981948853 72
1738761386639 0.6921484470367432 73
1738761386641 0.689257800579071 74
1738761386642 0.6980078220367432 75
1738761386643 0.6958593726158142 76
1738761386644 0.6897265911102295 77
1738761386645 0.6916406154632568 78
1738761386646 0.6888281106948853 79
1738761386648 0.6892969012260437 80
1738761386649 0.6969531178474426 81
1738761386650 0.6964062452316284 82
1738761386651 0.695117175579071 83
1738761386652 0.6945703029632568 84
1738761386653 0.6948437690734863 85
1738761386656 0.6916797161102295 86
1738761386658 0.6975390911102295 87
1738761386661 0.6978124976158142 88
1738761386664 0.692187488079071 89
1738761386667 0.6966015696525574 90
1738761386670 0.6995312571525574 91
1738761386673 0.7003515362739563 92
1738761386675 0.6948046684265137 93
1738761386678 0.6988672018051147 94
1738761386681 0.6967968940734863 95
1738761386684 0.7016015648841858 96
1738761386687 0.7005078196525574 97
1738761386690 0.6955859661102295 98
1738761386693 0.6965234279632568 99
1738761386695 0.7020702958106995 100
1738761386696 0.6970312595367432 101
1738761386697 0.6977734565734863 102
1738761386698 0.6978906393051147 103
1738761386699 0.7022656202316284 104
1738761386701 0.6974999904632568 105
1738761386702 0.7003515362739563 106
1738761386703 0.6977734565734863 107
1738761386704 0.7042577862739563 108
1738761386705 0.7032031416893005 109
1738761386706 0.7041015625 110
1738761386708 0.7016015648841858 111
1738761386709 0.699414074420929 112
1738761386710 0.7021484375 113
1738761386711 0.7040625214576721 114
1738761386712 0.7001171708106995 115
1738761386714 0.7034375071525574 116
1738761386715 0.7060546875 117
1738761386716 0.701953113079071 118
1738761386717 0.7014062404632568 119
