1738761386540 1.4939395189285278 0
1738761386542 1.2491759061813354 1
1738761386544 1.1893848180770874 2
1738761386545 1.147517442703247 3
1738761386547 1.119825839996338 4
1738761386548 1.0996708869934082 5
1738761386550 1.0828111171722412 6
1738761386551 1.0567958354949951 7
1738761386553 1.0596786737442017 8
1738761386554 1.0276095867156982 9
1738761386555 1.016708254814148 10
1738761386557 1.0201101303100586 11
1738761386558 1.0077221393585205 12
1738761386559 1.0065900087356567 13
1738761386560 1.0014262199401855 14
1738761386561 0.9917342662811279 15
1738761386563 0.9813810586929321 16
1738761386564 0.9857581853866577 17
1738761386565 0.970552384853363 18
1738761386568 0.9723715782165527 19
1738761386570 0.9660568237304688 20
1738761386572 0.9672142863273621 21
1738761386573 0.9633635878562927 22
1738761386574 0.967311680316925 23
1738761386576 0.9534519910812378 24
1738761386577 0.9456608295440674 25
1738761386578 0.9497020244598389 26
1738761386580 0.9331042766571045 27
1738761386581 0.9527830481529236 28
1738761386583 0.9344738125801086 29
1738761386584 0.9394687414169312 30
1738761386586 0.9426906108856201 31
1738761386588 0.9217835068702698 32
1738761386589 0.9291470050811768 33
1738761386590 0.9297672510147095 34
1738761386592 0.9295194745063782 35
1738761386593 0.9195495843887329 36
1738761386594 0.9226439595222473 37
1738761386595 0.915414571762085 38
1738761386597 0.9248431921005249 39
1738761386599 0.9186065196990967 40
1738761386601 0.915378749370575 41
1738761386603 0.9133009314537048 42
1738761386604 0.9144947528839111 43
1738761386605 0.9082674384117126 44
1738761386606 0.9066033363342285 45
1738761386608 0.9044812917709351 46
1738761386609 0.9160780906677246 47
1738761386610 0.91758131980896 48
1738761386611 0.9054762125015259 49
1738761386613 0.9075259566307068 50
1738761386614 0.9059701561927795 51
1738761386615 0.9029747247695923 52
1738761386616 0.8918392658233643 53
1738761386617 0.8956704139709473 54
1738761386618 0.8936532735824585 55
1738761386620 0.9020826816558838 56
1738761386621 0.8857048749923706 57
1738761386622 0.8927326798439026 58
1738761386623 0.8910274505615234 59
1738761386624 0.8872029185295105 60
1738761386625 0.887596845626831 61
1738761386627 0.8916048407554626 62
1738761386628 0.8867024183273315 63
1738761386629 0.8903977870941162 64
1738761386630 0.8816031813621521 65
1738761386631 0.8818748593330383 66
1738761386632 0.8830259442329407 67
1738761386634 0.8769018650054932 68
1738761386635 0.8813411593437195 69
1738761386636 0.8815021514892578 70
1738761386637 0.8821917772293091 71
1738761386638 0.8833519220352173 72
1738761386639 0.8770602941513062 73
1738761386641 0.8770143389701843 74
1738761386642 0.8738484382629395 75
1738761386643 0.8667643070220947 76
1738761386644 0.8808019161224365 77
1738761386645 0.8828301429748535 78
1738761386646 0.8752294182777405 79
1738761386648 0.8812403082847595 80
1738761386649 0.8664641380310059 81
1738761386650 0.8667548298835754 82
1738761386651 0.8750554919242859 83
1738761386652 0.8753842711448669 84
1738761386653 0.8653783202171326 85
1738761386656 0.8798049092292786 86
1738761386658 0.8660845160484314 87
1738761386661 0.8622400760650635 88
1738761386664 0.8703815340995789 89
1738761386667 0.8658972978591919 90
1738761386670 0.8572177290916443 91
1738761386673 0.8530730605125427 92
1738761386675 0.8690845966339111 93
1738761386678 0.865614652633667 94
1738761386681 0.8688711524009705 95
1738761386684 0.858417809009552 96
1738761386687 0.8600022196769714 97
1738761386690 0.8722375631332397 98
1738761386693 0.8634474873542786 99
1738761386695 0.8549166321754456 100
1738761386696 0.8575246334075928 101
1738761386697 0.8696572780609131 102
1738761386698 0.8709474802017212 103
1738761386699 0.8603160381317139 104
1738761386701 0.8531126379966736 105
1738761386702 0.855990469455719 106
1738761386703 0.864889919757843 107
1738761386704 0.8579093217849731 108
1738761386705 0.8556470274925232 109
1738761386706 0.8514730334281921 110
1738761386708 0.852122962474823 111
1738761386709 0.8553931713104248 112
1738761386710 0.856941819190979 113
1738761386711 0.8523573875427246 114
1738761386712 0.8559074997901917 115
1738761386714 0.8567253351211548 116
1738761386715 0.8391193151473999 117
1738761386716 0.8576543927192688 118
1738761386717 0.8548169136047363 119
