1738432104117 0.19703124463558197 0
1738432104119 0.2077343761920929 1
1738432104121 0.1788671910762787 2
1738432104122 0.16832031309604645 3
1738432104124 0.17277343571186066 4
1738432104126 0.17226561903953552 5
1738432104128 0.1723046898841858 6
1738432104130 0.16773436963558197 7
1738432104132 0.16539062559604645 8
1738432104134 0.17292968928813934 9
1738432104136 0.17097656428813934 10
1738432104138 0.17449218034744263 11
1738432104139 0.17394530773162842 12
1738432104141 0.17101562023162842 13
1738432104144 0.17050781846046448 14
1738432104146 0.1736718714237213 15
1738432104148 0.17320312559604645 16
1738432104150 0.181640625 17
1738432104152 0.1926562488079071 18
1738432104154 0.20078125596046448 19
1738432104156 0.20867186784744263 20
1738432104158 0.21226562559604645 21
1738432104160 0.22332030534744263 22
1738432104162 0.2367578148841858 23
1738432104164 0.23839843273162842 24
1738432104165 0.23906250298023224 25
1738432104167 0.2561718821525574 26
1738432104169 0.2551562488079071 27
1738432104171 0.2663281261920929 28
1738432104173 0.26222655177116394 29
1738432104175 0.24839843809604645 30
1738432104176 0.17929688096046448 31
1738432104178 0.17320312559604645 32
1738432104180 0.16703124344348907 33
1738432104182 0.16625000536441803 34
1738432104184 0.1674218773841858 35
1738432104186 0.16570311784744263 36
1738432104188 0.16664062440395355 37
1738432104189 0.1696484386920929 38
1738432104191 0.1685156226158142 39
1738432104193 0.1655859351158142 40
1738432104195 0.16511718928813934 41
1738432104197 0.16917969286441803 42
1738432104199 0.16789062321186066 43
1738432104201 0.1731249988079071 44
1738432104203 0.1725781261920929 45
1738432104205 0.16835936903953552 46
1738432104207 0.17414063215255737 47
1738432104209 0.1713281273841858 48
1738432104210 0.1703515648841858 49
1738432104212 0.1707421839237213 50
1738432104214 0.1689453125 51
1738432104216 0.1730078160762787 52
1738432104218 0.1693750023841858 53
1738432104220 0.17175781726837158 54
1738432104222 0.17292968928813934 55
1738432104224 0.17812499403953552 56
1738432104225 0.17570312321186066 57
1738432104227 0.16863280534744263 58
1738432104229 0.17199218273162842 59
1738432104231 0.17851562798023224 60
1738432104233 0.17917968332767487 61
1738432104235 0.18503905832767487 62
1738432104237 0.19429688155651093 63
1738432104239 0.2007421851158142 64
1738432104241 0.18726561963558197 65
1738432104242 0.1678124964237213 66
1738432104244 0.16968749463558197 67
1738432104246 0.1674218773841858 68
1738432104248 0.16906249523162842 69
1738432104250 0.1672656238079071 70
1738432104252 0.16386719048023224 71
1738432104254 0.16480468213558197 72
1738432104255 0.1701953113079071 73
1738432104257 0.17222656309604645 74
1738432104259 0.16925781965255737 75
1738432104261 0.17472656071186066 76
1738432104263 0.17148438096046448 77
1738432104265 0.16542968153953552 78
1738432104267 0.16746093332767487 79
1738432104269 0.1703515648841858 80
1738432104271 0.1721484363079071 81
1738432104272 0.17128905653953552 82
1738432104274 0.16906249523162842 83
1738432104276 0.16863280534744263 84
1738432104278 0.17195312678813934 85
1738432104280 0.17113281786441803 86
1738432104282 0.16718749701976776 87
1738432104284 0.17015625536441803 88
1738432104286 0.16847656667232513 89
1738432104287 0.17003905773162842 90
1738432104289 0.1721484363079071 91
1738432104291 0.16960936784744263 92
1738432104293 0.17374999821186066 93
1738432104295 0.17374999821186066 94
1738432104297 0.17695312201976776 95
1738432104299 0.1731249988079071 96
1738432104301 0.1742578148841858 97
1738432104302 0.18937499821186066 98
1738432104304 0.19347655773162842 99
1738432104306 0.17824219167232513 100
1738432104308 0.171875 101
1738432104310 0.16933593153953552 102
1738432104312 0.1736718714237213 103
1738432104314 0.16957031190395355 104
1738432104316 0.1760546863079071 105
1738432104317 0.1732812523841858 106
1738432104319 0.1748046875 107
1738432104321 0.17050781846046448 108
1738432104323 0.16667968034744263 109
1738432104325 0.1686718761920929 110
1738432104327 0.17152343690395355 111
1738432104329 0.1735546886920929 112
1738432104331 0.17292968928813934 113
1738432104333 0.16882812976837158 114
1738432104335 0.1724218726158142 115
1738432104336 0.1654687523841858 116
1738432104338 0.17066405713558197 117
1738432104340 0.1692187488079071 118
1738432104342 0.16800780594348907 119
