1738432104117 1.9223521947860718 0
1738432104119 1.8871753215789795 1
1738432104121 25.796152114868164 2
1738432104122 3.774921178817749 3
1738432104124 1.8770478963851929 4
1738432104126 1.8385953903198242 5
1738432104128 1.8567756414413452 6
1738432104130 1.8897262811660767 7
1738432104132 1.8823667764663696 8
1738432104134 2.1047558784484863 9
1738432104136 2.0627288818359375 10
1738432104138 1.940416693687439 11
1738432104139 1.8542466163635254 12
1738432104141 1.8882205486297607 13
1738432104144 1.871244192123413 14
1738432104146 1.8250761032104492 15
1738432104148 1.8331164121627808 16
1738432104150 1.805126667022705 17
1738432104152 1.8076623678207397 18
1738432104154 1.7980009317398071 19
1738432104156 1.794917345046997 20
1738432104158 1.7919814586639404 21
1738432104160 1.7906650304794312 22
1738432104162 1.7825016975402832 23
1738432104164 1.791725754737854 24
1738432104165 1.7898139953613281 25
1738432104167 1.7611526250839233 26
1738432104169 1.752129077911377 27
1738432104171 1.7409051656723022 28
1738432104173 1.7796134948730469 29
1738432104175 1.9305490255355835 30
1738432104176 185.58441162109375 31
1738432104178 4.785788536071777 32
1738432104180 1.9979597330093384 33
1738432104182 1.9155642986297607 34
1738432104184 1.8865454196929932 35
1738432104186 1.8983581066131592 36
1738432104188 1.897511601448059 37
1738432104189 2.0263450145721436 38
1738432104191 5.756258964538574 39
1738432104193 2.8252322673797607 40
1738432104195 2.6356563568115234 41
1738432104197 2.738478422164917 42
1738432104199 3.917567491531372 43
1738432104201 2.7973241806030273 44
1738432104203 1.8995497226715088 45
1738432104205 2.0420937538146973 46
1738432104207 3.094667434692383 47
1738432104209 1.888054370880127 48
1738432104210 1.9154651165008545 49
1738432104212 1.9864332675933838 50
1738432104214 4.310805797576904 51
1738432104216 2.791332483291626 52
1738432104218 1.837916612625122 53
1738432104220 1.8132439851760864 54
1738432104222 1.8034785985946655 55
1738432104224 1.8313616514205933 56
1738432104225 1.8474304676055908 57
1738432104227 1.8458796739578247 58
1738432104229 1.8567086458206177 59
1738432104231 1.8307758569717407 60
1738432104233 1.839794635772705 61
1738432104235 1.8516550064086914 62
1738432104237 1.829439401626587 63
1738432104239 1.8122256994247437 64
1738432104241 4.708022117614746 65
1738432104242 199.4372100830078 66
1738432104244 4.204919338226318 67
1738432104246 2.2587227821350098 68
1738432104248 2.007345676422119 69
1738432104250 1.9077531099319458 70
1738432104252 1.8746113777160645 71
1738432104254 1.8860725164413452 72
1738432104255 1.8688528537750244 73
1738432104257 2.129760265350342 74
1738432104259 2.291245460510254 75
1738432104261 3.24664306640625 76
1738432104263 5.640520095825195 77
1738432104265 1.964729905128479 78
1738432104267 1.9957276582717896 79
1738432104269 2.346444845199585 80
1738432104271 2.1462693214416504 81
1738432104272 2.9015283584594727 82
1738432104274 2.932299852371216 83
1738432104276 1.9136128425598145 84
1738432104278 2.136465549468994 85
1738432104280 2.183685541152954 86
1738432104282 2.023294687271118 87
1738432104284 1.9890140295028687 88
1738432104286 2.0094995498657227 89
1738432104287 1.9300870895385742 90
1738432104289 2.0233469009399414 91
1738432104291 2.0010929107666016 92
1738432104293 1.8697173595428467 93
1738432104295 1.8676621913909912 94
1738432104297 1.8101742267608643 95
1738432104299 1.8311845064163208 96
1738432104301 1.8153865337371826 97
1738432104302 1.811467170715332 98
1738432104304 1.8466640710830688 99
1738432104306 41.89598083496094 100
1738432104308 183.77853393554688 101
1738432104310 3.8154919147491455 102
1738432104312 2.238083839416504 103
1738432104314 1.9454952478408813 104
1738432104316 1.8520413637161255 105
1738432104317 1.8352723121643066 106
1738432104319 1.8316572904586792 107
1738432104321 1.8402153253555298 108
1738432104323 1.925995945930481 109
1738432104325 2.6094188690185547 110
1738432104327 3.4358303546905518 111
1738432104329 3.069502353668213 112
1738432104331 7.839270114898682 113
1738432104333 1.946080207824707 114
1738432104335 1.8427941799163818 115
1738432104336 1.8885568380355835 116
1738432104338 2.0279386043548584 117
1738432104340 2.168097734451294 118
1738432104342 2.256181240081787 119
