1738305973137 1.8745338916778564 0
1738305973139 1.1898406744003296 1
1738305973140 0.9239897727966309 2
1738305973141 0.8156923055648804 3
1738305973143 0.7498831748962402 4
1738305973144 0.699982762336731 5
1738305973145 0.6592777967453003 6
1738305973146 0.6402506828308105 7
1738305973148 0.6210634112358093 8
1738305973149 0.6035290360450745 9
1738305973150 0.5860441327095032 10
1738305973151 0.5838323831558228 11
1738305973152 0.5703212022781372 12
1738305973154 0.5589392781257629 13
1738305973155 0.5566022992134094 14
1738305973156 0.549424946308136 15
1738305973157 0.5529668927192688 16
1738305973158 0.5308401584625244 17
1738305973160 0.5357000231742859 18
1738305973161 0.5218859314918518 19
1738305973162 0.515598475933075 20
1738305973163 0.513601541519165 21
1738305973164 0.5366261005401611 22
1738305973166 0.5145599246025085 23
1738305973167 0.5206354260444641 24
1738305973168 0.5086506009101868 25
1738305973169 0.5072099566459656 26
1738305973170 0.5040131211280823 27
1738305973172 0.5074437260627747 28
1738305973173 0.5086381435394287 29
1738305973174 0.5100703239440918 30
1738305973175 0.49753567576408386 31
1738305973176 0.5088261961936951 32
1738305973177 0.5101578235626221 33
1738305973179 0.5065646171569824 34
1738305973180 0.5073810815811157 35
