1738305973137 0.4114062488079071 0
1738305973139 0.6256250143051147 1
1738305973140 0.7256249785423279 2
1738305973141 0.7699999809265137 3
1738305973143 0.7940234541893005 4
1738305973144 0.8130078315734863 5
1738305973145 0.8252343535423279 6
1738305973146 0.8331640362739563 7
1738305973148 0.8402734398841858 8
1738305973149 0.8471875190734863 9
1738305973150 0.8499218821525574 10
1738305973151 0.8522655963897705 11
1738305973152 0.8575780987739563 12
1738305973154 0.8598437309265137 13
1738305973155 0.8565234541893005 14
1738305973156 0.8639843463897705 15
1738305973157 0.8614062666893005 16
1738305973158 0.8673437237739563 17
1738305973160 0.8647265434265137 18
1738305973161 0.8698437213897705 19
1738305973162 0.8713281154632568 20
1738305973163 0.8703515529632568 21
1738305973164 0.8664844036102295 22
1738305973166 0.8736718893051147 23
1738305973167 0.8703515529632568 24
1738305973168 0.8739062547683716 25
1738305973169 0.8733593821525574 26
1738305973170 0.8766406178474426 27
1738305973172 0.872265636920929 28
1738305973173 0.8735547065734863 29
1738305973174 0.8749609589576721 30
1738305973175 0.879101574420929 31
1738305973176 0.8746874928474426 32
1738305973177 0.8761327862739563 33
1738305973179 0.8739843964576721 34
1738305973180 0.8769140839576721 35
