1738444294890 0.1748046875 0
1738444294892 0.16789062321186066 1
1738444294894 0.17289061844348907 2
1738444294896 0.1689453125 3
1738444294897 0.16843749582767487 4
1738444294899 0.17359374463558197 5
1738444294901 0.1704687476158142 6
1738444294903 0.17484374344348907 7
1738444294905 0.1919531226158142 8
1738444294907 0.20441406965255737 9
1738444294909 0.22144530713558197 10
1738444294910 0.23820312321186066 11
1738444294911 0.24839843809604645 12
1738444294913 0.25175780057907104 13
1738444294914 0.25679686665534973 14
1738444294915 0.25242188572883606 15
1738444294916 0.2523437440395355 16
1738444294917 0.24019531905651093 17
1738444294919 0.24597656726837158 18
1738444294922 0.20281249284744263 19
1738444294925 0.1675390601158142 20
1738444294927 0.16605468094348907 21
1738444294928 0.16667968034744263 22
1738444294930 0.16566406190395355 23
1738444294932 0.17152343690395355 24
1738444294934 0.16789062321186066 25
1738444294936 0.16968749463558197 26
1738444294938 0.1697656214237213 27
1738444294940 0.16718749701976776 28
1738444294941 0.1689453125 29
1738444294942 0.17066405713558197 30
1738444294944 0.16679687798023224 31
1738444294945 0.16828125715255737 32
1738444294946 0.1703515648841858 33
1738444294947 0.1668359339237213 34
1738444294948 0.16691406071186066 35
1738444294949 0.17164061963558197 36
1738444294951 0.16511718928813934 37
1738444294952 0.17000000178813934 38
1738444294953 0.16914062201976776 39
1738444294955 0.1717187464237213 40
1738444294957 0.1685156226158142 41
1738444294958 0.17054687440395355 42
1738444294959 0.16917969286441803 43
1738444294960 0.17054687440395355 44
1738444294962 0.1720312535762787 45
1738444294963 0.1669921875 46
1738444294964 0.17085938155651093 47
1738444294965 0.1662890613079071 48
1738444294966 0.1671484410762787 49
1738444294968 0.17003905773162842 50
1738444294969 0.17023438215255737 51
1738444294970 0.17152343690395355 52
1738444294971 0.17031249403953552 53
1738444294972 0.1713281273841858 54
1738444294973 0.16761718690395355 55
1738444294975 0.16757813096046448 56
1738444294976 0.1696484386920929 57
1738444294977 0.17128905653953552 58
1738444294978 0.16550780832767487 59
1738444294979 0.17246094346046448 60
1738444294981 0.1662890613079071 61
1738444294982 0.17121094465255737 62
1738444294983 0.17023438215255737 63
1738444294984 0.17468750476837158 64
1738444294985 0.16882812976837158 65
1738444294988 0.16984374821186066 66
1738444294990 0.17152343690395355 67
1738444294992 0.17261718213558197 68
1738444294994 0.16902343928813934 69
1738444294996 0.1687890589237213 70
1738444294997 0.17113281786441803 71
1738444294998 0.17656250298023224 72
1738444294999 0.16855469346046448 73
1738444295000 0.1725781261920929 74
1738444295001 0.17402343451976776 75
1738444295003 0.16660156846046448 76
1738444295004 0.17308594286441803 77
1738444295005 0.17234374582767487 78
1738444295006 0.16804687678813934 79
1738444295008 0.1707421839237213 80
1738444295009 0.17031249403953552 81
1738444295011 0.16832031309604645 82
1738444295012 0.16886718571186066 83
1738444295014 0.16707031428813934 84
1738444295015 0.17093749344348907 85
1738444295016 0.16562500596046448 86
1738444295018 0.1725781261920929 87
1738444295019 0.16898436844348907 88
1738444295021 0.16695313155651093 89
1738444295024 0.17085938155651093 90
1738444295027 0.17249999940395355 91
1738444295029 0.17101562023162842 92
1738444295031 0.16828125715255737 93
1738444295033 0.1708984375 94
1738444295034 0.16890625655651093 95
1738444295036 0.17066405713558197 96
1738444295038 0.16906249523162842 97
1738444295040 0.1661718785762787 98
1738444295041 0.17371094226837158 99
1738444295042 0.17023438215255737 100
1738444295043 0.17374999821186066 101
1738444295044 0.1732812523841858 102
1738444295045 0.16605468094348907 103
1738444295047 0.16800780594348907 104
1738444295048 0.16871093213558197 105
1738444295049 0.16996093094348907 106
1738444295050 0.1683984398841858 107
1738444295051 0.16968749463558197 108
1738444295052 0.16835936903953552 109
1738444295054 0.1714453101158142 110
1738444295056 0.16621093451976776 111
1738444295057 0.16968749463558197 112
1738444295058 0.16507811844348907 113
1738444295059 0.17179687321186066 114
1738444295060 0.1710546910762787 115
1738444295061 0.16773436963558197 116
1738444295062 0.17429687082767487 117
1738444295064 0.17039062082767487 118
1738444295065 0.1725781261920929 119
