1738444294890 2.7435431480407715 0
1738444294892 8.472633361816406 1
1738444294894 2.4368128776550293 2
1738444294896 2.3117775917053223 3
1738444294897 2.2182776927948 4
1738444294899 2.0448198318481445 5
1738444294901 2.1349520683288574 6
1738444294903 2.0359601974487305 7
1738444294905 1.9442676305770874 8
1738444294907 1.9400720596313477 9
1738444294909 1.901527762413025 10
1738444294910 1.9160072803497314 11
1738444294911 1.890769600868225 12
1738444294913 1.9162174463272095 13
1738444294914 1.9236558675765991 14
1738444294915 1.9619563817977905 15
1738444294916 1.9813792705535889 16
1738444294917 2.0052082538604736 17
1738444294919 2.01017689704895 18
1738444294922 7.765578746795654 19
1738444294925 169.21656799316406 20
1738444294927 5.6406426429748535 21
1738444294928 4.8206377029418945 22
1738444294930 4.556118965148926 23
1738444294932 4.367483139038086 24
1738444294934 4.171911716461182 25
1738444294936 3.999666213989258 26
1738444294938 3.874432325363159 27
1738444294940 3.8466811180114746 28
1738444294941 3.670419216156006 29
1738444294942 5.050807476043701 30
1738444294944 5.4016804695129395 31
1738444294945 3.2541627883911133 32
1738444294946 3.2483019828796387 33
1738444294947 3.1257293224334717 34
1738444294948 3.3814094066619873 35
1738444294949 2.8224000930786133 36
1738444294951 2.769148349761963 37
1738444294952 3.5157980918884277 38
1738444294953 2.699056386947632 39
1738444294955 2.472874879837036 40
1738444294957 2.398427724838257 41
1738444294958 2.3751392364501953 42
1738444294959 2.442847728729248 43
1738444294960 2.2896642684936523 44
1738444294962 2.6224167346954346 45
1738444294963 6.889837265014648 46
1738444294964 124.16885375976562 47
1738444294965 4.926938056945801 48
1738444294966 4.230478286743164 49
1738444294968 3.9490790367126465 50
1738444294969 3.738600492477417 51
1738444294970 3.6596829891204834 52
1738444294971 3.6596410274505615 53
1738444294972 3.8272933959960938 54
1738444294973 4.548490524291992 55
1738444294975 3.1753275394439697 56
1738444294976 3.27215576171875 57
1738444294977 3.4964053630828857 58
1738444294978 3.2050843238830566 59
1738444294979 2.9171700477600098 60
1738444294981 2.9885311126708984 61
1738444294982 2.9056334495544434 62
1738444294983 2.5491154193878174 63
1738444294984 2.5561208724975586 64
1738444294985 2.5551834106445312 65
1738444294988 2.467134475708008 66
1738444294990 2.4077367782592773 67
1738444294992 2.4039549827575684 68
1738444294994 3.2887871265411377 69
1738444294996 94.22956848144531 70
1738444294997 53.97928237915039 71
1738444294998 5.140170097351074 72
1738444294999 4.311975955963135 73
1738444295000 4.007323265075684 74
1738444295001 3.789621591567993 75
1738444295003 3.6187691688537598 76
1738444295004 3.469491481781006 77
1738444295005 3.323439121246338 78
1738444295006 3.303431510925293 79
1738444295008 3.538753032684326 80
1738444295009 4.5829548835754395 81
1738444295011 4.2226152420043945 82
1738444295012 2.958245277404785 83
1738444295014 2.8993003368377686 84
1738444295015 3.047361373901367 85
1738444295016 2.950610637664795 86
1738444295018 2.504239082336426 87
1738444295019 2.5224626064300537 88
1738444295021 2.539381980895996 89
1738444295024 2.439574956893921 90
1738444295027 2.3266499042510986 91
1738444295029 2.2778661251068115 92
1738444295031 2.3529882431030273 93
1738444295033 2.1599137783050537 94
1738444295034 2.140559196472168 95
1738444295036 2.2142364978790283 96
1738444295038 65.48748016357422 97
1738444295040 90.478759765625 98
1738444295041 5.05407190322876 99
1738444295042 4.119688987731934 100
1738444295043 3.793356418609619 101
1738444295044 3.5910494327545166 102
1738444295045 3.413034439086914 103
1738444295047 3.2726426124572754 104
1738444295048 3.3862621784210205 105
1738444295049 3.532339572906494 106
1738444295050 3.266849994659424 107
1738444295051 3.9408299922943115 108
1738444295052 3.7891831398010254 109
1738444295054 2.833143949508667 110
1738444295056 2.9583966732025146 111
1738444295057 2.9691126346588135 112
1738444295058 2.5456066131591797 113
1738444295059 3.9347777366638184 114
1738444295060 3.5742719173431396 115
1738444295061 2.387829542160034 116
1738444295062 2.3045449256896973 117
1738444295064 2.311711072921753 118
1738444295065 2.2289891242980957 119
