1738431467253 0.2842968702316284 0
1738431467255 0.38566407561302185 1
1738431467257 0.42613279819488525 2
1738431467258 0.4479687511920929 3
1738431467260 0.4641406238079071 4
1738431467262 0.4701562523841858 5
1738431467264 0.4850781261920929 6
1738431467266 0.4816015660762787 7
1738431467268 0.4924609363079071 8
1738431467270 0.4953906238079071 9
1738431467272 0.4951171875 10
1738431467274 0.49644529819488525 11
1738431467276 0.5007030963897705 12
1738431467278 0.5033203363418579 13
1738431467280 0.5055859088897705 14
1738431467282 0.5069921612739563 15
1738431467284 0.5096484422683716 16
1738431467286 0.5003906488418579 17
1738431467287 0.5132421851158142 18
1738431467289 0.5128515362739563 19
1738431467291 0.5161328315734863 20
1738431467293 0.5173046588897705 21
1738431467294 0.5175390839576721 22
1738431467296 0.5236718654632568 23
1738431467298 0.5116406083106995 24
1738431467300 0.5234765410423279 25
1738431467302 0.5200390815734863 26
1738431467303 0.5238281488418579 27
1738431467305 0.5244922041893005 28
1738431467306 0.5170702934265137 29
1738431467308 0.5274218916893005 30
1738431467310 0.5202343463897705 31
1738431467311 0.5308593511581421 32
1738431467312 0.5203515887260437 33
1738431467313 0.5235546827316284 34
1738431467316 0.528124988079071 35
1738431467318 0.5299609303474426 36
1738431467320 0.5277343988418579 37
1738431467321 0.5244922041893005 38
1738431467323 0.5343359112739563 39
1738431467324 0.5239843726158142 40
1738431467325 0.5333203077316284 41
1738431467326 0.5251562595367432 42
1738431467327 0.5350390672683716 43
1738431467328 0.537109375 44
1738431467330 0.5385546684265137 45
1738431467332 0.5283593535423279 46
1738431467334 0.535937488079071 47
1738431467336 0.5320703387260437 48
1738431467338 0.5354687571525574 49
1738431467341 0.5338281393051147 50
1738431467343 0.5345312356948853 51
1738431467344 0.5308593511581421 52
1738431467346 0.5348827838897705 53
1738431467349 0.5338671803474426 54
1738431467351 0.534375011920929 55
1738431467353 0.5316796898841858 56
1738431467355 0.5371875166893005 57
1738431467356 0.5395312309265137 58
1738431467358 0.530468761920929 59
1738431467359 0.531445324420929 60
1738431467360 0.5377734303474426 61
1738431467362 0.5381249785423279 62
1738431467363 0.5359765887260437 63
1738431467366 0.5358203053474426 64
1738431467368 0.5378124713897705 65
1738431467369 0.5446484088897705 66
1738431467371 0.5352343916893005 67
1738431467374 0.5438671708106995 68
1738431467376 0.5325390696525574 69
1738431467378 0.5410546660423279 70
1738431467381 0.5342187285423279 71
1738431467384 0.5409374833106995 72
1738431467386 0.5431249737739563 73
1738431467389 0.5459374785423279 74
1738431467392 0.5431249737739563 75
1738431467394 0.5372655987739563 76
1738431467395 0.5404297113418579 77
1738431467397 0.5461328029632568 78
1738431467399 0.5407031178474426 79
1738431467400 0.5462499856948853 80
1738431467402 0.5441796779632568 81
1738431467403 0.5399609208106995 82
1738431467405 0.5424609184265137 83
1738431467406 0.5396484136581421 84
1738431467408 0.5429297089576721 85
1738431467410 0.546875 86
1738431467411 0.5411718487739563 87
1738431467413 0.5407812595367432 88
1738431467415 0.5411328077316284 89
1738431467417 0.5457812547683716 90
1738431467419 0.545117199420929 91
1738431467422 0.5448828339576721 92
1738431467424 0.5380468964576721 93
1738431467426 0.5415234565734863 94
1738431467428 0.5440234541893005 95
1738431467430 0.5460156202316284 96
1738431467432 0.5450000166893005 97
1738431467435 0.5408984422683716 98
1738431467436 0.5435156226158142 99
1738431467438 0.5435156226158142 100
1738431467441 0.5434765815734863 101
1738431467443 0.5391406416893005 102
1738431467444 0.5450390577316284 103
1738431467446 0.5377343893051147 104
1738431467449 0.5383203029632568 105
1738431467451 0.547070324420929 106
1738431467453 0.5494140386581421 107
1738431467454 0.5442968606948853 108
1738431467456 0.5432422161102295 109
1738431467458 0.538281261920929 110
1738431467460 0.5485546588897705 111
1738431467462 0.5434765815734863 112
1738431467465 0.5512109398841858 113
1738431467467 0.5480859279632568 114
1738431467469 0.5399218797683716 115
1738431467470 0.5469140410423279 116
1738431467472 0.5476953387260437 117
1738431467474 0.5473437309265137 118
1738431467476 0.5467968583106995 119
