1738431467253 1.7559075355529785 0
1738431467255 1.5248188972473145 1
1738431467257 1.442272663116455 2
1738431467258 1.4129208326339722 3
1738431467260 1.386775016784668 4
1738431467262 1.3701051473617554 5
1738431467264 1.3447456359863281 6
1738431467266 1.35258150100708 7
1738431467268 1.326339840888977 8
1738431467270 1.3253674507141113 9
1738431467272 1.3196651935577393 10
1738431467274 1.32029390335083 11
1738431467276 1.3152270317077637 12
1738431467278 1.310685157775879 13
1738431467280 1.2955749034881592 14
1738431467282 1.2945712804794312 15
1738431467284 1.2947520017623901 16
1738431467286 1.3011091947555542 17
1738431467287 1.2889991998672485 18
1738431467289 1.2859294414520264 19
1738431467291 1.2753185033798218 20
1738431467293 1.282798171043396 21
1738431467294 1.2785274982452393 22
1738431467296 1.2763609886169434 23
1738431467298 1.287208080291748 24
1738431467300 1.2572877407073975 25
1738431467302 1.2682886123657227 26
1738431467303 1.2662979364395142 27
1738431467305 1.266472578048706 28
1738431467306 1.2728115320205688 29
1738431467308 1.251723289489746 30
1738431467310 1.2639894485473633 31
1738431467311 1.243175983428955 32
1738431467312 1.2608988285064697 33
1738431467313 1.2558075189590454 34
1738431467316 1.256776213645935 35
1738431467318 1.2634936571121216 36
1738431467320 1.2495216131210327 37
1738431467321 1.2566163539886475 38
1738431467323 1.2393261194229126 39
1738431467324 1.2574583292007446 40
1738431467325 1.2443588972091675 41
1738431467326 1.2455068826675415 42
1738431467327 1.2370703220367432 43
1738431467328 1.235948920249939 44
1738431467330 1.241708517074585 45
1738431467332 1.2478924989700317 46
1738431467334 1.232354760169983 47
1738431467336 1.2415375709533691 48
1738431467338 1.2389377355575562 49
1738431467341 1.2353266477584839 50
1738431467343 1.231050968170166 51
1738431467344 1.2359728813171387 52
1738431467346 1.2302666902542114 53
1738431467349 1.2368513345718384 54
1738431467351 1.2367624044418335 55
1738431467353 1.2352675199508667 56
1738431467355 1.2210007905960083 57
1738431467356 1.2233258485794067 58
1738431467358 1.2309942245483398 59
1738431467359 1.237043023109436 60
1738431467360 1.2360554933547974 61
1738431467362 1.2255916595458984 62
1738431467363 1.22921621799469 63
1738431467366 1.226273775100708 64
1738431467368 1.223972201347351 65
1738431467369 1.2137867212295532 66
1738431467371 1.2319220304489136 67
1738431467374 1.2186989784240723 68
1738431467376 1.2287349700927734 69
1738431467378 1.2193294763565063 70
1738431467381 1.23514986038208 71
1738431467384 1.22223699092865 72
1738431467386 1.2209181785583496 73
1738431467389 1.1986697912216187 74
1738431467392 1.2192195653915405 75
1738431467394 1.230688452720642 76
1738431467395 1.2196087837219238 77
1738431467397 1.2089728116989136 78
1738431467399 1.212938904762268 79
1738431467400 1.2194632291793823 80
1738431467402 1.2228453159332275 81
1738431467403 1.2212040424346924 82
1738431467405 1.2040430307388306 83
1738431467406 1.2155019044876099 84
1738431467408 1.2083728313446045 85
1738431467410 1.216817855834961 86
1738431467411 1.2230260372161865 87
1738431467413 1.2182133197784424 88
1738431467415 1.2133506536483765 89
1738431467417 1.2104955911636353 90
1738431467419 1.2101683616638184 91
1738431467422 1.2055076360702515 92
1738431467424 1.2208571434020996 93
1738431467426 1.2209380865097046 94
1738431467428 1.2065989971160889 95
1738431467430 1.207553744316101 96
1738431467432 1.2004399299621582 97
1738431467435 1.2174779176712036 98
1738431467436 1.2084662914276123 99
1738431467438 1.202125906944275 100
1738431467441 1.199954628944397 101
1738431467443 1.2092312574386597 102
1738431467444 1.2084449529647827 103
1738431467446 1.2228198051452637 104
1738431467449 1.2127790451049805 105
1738431467451 1.209256887435913 106
1738431467453 1.196268081665039 107
1738431467454 1.2028584480285645 108
1738431467456 1.2022207975387573 109
1738431467458 1.2175198793411255 110
1738431467460 1.1870205402374268 111
1738431467462 1.204535961151123 112
1738431467465 1.2023952007293701 113
1738431467467 1.1952135562896729 114
1738431467469 1.2159343957901 115
1738431467470 1.1963387727737427 116
1738431467472 1.2053452730178833 117
1738431467474 1.2071021795272827 118
1738431467476 1.2041014432907104 119
