1738289386605 0.40128907561302185 0
1738289386606 0.6247265338897705 1
1738289386608 0.7219531536102295 2
1738289386610 0.7672265768051147 3
1738289386613 0.7914062738418579 4
1738289386615 0.8047656416893005 5
1738289386617 0.8206640481948853 6
1738289386619 0.8093359470367432 7
1738289386620 0.8231640458106995 8
1738289386622 0.8257421851158142 9
1738289386623 0.8317577838897705 10
1738289386626 0.8294140696525574 11
1738289386627 0.8369140625 12
1738289386629 0.8323047161102295 13
1738289386630 0.8389843702316284 14
1738289386631 0.8309375047683716 15
1738289386632 0.8401562571525574 16
1738289386634 0.8383593559265137 17
1738289386635 0.8431640863418579 18
1738289386636 0.8396093845367432 19
1738289386637 0.8480077981948853 20
1738289386639 0.8437890410423279 21
1738289386640 0.8454687595367432 22
1738289386642 0.846484363079071 23
1738289386644 0.8508203029632568 24
1738289386646 0.8451952934265137 25
1738289386648 0.8491406440734863 26
1738289386649 0.852343738079071 27
1738289386651 0.8500781059265137 28
1738289386653 0.8506640791893005 29
1738289386655 0.8523046970367432 30
1738289386657 0.8543359637260437 31
1738289386658 0.8552343845367432 32
1738289386660 0.852734386920929 33
1738289386661 0.8542187213897705 34
1738289386662 0.8532421588897705 35
1738289386663 0.8551172018051147 36
1738289386664 0.856249988079071 37
1738289386665 0.8573437333106995 38
1738289386667 0.8542187213897705 39
1738289386668 0.8571484088897705 40
1738289386669 0.8583202958106995 41
1738289386670 0.8576562404632568 42
1738289386671 0.8565624952316284 43
1738289386672 0.8558984398841858 44
1738289386673 0.8629297018051147 45
1738289386675 0.8572656512260437 46
1738289386676 0.8560156226158142 47
1738289386677 0.858203113079071 48
1738289386678 0.8588671684265137 49
1738289386679 0.8564843535423279 50
1738289386680 0.8631640672683716 51
1738289386682 0.8582422137260437 52
1738289386683 0.863085925579071 53
1738289386684 0.8579297065734863 54
1738289386685 0.8613671660423279 55
1738289386686 0.8619921803474426 56
1738289386687 0.8600000143051147 57
1738289386689 0.8592968583106995 58
1738289386690 0.8624609112739563 59
1738289386691 0.8605859279632568 60
1738289386692 0.8624218702316284 61
1738289386693 0.8622656464576721 62
1738289386694 0.8636327981948853 63
