1738289386605 5.282851696014404 0
1738289386606 4.232485294342041 1
1738289386608 3.5374996662139893 2
1738289386610 2.9540817737579346 3
1738289386613 2.4556493759155273 4
1738289386615 2.049304723739624 5
1738289386617 1.7377574443817139 6
1738289386619 1.5935746431350708 7
1738289386620 1.450616478919983 8
1738289386622 1.410395622253418 9
1738289386623 1.353567361831665 10
1738289386626 1.3075082302093506 11
1738289386627 1.2563402652740479 12
1738289386629 1.267258644104004 13
1738289386630 1.2109078168869019 14
1738289386631 1.269162893295288 15
1738289386632 1.2182496786117554 16
1738289386634 1.236870527267456 17
1738289386635 1.180846929550171 18
1738289386636 1.2399601936340332 19
1738289386637 1.186128854751587 20
1738289386639 1.2291942834854126 21
1738289386640 1.1639753580093384 22
1738289386642 1.188825011253357 23
1738289386644 1.1306089162826538 24
1738289386646 1.1744096279144287 25
1738289386648 1.1770939826965332 26
1738289386649 1.097538709640503 27
1738289386651 1.106995940208435 28
1738289386653 1.1104862689971924 29
1738289386655 1.0806357860565186 30
1738289386657 1.0980170965194702 31
1738289386658 1.059617042541504 32
1738289386660 1.0422860383987427 33
1738289386661 1.0286625623703003 34
1738289386662 1.0362094640731812 35
1738289386663 0.9998500943183899 36
1738289386664 1.00145423412323 37
1738289386665 0.9918334484100342 38
1738289386667 1.013273000717163 39
1738289386668 0.9799792766571045 40
1738289386669 0.9561434984207153 41
1738289386670 0.9453310370445251 42
1738289386671 0.9671120643615723 43
1738289386672 0.9391117095947266 44
1738289386673 0.9093282222747803 45
1738289386675 0.9316051006317139 46
1738289386676 0.929700493812561 47
1738289386677 0.9015672206878662 48
1738289386678 0.909608006477356 49
1738289386679 0.9299798011779785 50
1738289386680 0.8927462100982666 51
1738289386682 0.8943105936050415 52
1738289386683 0.8609088659286499 53
1738289386684 0.8778582811355591 54
1738289386685 0.8720853328704834 55
1738289386686 0.8647928833961487 56
1738289386687 0.8746348023414612 57
1738289386689 0.8676378726959229 58
1738289386690 0.845618724822998 59
1738289386691 0.8564742207527161 60
1738289386692 0.8425952196121216 61
1738289386693 0.8306623101234436 62
1738289386694 0.8278462886810303 63
