1738631330189 0.5266406536102295 0
1738631330191 0.6287500262260437 1
1738631330192 0.677539050579071 2
1738631330193 0.7085156440734863 3
1738631330196 0.7333593964576721 4
1738631330198 0.7418749928474426 5
1738631330201 0.755859375 6
1738631330203 0.7673437595367432 7
1738631330204 0.7733593583106995 8
1738631330206 0.7764062285423279 9
1738631330207 0.7907812595367432 10
1738631330208 0.7948046922683716 11
1738631330210 0.7962890863418579 12
1738631330213 0.8000781536102295 13
1738631330216 0.7987890839576721 14
1738631330218 0.8080859184265137 15
1738631330219 0.8058202862739563 16
1738631330220 0.8087109327316284 17
1738631330222 0.8108984231948853 18
1738631330223 0.814257800579071 19
1738631330224 0.81640625 20
1738631330225 0.8207031488418579 21
1738631330226 0.8226562738418579 22
1738631330228 0.8176562786102295 23
1738631330230 0.8250781297683716 24
1738631330231 0.8224218487739563 25
1738631330232 0.8267968893051147 26
1738631330233 0.8263280987739563 27
1738631330235 0.8312109112739563 28
1738631330236 0.8301171660423279 29
1738631330237 0.8325781226158142 30
1738631330238 0.8325781226158142 31
1738631330239 0.8385546803474426 32
1738631330240 0.8339453339576721 33
1738631330241 0.8369531035423279 34
1738631330243 0.8369531035423279 35
1738631330244 0.8405078053474426 36
1738631330246 0.8355078101158142 37
1738631330248 0.8430859446525574 38
1738631330249 0.8375781178474426 39
1738631330250 0.840039074420929 40
1738631330252 0.838671863079071 41
1738631330253 0.8396875262260437 42
1738631330254 0.8402343988418579 43
1738631330255 0.8415234088897705 44
1738631330257 0.8420703411102295 45
1738631330258 0.8393750190734863 46
1738631330259 0.845703125 47
1738631330260 0.8428515791893005 48
1738631330262 0.844921886920929 49
1738631330264 0.8436718583106995 50
1738631330266 0.8492968678474426 51
1738631330267 0.845898449420929 52
1738631330269 0.8483593463897705 53
1738631330270 0.848828136920929 54
1738631330271 0.8479297161102295 55
1738631330272 0.8473437428474426 56
1738631330273 0.8434374928474426 57
1738631330274 0.8493359088897705 58
1738631330275 0.8458203077316284 59
1738631330276 0.8548828363418579 60
1738631330278 0.8500390648841858 61
1738631330280 0.8510156273841858 62
1738631330281 0.8490625023841858 63
1738631330283 0.8527734279632568 64
1738631330284 0.8507031202316284 65
1738631330285 0.8494531512260437 66
1738631330286 0.8543750047683716 67
1738631330287 0.8542187213897705 68
1738631330289 0.8534765839576721 69
1738631330290 0.8486718535423279 70
1738631330291 0.8492968678474426 71
1738631330292 0.8551562428474426 72
1738631330294 0.8512890338897705 73
1738631330295 0.8540234565734863 74
1738631330297 0.8512109518051147 75
1738631330298 0.8563281297683716 76
1738631330299 0.8575780987739563 77
1738631330300 0.8525781035423279 78
1738631330301 0.8561718463897705 79
1738631330302 0.8550000190734863 80
1738631330304 0.8564062714576721 81
1738631330305 0.8558984398841858 82
1738631330306 0.854687511920929 83
1738631330308 0.860546886920929 84
1738631330309 0.8568750023841858 85
1738631330310 0.8595312237739563 86
1738631330312 0.8573437333106995 87
1738631330314 0.8569531440734863 88
1738631330316 0.854296863079071 89
1738631330317 0.8579297065734863 90
1738631330319 0.8578125238418579 91
1738631330320 0.8586719036102295 92
1738631330322 0.8571875095367432 93
1738631330323 0.8626171946525574 94
1738631330324 0.8585156202316284 95
1738631330326 0.8596875071525574 96
1738631330327 0.857617199420929 97
1738631330329 0.8607031106948853 98
1738631330330 0.8594531416893005 99
1738631330331 0.8597656488418579 100
1738631330332 0.8591406345367432 101
1738631330333 0.8608202934265137 102
1738631330334 0.8623046875 103
1738631330335 0.8597265481948853 104
1738631330336 0.861523449420929 105
1738631330337 0.8593359589576721 106
1738631330338 0.8602734208106995 107
1738631330339 0.8585156202316284 108
1738631330340 0.866992175579071 109
1738631330341 0.8602734208106995 110
1738631330342 0.8637109398841858 111
1738631330343 0.8629687428474426 112
1738631330344 0.8635547161102295 113
1738631330346 0.8632031083106995 114
1738631330347 0.8612109422683716 115
1738631330349 0.8638671636581421 116
1738631330350 0.8631640672683716 117
1738631330351 0.8635547161102295 118
1738631330352 0.865234375 119
