1738631330189 1.2139500379562378 0
1738631330191 0.9816539287567139 1
1738631330192 0.8762432336807251 2
1738631330193 0.8080142140388489 3
1738631330196 0.746278703212738 4
1738631330198 0.7218148112297058 5
1738631330201 0.6905616521835327 6
1738631330203 0.6663640737533569 7
1738631330204 0.6445066332817078 8
1738631330206 0.632139265537262 9
1738631330207 0.6073328256607056 10
1738631330208 0.5961064696311951 11
1738631330210 0.5914731621742249 12
1738631330213 0.5839471220970154 13
1738631330216 0.5857526659965515 14
1738631330218 0.5544917583465576 15
1738631330219 0.5599783658981323 16
1738631330220 0.5592492818832397 17
1738631330222 0.554797887802124 18
1738631330223 0.5376662015914917 19
1738631330224 0.5327845215797424 20
1738631330225 0.5243187546730042 21
1738631330226 0.5269572734832764 22
1738631330228 0.5336806178092957 23
1738631330230 0.5168195366859436 24
1738631330231 0.517440915107727 25
1738631330232 0.5111480355262756 26
1738631330233 0.505549430847168 27
1738631330235 0.49920523166656494 28
1738631330236 0.506697416305542 29
1738631330237 0.49882376194000244 30
1738631330238 0.49302029609680176 31
1738631330239 0.4809063971042633 32
1738631330240 0.49075889587402344 33
1738631330241 0.48354747891426086 34
1738631330243 0.4898255169391632 35
1738631330244 0.4751432538032532 36
1738631330246 0.487346351146698 37
1738631330248 0.46485888957977295 38
1738631330249 0.48039400577545166 39
1738631330250 0.470576673746109 40
1738631330252 0.4766084551811218 41
1738631330253 0.4804462790489197 42
1738631330254 0.46895188093185425 43
1738631330255 0.46912068128585815 44
1738631330257 0.4681544601917267 45
1738631330258 0.4707697033882141 46
1738631330259 0.45788857340812683 47
1738631330260 0.4730258285999298 48
1738631330262 0.46322688460350037 49
1738631330264 0.4657905697822571 50
1738631330266 0.45677316188812256 51
1738631330267 0.4644855856895447 52
1738631330269 0.4584120213985443 53
1738631330270 0.4515261948108673 54
1738631330271 0.45182177424430847 55
1738631330272 0.4579091966152191 56
1738631330273 0.46107637882232666 57
1738631330274 0.45134663581848145 58
1738631330275 0.4573019742965698 59
1738631330276 0.4418761134147644 60
1738631330278 0.4480208158493042 61
1738631330280 0.4482789933681488 62
1738631330281 0.4475220739841461 63
1738631330283 0.4422220289707184 64
1738631330284 0.44565853476524353 65
1738631330285 0.45166394114494324 66
1738631330286 0.43584534525871277 67
1738631330287 0.43440425395965576 68
1738631330289 0.43907591700553894 69
1738631330290 0.4587186574935913 70
1738631330291 0.4449291229248047 71
1738631330292 0.43676310777664185 72
1738631330294 0.44290438294410706 73
1738631330295 0.4369300603866577 74
1738631330297 0.4399891197681427 75
1738631330298 0.4319280683994293 76
1738631330299 0.4290722906589508 77
1738631330300 0.43509629368782043 78
1738631330301 0.43065547943115234 79
1738631330302 0.4345470368862152 80
1738631330304 0.4282986521720886 81
1738631330305 0.4289395213127136 82
1738631330306 0.43451544642448425 83
1738631330308 0.42108508944511414 84
1738631330309 0.430624395608902 85
1738631330310 0.4190496802330017 86
1738631330312 0.42914488911628723 87
1738631330314 0.43044570088386536 88
1738631330316 0.43717679381370544 89
1738631330317 0.4339294135570526 90
1738631330319 0.4271650016307831 91
1738631330320 0.42130807042121887 92
1738631330322 0.4278620779514313 93
1738631330323 0.4190661609172821 94
1738631330324 0.4212550222873688 95
1738631330326 0.4174119234085083 96
1738631330327 0.42769068479537964 97
1738631330329 0.41598233580589294 98
1738631330330 0.42124050855636597 99
1738631330331 0.4191362261772156 100
1738631330332 0.4234466254711151 101
1738631330333 0.4218885004520416 102
1738631330334 0.4135929346084595 103
1738631330335 0.41804710030555725 104
1738631330336 0.41880667209625244 105
1738631330337 0.42334693670272827 106
1738631330338 0.4192880690097809 107
1738631330339 0.41770467162132263 108
1738631330340 0.4062289297580719 109
1738631330341 0.4162142872810364 110
1738631330342 0.4117625951766968 111
1738631330343 0.41496533155441284 112
1738631330344 0.4129592180252075 113
1738631330346 0.4132232666015625 114
1738631330347 0.41685909032821655 115
1738631330349 0.40932759642601013 116
1738631330350 0.414638876914978 117
1738631330351 0.4163039028644562 118
1738631330352 0.40364256501197815 119
