1738142008220 315.27154541015625 0
1738142008222 222.97744750976562 1
1738142008223 139.7525634765625 2
1738142008224 74.39144897460938 3
1738142008226 31.917448043823242 4
1738142008227 12.389892578125 5
1738142008229 6.958687782287598 6
1738142008230 5.592755317687988 7
1738142008231 5.007262706756592 8
1738142008233 4.61060905456543 9
1738142008234 4.126565456390381 10
1738142008235 3.912593126296997 11
1738142008236 3.6486477851867676 12
1738142008237 3.438234806060791 13
1738142008239 3.1698687076568604 14
1738142008240 3.011354446411133 15
1738142008241 2.8252551555633545 16
1738142008242 2.6517174243927 17
1738142008243 2.62961483001709 18
1738142008244 2.391847848892212 19
1738142008246 2.4601922035217285 20
1738142008247 2.2780590057373047 21
1738142008248 2.146103858947754 22
1738142008249 2.1785106658935547 23
1738142008250 2.0401370525360107 24
1738142008253 1.9823170900344849 25
1738142008254 1.9918469190597534 26
1738142008255 1.9256181716918945 27
1738142008256 1.8486419916152954 28
1738142008257 1.792952060699463 29
1738142008259 1.8050302267074585 30
1738142008260 1.7383712530136108 31
1738142008261 1.7378190755844116 32
1738142008262 1.6709896326065063 33
1738142008263 1.6469982862472534 34
1738142008264 1.6776624917984009 35
1738142008266 1.6635279655456543 36
1738142008267 1.6560397148132324 37
1738142008268 1.612398386001587 38
1738142008269 1.6665258407592773 39
1738142008271 1.5734591484069824 40
1738142008272 1.5419228076934814 41
1738142008273 1.582834005355835 42
1738142008274 1.5361833572387695 43
1738142008275 1.5959746837615967 44
1738142008277 1.5368167161941528 45
1738142008278 1.5699061155319214 46
1738142008279 1.5006855726242065 47
1738142008280 1.5039695501327515 48
1738142008281 1.5129858255386353 49
1738142008282 1.507775902748108 50
1738142008284 1.5045783519744873 51
1738142008285 1.4589850902557373 52
1738142008286 1.5041006803512573 53
1738142008287 1.4631593227386475 54
1738142008288 1.4885280132293701 55
1738142008289 1.4781683683395386 56
1738142008291 1.457945704460144 57
1738142008292 1.4452775716781616 58
1738142008293 1.4430427551269531 59
1738142008294 1.447477102279663 60
1738142008295 1.4282314777374268 61
1738142008296 1.4337379932403564 62
1738142008298 1.4228428602218628 63
1738142008299 1.4082226753234863 64
1738142008300 1.4215487241744995 65
1738142008301 1.414615511894226 66
