1738142008220 0.21921874582767487 0
1738142008222 0.2834765613079071 1
1738142008223 0.322265625 2
1738142008224 0.3568750023841858 3
1738142008226 0.4069140553474426 4
1738142008227 0.4556640684604645 5
1738142008229 0.4846484363079071 6
1738142008230 0.5211718678474426 7
1738142008231 0.5532422065734863 8
1738142008233 0.5694921612739563 9
1738142008234 0.6010546684265137 10
1738142008235 0.6010546684265137 11
1738142008236 0.6151953339576721 12
1738142008237 0.6354296803474426 13
1738142008239 0.6450781226158142 14
1738142008240 0.6586328148841858 15
1738142008241 0.6699609160423279 16
1738142008242 0.6751171946525574 17
1738142008243 0.6836718916893005 18
1738142008244 0.6959765553474426 19
1738142008246 0.697070300579071 20
1738142008247 0.705078125 21
1738142008248 0.7102344036102295 22
1738142008249 0.7097265720367432 23
1738142008250 0.7180469036102295 24
1738142008253 0.7246484160423279 25
1738142008254 0.7210937738418579 26
1738142008255 0.7307031154632568 27
1738142008256 0.7307422161102295 28
1738142008257 0.7315624952316284 29
1738142008259 0.733203113079071 30
1738142008260 0.7371484637260437 31
1738142008261 0.7383984327316284 32
1738142008262 0.7411718964576721 33
1738142008263 0.7462109327316284 34
1738142008264 0.7404687404632568 35
1738142008266 0.7424218654632568 36
1738142008267 0.7405468821525574 37
1738142008268 0.7485156059265137 38
1738142008269 0.7424609661102295 39
1738142008271 0.7526171803474426 40
1738142008272 0.7540234327316284 41
1738142008273 0.7493359446525574 42
1738142008274 0.7559375166893005 43
1738142008275 0.7475390434265137 44
1738142008277 0.754101574420929 45
1738142008278 0.7488672137260437 46
1738142008279 0.7636328339576721 47
1738142008280 0.7593359351158142 48
1738142008281 0.7582812309265137 49
1738142008282 0.7607812285423279 50
1738142008284 0.7579296827316284 51
1738142008285 0.7616797089576721 52
1738142008286 0.7616015672683716 53
1738142008287 0.7634375095367432 54
1738142008288 0.7603124976158142 55
1738142008289 0.7617968916893005 56
1738142008291 0.7669922113418579 57
1738142008292 0.7641797065734863 58
1738142008293 0.7653515338897705 59
1738142008294 0.7641406059265137 60
1738142008295 0.7655859589576721 61
1738142008296 0.7676562666893005 62
1738142008298 0.7674999833106995 63
1738142008299 0.7646874785423279 64
1738142008300 0.7662890553474426 65
1738142008301 0.771289050579071 66
