1738444429417 0.18210937082767487 0
1738444429420 0.1842968761920929 1
1738444429422 0.1760546863079071 2
1738444429424 0.17195312678813934 3
1738444429426 0.18132811784744263 4
1738444429428 0.17515625059604645 5
1738444429430 0.17164061963558197 6
1738444429432 0.17066405713558197 7
1738444429434 0.1689453125 8
1738444429437 0.17414063215255737 9
1738444429439 0.16843749582767487 10
1738444429442 0.16785156726837158 11
1738444429444 0.1672656238079071 12
1738444429446 0.17167969048023224 13
1738444429447 0.16339844465255737 14
1738444429449 0.16996093094348907 15
1738444429450 0.16757813096046448 16
1738444429451 0.16664062440395355 17
1738444429454 0.16664062440395355 18
1738444429456 0.16679687798023224 19
1738444429458 0.16796875 20
1738444429459 0.17320312559604645 21
1738444429460 0.16679687798023224 22
1738444429462 0.1658593714237213 23
1738444429463 0.1689453125 24
1738444429464 0.1669921875 25
1738444429465 0.16339844465255737 26
1738444429466 0.16523437201976776 27
1738444429468 0.16984374821186066 28
1738444429470 0.16417968273162842 29
1738444429472 0.1671484410762787 30
1738444429474 0.16582031548023224 31
1738444429476 0.16621093451976776 32
1738444429477 0.1633593738079071 33
1738444429478 0.16929687559604645 34
1738444429479 0.1700781285762787 35
1738444429480 0.16875000298023224 36
1738444429482 0.16882812976837158 37
1738444429483 0.16789062321186066 38
1738444429484 0.17027343809604645 39
1738444429486 0.1696484386920929 40
1738444429488 0.1681250035762787 41
1738444429491 0.1674218773841858 42
1738444429493 0.16500000655651093 43
1738444429494 0.16394531726837158 44
1738444429495 0.16261719167232513 45
1738444429496 0.16800780594348907 46
1738444429498 0.16972656548023224 47
1738444429499 0.1657421886920929 48
1738444429500 0.16464844346046448 49
1738444429501 0.1661718785762787 50
1738444429504 0.16906249523162842 51
1738444429506 0.17031249403953552 52
1738444429507 0.16445311903953552 53
1738444429509 0.16570311784744263 54
1738444429510 0.16898436844348907 55
1738444429511 0.16082030534744263 56
1738444429513 0.16761718690395355 57
1738444429514 0.17347656190395355 58
1738444429515 0.1682421863079071 59
1738444429516 0.16761718690395355 60
1738444429518 0.17128905653953552 61
1738444429520 0.171875 62
1738444429522 0.17441406846046448 63
1738444429523 0.17499999701976776 64
1738444429525 0.1788671910762787 65
1738444429527 0.17457030713558197 66
1738444429528 0.17742186784744263 67
1738444429529 0.1730078160762787 68
1738444429530 0.1824609339237213 69
1738444429531 0.17624999582767487 70
1738444429532 0.17152343690395355 71
1738444429533 0.17003905773162842 72
1738444429535 0.17460937798023224 73
1738444429537 0.17617186903953552 74
1738444429539 0.1778906285762787 75
1738444429541 0.1733984351158142 76
1738444429542 0.17429687082767487 77
1738444429543 0.17066405713558197 78
1738444429544 0.16917969286441803 79
1738444429545 0.1667187511920929 80
1738444429547 0.1701953113079071 81
1738444429548 0.17574219405651093 82
1738444429549 0.16785156726837158 83
1738444429550 0.16960936784744263 84
1738444429551 0.17113281786441803 85
1738444429553 0.17597655951976776 86
1738444429555 0.1723046898841858 87
1738444429557 0.16847656667232513 88
1738444429558 0.16871093213558197 89
1738444429560 0.16984374821186066 90
1738444429561 0.17121094465255737 91
1738444429562 0.1678124964237213 92
1738444429563 0.16847656667232513 93
1738444429564 0.1714453101158142 94
1738444429565 0.16410155594348907 95
1738444429567 0.16968749463558197 96
1738444429568 0.16855469346046448 97
1738444429570 0.1701953113079071 98
1738444429571 0.16906249523162842 99
1738444429573 0.16882812976837158 100
1738444429575 0.1654687523841858 101
1738444429576 0.1706250011920929 102
1738444429577 0.16566406190395355 103
1738444429578 0.16945312917232513 104
1738444429579 0.16703124344348907 105
1738444429581 0.16789062321186066 106
1738444429582 0.16582031548023224 107
1738444429583 0.1694921851158142 108
1738444429584 0.16632813215255737 109
1738444429586 0.17027343809604645 110
1738444429588 0.171875 111
1738444429589 0.16570311784744263 112
1738444429591 0.1676953136920929 113
1738444429592 0.16906249523162842 114
1738444429593 0.17113281786441803 115
1738444429594 0.16695313155651093 116
1738444429596 0.16886718571186066 117
1738444429597 0.1703515648841858 118
1738444429598 0.17292968928813934 119
