1738444429417 3.0178756713867188 0
1738444429420 2.366638660430908 1
1738444429422 2.365680456161499 2
1738444429424 2.3879427909851074 3
1738444429426 2.2561347484588623 4
1738444429428 2.250988721847534 5
1738444429430 2.264105796813965 6
1738444429432 2.4129230976104736 7
1738444429434 2.1604583263397217 8
1738444429437 2.2513866424560547 9
1738444429439 2.302591323852539 10
1738444429442 2.1783645153045654 11
1738444429444 2.171508312225342 12
1738444429446 2.2425546646118164 13
1738444429447 2.2790427207946777 14
1738444429449 2.186671257019043 15
1738444429450 2.1726083755493164 16
1738444429451 2.1382601261138916 17
1738444429454 2.248300790786743 18
1738444429456 2.14079213142395 19
1738444429458 2.1048336029052734 20
1738444429459 2.3011865615844727 21
1738444429460 2.171682834625244 22
1738444429462 2.067922592163086 23
1738444429463 2.1240737438201904 24
1738444429464 2.1606152057647705 25
1738444429465 2.136575698852539 26
1738444429466 2.2643725872039795 27
1738444429468 2.267381429672241 28
1738444429470 2.039330005645752 29
1738444429472 2.0880818367004395 30
1738444429474 2.1452202796936035 31
1738444429476 2.153657913208008 32
1738444429477 2.310190200805664 33
1738444429478 2.1072258949279785 34
1738444429479 2.0527503490448 35
1738444429480 2.279276132583618 36
1738444429482 2.361309289932251 37
1738444429483 2.033830165863037 38
1738444429484 2.050755500793457 39
1738444429486 2.167152166366577 40
1738444429488 2.171513080596924 41
1738444429491 2.1476900577545166 42
1738444429493 2.122098445892334 43
1738444429494 2.128539800643921 44
1738444429495 2.1524620056152344 45
1738444429496 2.2168102264404297 46
1738444429498 2.352470636367798 47
1738444429499 2.090773820877075 48
1738444429500 2.0469045639038086 49
1738444429501 2.104402542114258 50
1738444429504 2.568941354751587 51
1738444429506 21.299623489379883 52
1738444429507 2.563605546951294 53
1738444429509 2.0998618602752686 54
1738444429510 2.023690700531006 55
1738444429511 1.9904109239578247 56
1738444429513 2.004669189453125 57
1738444429514 2.0343716144561768 58
1738444429515 2.0064780712127686 59
1738444429516 2.0022900104522705 60
1738444429518 2.0316169261932373 61
1738444429520 2.0168371200561523 62
1738444429522 2.0355331897735596 63
1738444429523 2.022411823272705 64
1738444429525 2.090632200241089 65
1738444429527 2.0857982635498047 66
1738444429528 2.076322555541992 67
1738444429529 2.1005985736846924 68
1738444429530 2.161322832107544 69
1738444429531 2.189099073410034 70
1738444429532 2.1679940223693848 71
1738444429533 2.1488277912139893 72
1738444429535 2.2001962661743164 73
1738444429537 2.1801881790161133 74
1738444429539 2.212648630142212 75
1738444429541 2.2437751293182373 76
1738444429542 2.2462663650512695 77
1738444429543 2.3024234771728516 78
1738444429544 2.297179937362671 79
1738444429545 2.2567732334136963 80
1738444429547 2.3591878414154053 81
1738444429548 2.7668066024780273 82
1738444429549 2.2441866397857666 83
1738444429550 2.197251558303833 84
1738444429551 2.2699413299560547 85
1738444429553 2.3034257888793945 86
1738444429555 2.505739688873291 87
1738444429557 2.343254804611206 88
1738444429558 2.316722869873047 89
1738444429560 2.3504014015197754 90
1738444429561 2.4314534664154053 91
1738444429562 2.371750593185425 92
1738444429563 2.282064199447632 93
1738444429564 2.463671922683716 94
1738444429565 2.2235171794891357 95
1738444429567 2.3334927558898926 96
1738444429568 2.484760284423828 97
1738444429570 2.3406479358673096 98
1738444429571 2.2814948558807373 99
1738444429573 2.2332286834716797 100
1738444429575 2.2556543350219727 101
1738444429576 2.424488067626953 102
1738444429577 2.4597702026367188 103
1738444429578 2.3795878887176514 104
1738444429579 2.2608516216278076 105
1738444429581 2.341071128845215 106
1738444429582 2.3447651863098145 107
1738444429583 2.364497423171997 108
1738444429584 2.292111873626709 109
1738444429586 2.27407169342041 110
1738444429588 2.341470718383789 111
1738444429589 2.477112054824829 112
1738444429591 2.3929760456085205 113
1738444429592 2.265958786010742 114
1738444429593 2.4001517295837402 115
1738444429594 2.3191895484924316 116
1738444429596 2.289109706878662 117
1738444429597 2.3518245220184326 118
1738444429598 2.3817148208618164 119
