1738263514216 1.6885082721710205 0
1738263514218 1.0114980936050415 1
1738263514219 0.7589147090911865 2
1738263514220 0.6466299295425415 3
1738263514221 0.5737223625183105 4
1738263514222 0.525992751121521 5
1738263514223 0.49756747484207153 6
1738263514225 0.47638529539108276 7
1738263514227 0.462203711271286 8
1738263514229 0.44159507751464844 9
1738263514232 0.4329870641231537 10
1738263514235 0.40953540802001953 11
1738263514237 0.4144839942455292 12
1738263514239 0.4025038182735443 13
1738263514242 0.4031836986541748 14
1738263514245 0.3933672606945038 15
1738263514247 0.38552406430244446 16
1738263514249 0.38531428575515747 17
1738263514252 0.3725445568561554 18
1738263514254 0.37607353925704956 19
1738263514257 0.3805885314941406 20
1738263514259 0.3646072745323181 21
1738263514262 0.35844743251800537 22
1738263514265 0.3676798939704895 23
1738263514267 0.35156139731407166 24
1738263514269 0.35789719223976135 25
1738263514271 0.3433854281902313 26
1738263514274 0.347350150346756 27
1738263514276 0.344477117061615 28
1738263514279 0.3448040783405304 29
1738263514281 0.3431808352470398 30
1738263514283 0.3328861892223358 31
1738263514284 0.34758222103118896 32
1738263514286 0.33855700492858887 33
1738263514287 0.33242589235305786 34
1738263514289 0.3304199278354645 35
1738263514292 0.32298046350479126 36
1738263514294 0.32832229137420654 37
1738263514297 0.32432594895362854 38
1738263514299 0.3269351124763489 39
1738263514301 0.32492151856422424 40
