1738263514216 0.41066405177116394 0
1738263514218 0.6410546898841858 1
1738263514219 0.7356640696525574 2
1738263514220 0.7780078053474426 3
1738263514221 0.8042968511581421 4
1738263514222 0.8182031512260437 5
1738263514223 0.8305859565734863 6
1738263514225 0.8402734398841858 7
1738263514227 0.8428906202316284 8
1738263514229 0.8516015410423279 9
1738263514232 0.8524609208106995 10
1738263514235 0.8601171970367432 11
1738263514237 0.8590234518051147 12
1738263514239 0.8636718988418579 13
1738263514242 0.8642578125 14
1738263514245 0.8655468821525574 15
1738263514247 0.8678905963897705 16
1738263514249 0.869335949420929 17
1738263514252 0.8716015815734863 18
1738263514254 0.8719140887260437 19
1738263514257 0.8698046803474426 20
1738263514259 0.873828113079071 21
1738263514262 0.8786718845367432 22
1738263514265 0.8751171827316284 23
1738263514267 0.8803125023841858 24
1738263514269 0.875195324420929 25
1738263514271 0.8824218511581421 26
1738263514274 0.8812890648841858 27
1738263514276 0.880664050579071 28
1738263514279 0.8800390362739563 29
1738263514281 0.8814062476158142 30
1738263514283 0.8838281035423279 31
1738263514284 0.8795703053474426 32
1738263514286 0.8831640481948853 33
1738263514287 0.8862500190734863 34
1738263514289 0.8847265839576721 35
1738263514292 0.8883593678474426 36
1738263514294 0.8855859637260437 37
1738263514297 0.8872656226158142 38
1738263514299 0.8851562738418579 39
1738263514301 0.8864843845367432 40
