1738761003711 1.3922351598739624 0
1738761003713 1.1447199583053589 1
1738761003714 1.0772933959960938 2
1738761003715 1.0104529857635498 3
1738761003716 0.9742164015769958 4
1738761003718 0.9552168250083923 5
1738761003720 0.9273877143859863 6
1738761003721 0.9020734429359436 7
1738761003723 0.8870636224746704 8
1738761003725 0.8701374530792236 9
1738761003726 0.8519684672355652 10
1738761003728 0.857029139995575 11
1738761003729 0.8313750624656677 12
1738761003730 0.8251051306724548 13
1738761003731 0.8226339221000671 14
1738761003733 0.8071081042289734 15
1738761003734 0.7908368110656738 16
1738761003735 0.8002938628196716 17
1738761003737 0.7882987856864929 18
1738761003739 0.7870789170265198 19
1738761003741 0.7893513441085815 20
1738761003742 0.7761939764022827 21
1738761003744 0.7700548768043518 22
1738761003746 0.7627815008163452 23
1738761003747 0.7609468102455139 24
1738761003749 0.7670513391494751 25
1738761003750 0.7589479684829712 26
1738761003751 0.768268346786499 27
1738761003752 0.7447268962860107 28
1738761003754 0.7479727864265442 29
1738761003755 0.744215190410614 30
1738761003757 0.7386602163314819 31
1738761003758 0.7373661994934082 32
1738761003759 0.7205359935760498 33
1738761003760 0.7241902947425842 34
1738761003761 0.7365719079971313 35
1738761003763 0.7301977276802063 36
1738761003764 0.727703332901001 37
1738761003765 0.7129710912704468 38
1738761003766 0.7253212928771973 39
1738761003768 0.7202193737030029 40
1738761003769 0.7223676443099976 41
1738761003771 0.7166827321052551 42
1738761003773 0.7208994030952454 43
1738761003775 0.7066137194633484 44
1738761003777 0.713144838809967 45
1738761003779 0.708658754825592 46
1738761003781 0.7025198340415955 47
1738761003783 0.7032334804534912 48
1738761003785 0.7116230726242065 49
1738761003787 0.7012765407562256 50
1738761003789 0.7041877508163452 51
1738761003791 0.6966416239738464 52
1738761003793 0.6947706341743469 53
1738761003795 0.6822952032089233 54
1738761003797 0.6938637495040894 55
1738761003800 0.6940094232559204 56
1738761003802 0.6969550251960754 57
1738761003804 0.6976621747016907 58
1738761003806 0.6945909857749939 59
1738761003808 0.6939356923103333 60
1738761003810 0.6889907121658325 61
1738761003812 0.6981430053710938 62
1738761003814 0.68406081199646 63
1738761003816 0.6795014142990112 64
1738761003818 0.680145263671875 65
1738761003821 0.6825947761535645 66
1738761003823 0.6845544576644897 67
1738761003825 0.68349289894104 68
1738761003827 0.6946272850036621 69
1738761003829 0.6823567748069763 70
1738761003831 0.6690599918365479 71
1738761003833 0.6804975867271423 72
1738761003835 0.6784554123878479 73
1738761003837 0.6840744018554688 74
1738761003839 0.6761763095855713 75
1738761003841 0.6706578731536865 76
1738761003844 0.683150053024292 77
1738761003846 0.6566831469535828 78
1738761003848 0.668792188167572 79
