1738761003711 0.44921875 0
1738761003713 0.5569140911102295 1
1738761003714 0.5956249833106995 2
1738761003715 0.6212499737739563 3
1738761003716 0.6382421851158142 4
1738761003718 0.6517187356948853 5
1738761003720 0.6638281345367432 6
1738761003721 0.6742578148841858 7
1738761003723 0.6813281178474426 8
1738761003725 0.6912500262260437 9
1738761003726 0.6993359327316284 10
1738761003728 0.6964452862739563 11
1738761003729 0.7070702910423279 12
1738761003730 0.7047265768051147 13
1738761003731 0.7105468511581421 14
1738761003733 0.715624988079071 15
1738761003734 0.720898449420929 16
1738761003735 0.7164453268051147 17
1738761003737 0.7239062786102295 18
1738761003739 0.7244921922683716 19
1738761003741 0.7248437404632568 20
1738761003742 0.7337890863418579 21
1738761003744 0.729296863079071 22
1738761003746 0.7332812547683716 23
1738761003747 0.7368749976158142 24
1738761003749 0.733203113079071 25
1738761003750 0.7408593893051147 26
1738761003751 0.7327734231948853 27
1738761003752 0.7387499809265137 28
1738761003754 0.7416796684265137 29
1738761003755 0.7394921779632568 30
1738761003757 0.7442187666893005 31
1738761003758 0.7439844012260437 32
1738761003759 0.7518749833106995 33
1738761003760 0.7520312666893005 34
1738761003761 0.7454687356948853 35
1738761003763 0.7481250166893005 36
1738761003764 0.7505078315734863 37
1738761003765 0.7533984184265137 38
1738761003766 0.7495312690734863 39
1738761003768 0.7511327862739563 40
1738761003769 0.7516796588897705 41
1738761003771 0.7538672089576721 42
1738761003773 0.7543359398841858 43
1738761003775 0.7551953196525574 44
1738761003777 0.7564062476158142 45
1738761003779 0.7573046684265137 46
1738761003781 0.7578125 47
1738761003783 0.7624609470367432 48
1738761003785 0.7553125023841858 49
1738761003787 0.7566797137260437 50
1738761003789 0.7579687237739563 51
1738761003791 0.7605859637260437 52
1738761003793 0.7610937356948853 53
1738761003795 0.7661718726158142 54
1738761003797 0.7613281011581421 55
1738761003800 0.761523425579071 56
1738761003802 0.7582031488418579 57
1738761003804 0.7601953148841858 58
1738761003806 0.7637500166893005 59
1738761003808 0.7661718726158142 60
1738761003810 0.7639062404632568 61
1738761003812 0.7593749761581421 62
1738761003814 0.7657031416893005 63
1738761003816 0.7685546875 64
1738761003818 0.7667187452316284 65
1738761003821 0.7686718702316284 66
1738761003823 0.7658593654632568 67
1738761003825 0.7669140696525574 68
1738761003827 0.7624218463897705 69
1738761003829 0.7679296731948853 70
1738761003831 0.7709765434265137 71
1738761003833 0.7690234184265137 72
1738761003835 0.7706249952316284 73
1738761003837 0.7679296731948853 74
1738761003839 0.7717187404632568 75
1738761003841 0.7698827981948853 76
1738761003844 0.766406238079071 77
1738761003846 0.7772265672683716 78
1738761003848 0.7734375 79
