1738088188903 1.9102588891983032 0
1738088188904 1.8201342821121216 1
1738088188905 1.6837152242660522 2
1738088188906 1.5731151103973389 3
1738088188907 1.502760887145996 4
1738088188908 1.4322476387023926 5
1738088188910 1.3698385953903198 6
1738088188911 1.325646996498108 7
1738088188912 1.2801891565322876 8
1738088188913 1.255623698234558 9
1738088188915 1.207322597503662 10
1738088188916 1.1723523139953613 11
1738088188917 1.149521827697754 12
1738088188919 1.127089262008667 13
1738088188920 1.1079007387161255 14
1738088188921 1.0894049406051636 15
1738088188922 1.0784095525741577 16
1738088188923 1.075371265411377 17
1738088188924 1.0577456951141357 18
1738088188925 1.0394898653030396 19
1738088188926 1.0228897333145142 20
1738088188927 1.0158491134643555 21
1738088188929 1.003555178642273 22
1738088188930 0.9893523454666138 23
1738088188931 0.9709323048591614 24
1738088188932 0.9661361575126648 25
1738088188933 0.9520377516746521 26
1738088188934 0.9463446140289307 27
1738088188935 0.941277265548706 28
1738088188936 0.919969916343689 29
1738088188937 0.9105636477470398 30
1738088188938 0.8965961933135986 31
1738088188939 0.8922953009605408 32
1738088188940 0.887276291847229 33
1738088188941 0.8753153085708618 34
1738088188942 0.8669348359107971 35
1738088188943 0.8577403426170349 36
1738088188944 0.8515746593475342 37
1738088188945 0.8449101448059082 38
1738088188946 0.8443525433540344 39
1738088188947 0.8327648043632507 40
1738088188948 0.8270907402038574 41
1738088188949 0.8231889605522156 42
1738088188950 0.8191072940826416 43
1738088188951 0.8134039044380188 44
1738088188952 0.8050096035003662 45
1738088188953 0.8063077330589294 46
1738088188954 0.7985371947288513 47
1738088188955 0.7876672148704529 48
1738088188956 0.7838510274887085 49
1738088188957 0.7777714729309082 50
1738088188958 0.7766250371932983 51
1738088188959 0.7702090740203857 52
1738088188960 0.7653405666351318 53
1738088188961 0.7628065347671509 54
1738088188962 0.7636530995368958 55
1738088188963 0.7530817985534668 56
1738088188964 0.7495937943458557 57
1738088188965 0.7465092539787292 58
1738088188966 0.74482262134552 59
1738088188967 0.7324138879776001 60
1738088188968 0.7325820922851562 61
1738088188969 0.7315110564231873 62
1738088188970 0.7235189080238342 63
1738088188971 0.717085063457489 64
1738088188972 0.7198308706283569 65
1738088188972 0.7153989672660828 66
1738088188973 0.7073796987533569 67
1738088188974 0.7020273804664612 68
1738088188975 0.6986699104309082 69
1738088188976 0.6963748335838318 70
1738088188977 0.6920635104179382 71
1738088188978 0.6831446886062622 72
1738088188979 0.6856899857521057 73
1738088188980 0.6706576347351074 74
1738088188981 0.6792237758636475 75
1738088188982 0.6723087430000305 76
1738088188983 0.6772735714912415 77
1738088188984 0.6704123020172119 78
1738088188985 0.6588361859321594 79
1738088188986 0.6585794687271118 80
1738088188987 0.6609290242195129 81
1738088188988 0.6623187065124512 82
1738088188989 0.649265468120575 83
1738088188990 0.6456669569015503 84
1738088188991 0.657187819480896 85
1738088188992 0.6486003994941711 86
1738088188993 0.6462780833244324 87
1738088188993 0.6381263732910156 88
1738088188994 0.6413820385932922 89
1738088188995 0.6342177391052246 90
1738088188996 0.6390471458435059 91
1738088188997 0.6317523717880249 92
1738088188998 0.632234513759613 93
1738088188999 0.6364600658416748 94
1738088189000 0.6286673545837402 95
1738088189001 0.6226798892021179 96
1738088189002 0.62542724609375 97
1738088189003 0.6206204891204834 98
1738088189004 0.6179549694061279 99
1738088189005 0.6114577054977417 100
1738088189006 0.6151834726333618 101
1738088189007 0.6021916270256042 102
1738088189008 0.6094156503677368 103
1738088189009 0.6071784496307373 104
1738088189010 0.5998021960258484 105
1738088189011 0.5961578488349915 106
1738088189012 0.6004400849342346 107
1738088189013 0.6032701730728149 108
1738088189013 0.5958759188652039 109
1738088189014 0.5914676785469055 110
1738088189015 0.5944409370422363 111
1738088189016 0.59807288646698 112
1738088189017 0.5863332152366638 113
1738088189018 0.5902834534645081 114
1738088189019 0.5930249691009521 115
1738088189020 0.5828894972801208 116
1738088189021 0.5754327774047852 117
1738088189022 0.5728038549423218 118
1738088189023 0.5737200379371643 119
