1738088188903 0.2077343761920929 0
1738088188904 0.2777734398841858 1
1738088188905 0.33867186307907104 2
1738088188906 0.3745703101158142 3
1738088188907 0.39597657322883606 4
1738088188908 0.4327343702316284 5
1738088188910 0.4595312476158142 6
1738088188911 0.48820313811302185 7
1738088188912 0.5127734541893005 8
1738088188913 0.5186718702316284 9
1738088188915 0.5443359613418579 10
1738088188916 0.5566796660423279 11
1738088188917 0.5701562762260437 12
1738088188919 0.5810937285423279 13
1738088188920 0.5852344036102295 14
1738088188921 0.5932812690734863 15
1738088188922 0.5989062786102295 16
1738088188923 0.6037499904632568 17
1738088188924 0.6087499856948853 18
1738088188925 0.6158593893051147 19
1738088188926 0.6240234375 20
1738088188927 0.6270312666893005 21
1738088188929 0.634765625 22
1738088188930 0.641796886920929 23
1738088188931 0.6498827934265137 24
1738088188932 0.6545312404632568 25
1738088188933 0.6597265601158142 26
1738088188934 0.6675390601158142 27
1738088188935 0.6675390601158142 28
1738088188936 0.6726171970367432 29
1738088188937 0.6797265410423279 30
1738088188938 0.6909375190734863 31
1738088188939 0.6898828148841858 32
1738088188940 0.6873437762260437 33
1738088188941 0.6946094036102295 34
1738088188942 0.7000781297683716 35
1738088188943 0.6995702981948853 36
1738088188944 0.7070702910423279 37
1738088188945 0.7092187404632568 38
1738088188946 0.7096874713897705 39
1738088188947 0.7137500047683716 40
1738088188948 0.7184765338897705 41
1738088188949 0.7188671827316284 42
1738088188950 0.7211328148841858 43
1738088188951 0.7239062786102295 44
1738088188952 0.7236718535423279 45
1738088188953 0.7241406440734863 46
1738088188954 0.7296484112739563 47
1738088188955 0.7314062714576721 48
1738088188956 0.729687511920929 49
1738088188957 0.7362109422683716 50
1738088188958 0.7348828315734863 51
1738088188959 0.7407812476158142 52
1738088188960 0.7391406297683716 53
1738088188961 0.742968738079071 54
1738088188962 0.7408202886581421 55
1738088188963 0.7413281202316284 56
1738088188964 0.7464843988418579 57
1738088188965 0.7483593821525574 58
1738088188966 0.7505859136581421 59
1738088188967 0.7533203363418579 60
1738088188968 0.7523437738418579 61
1738088188969 0.7537890672683716 62
1738088188970 0.755664050579071 63
1738088188971 0.7550390362739563 64
1738088188972 0.7626171708106995 65
1738088188972 0.7595312595367432 66
1738088188973 0.7619922161102295 67
1738088188974 0.7653515338897705 68
1738088188975 0.7669140696525574 69
1738088188976 0.7668750286102295 70
1738088188977 0.7684765458106995 71
1738088188978 0.7732031345367432 72
1738088188979 0.7719922065734863 73
1738088188980 0.7735937237739563 74
1738088188981 0.7739062309265137 75
1738088188982 0.7741796970367432 76
1738088188983 0.7748437523841858 77
1738088188984 0.7751562595367432 78
1738088188985 0.7780078053474426 79
1738088188986 0.7773047089576721 80
1738088188987 0.7778124809265137 81
1738088188988 0.7783593535423279 82
1738088188989 0.7815234661102295 83
1738088188990 0.7851172089576721 84
1738088188991 0.7815234661102295 85
1738088188992 0.783398449420929 86
1738088188993 0.7828906178474426 87
1738088188993 0.7840625047683716 88
1738088188994 0.7848827838897705 89
1738088188995 0.7880859375 90
1738088188996 0.7840234637260437 91
1738088188997 0.7909765839576721 92
1738088188998 0.7905077934265137 93
1738088188999 0.7877734303474426 94
1738088189000 0.7880859375 95
1738088189001 0.7892187237739563 96
1738088189002 0.7908594012260437 97
1738088189003 0.7925390601158142 98
1738088189004 0.7930468916893005 99
1738088189005 0.7932031154632568 100
1738088189006 0.7939843535423279 101
1738088189007 0.7985156178474426 102
1738088189008 0.7972656488418579 103
1738088189009 0.7967578172683716 104
1738088189010 0.7996875047683716 105
1738088189011 0.7995703220367432 106
1738088189012 0.7989843487739563 107
1738088189013 0.7987109422683716 108
1738088189013 0.8004687428474426 109
1738088189014 0.8012890815734863 110
1738088189015 0.7999218702316284 111
1738088189016 0.7990624904632568 112
1738088189017 0.8023437261581421 113
1738088189018 0.7995312213897705 114
1738088189019 0.8016796708106995 115
1738088189020 0.8051171898841858 116
1738088189021 0.8054296970367432 117
1738088189022 0.8062890768051147 118
1738088189023 0.8071093559265137 119
