1738716572126 5.712255477905273 0
1738716572128 2.7726666927337646 1
1738716572130 2.282979965209961 2
1738716572131 2.024366855621338 3
1738716572133 1.803298830986023 4
1738716572134 1.6091868877410889 5
1738716572135 1.4536137580871582 6
1738716572137 1.3449337482452393 7
1738716572139 1.2659616470336914 8
1738716572140 1.2149505615234375 9
1738716572141 1.1723979711532593 10
1738716572143 1.1441237926483154 11
1738716572144 1.1187498569488525 12
1738716572145 1.0910896062850952 13
1738716572147 1.0993859767913818 14
1738716572149 1.0745999813079834 15
1738716572150 1.0736322402954102 16
1738716572151 1.0513325929641724 17
1738716572153 1.049667239189148 18
1738716572154 1.0513595342636108 19
1738716572155 1.0359724760055542 20
1738716572157 1.0418325662612915 21
1738716572158 1.0599080324172974 22
1738716572159 1.041337490081787 23
1738716572160 1.0087313652038574 24
1738716572162 1.0337302684783936 25
1738716572164 1.045426607131958 26
1738716572165 1.0335633754730225 27
1738716572166 1.0438926219940186 28
1738716572167 1.0163893699645996 29
1738716572168 1.0485377311706543 30
1738716572170 1.0153818130493164 31
1738716572171 1.0210189819335938 32
1738716572172 1.0379223823547363 33
1738716572173 1.0068213939666748 34
1738716572174 1.012821078300476 35
1738716572176 1.0206961631774902 36
1738716572177 1.0116031169891357 37
1738716572178 1.0154324769973755 38
1738716572180 1.0190447568893433 39
1738716572181 0.9922891855239868 40
1738716572182 0.9975264072418213 41
1738716572184 1.0123577117919922 42
1738716572185 1.012817621231079 43
1738716572186 0.9840043783187866 44
1738716572187 0.979530394077301 45
1738716572188 0.9861477017402649 46
