1738716572126 0.42152345180511475 0
1738716572128 0.5542968511581421 1
1738716572130 0.6566015481948853 2
1738716572131 0.7126562595367432 3
1738716572133 0.7556250095367432 4
1738716572134 0.7839062213897705 5
1738716572135 0.8032031059265137 6
1738716572137 0.8142187595367432 7
1738716572139 0.8207812309265137 8
1738716572140 0.8294140696525574 9
1738716572141 0.8326953053474426 10
1738716572143 0.8397265672683716 11
1738716572144 0.8397265672683716 12
1738716572145 0.8464062213897705 13
1738716572147 0.8453906178474426 14
1738716572149 0.8491406440734863 15
1738716572150 0.8517968654632568 16
1738716572151 0.8584765791893005 17
1738716572153 0.8580859303474426 18
1738716572154 0.8606640696525574 19
1738716572155 0.8643749952316284 20
1738716572157 0.865039050579071 21
1738716572158 0.8625781536102295 22
1738716572159 0.8687499761581421 23
1738716572160 0.8740234375 24
1738716572162 0.8691015839576721 25
1738716572164 0.8693749904632568 26
1738716572165 0.8712499737739563 27
1738716572166 0.8742969036102295 28
1738716572167 0.8790234327316284 29
1738716572168 0.8732030987739563 30
1738716572170 0.8794921636581421 31
1738716572171 0.8757421970367432 32
1738716572172 0.8764452934265137 33
1738716572173 0.8781640529632568 34
1738716572174 0.8801953196525574 35
1738716572176 0.8805078268051147 36
1738716572177 0.8815234303474426 37
1738716572178 0.8803906440734863 38
1738716572180 0.8802734613418579 39
1738716572181 0.883984386920929 40
1738716572182 0.8852734565734863 41
1738716572184 0.8830859661102295 42
1738716572185 0.8842187523841858 43
1738716572186 0.8851953148841858 44
1738716572187 0.8872656226158142 45
1738716572188 0.8855859637260437 46
