1738430633681 0.5211718678474426 0
1738430633683 0.6345312595367432 1
1738430633684 0.682421863079071 2
1738430633685 0.6996484398841858 3
1738430633686 0.7299609184265137 4
1738430633687 0.7457031011581421 5
1738430633690 0.7538672089576721 6
1738430633691 0.7641015648841858 7
1738430633692 0.7714062333106995 8
1738430633694 0.778515636920929 9
1738430633695 0.7867578268051147 10
1738430633697 0.7858203053474426 11
1738430633698 0.7840625047683716 12
1738430633700 0.796875 13
1738430633701 0.7955468893051147 14
1738430633702 0.8042187690734863 15
1738430633703 0.801953136920929 16
1738430633704 0.8116796612739563 17
1738430633707 0.8034374713897705 18
1738430633709 0.8070312738418579 19
1738430633711 0.8091796636581421 20
1738430633712 0.8068749904632568 21
1738430633713 0.8144921660423279 22
1738430633714 0.8161327838897705 23
1738430633715 0.8157031536102295 24
1738430633717 0.8149218559265137 25
1738430633718 0.8180468678474426 26
1738430633719 0.812695324420929 27
1738430633720 0.820507824420929 28
1738430633721 0.8210155963897705 29
1738430633724 0.8235546946525574 30
1738430633726 0.8222265839576721 31
1738430633727 0.8272656202316284 32
1738430633728 0.8199218511581421 33
1738430633729 0.8241406083106995 34
1738430633731 0.8240625262260437 35
1738430633732 0.8282031416893005 36
1738430633733 0.8204687237739563 37
1738430633734 0.8293750286102295 38
1738430633735 0.8285546898841858 39
1738430633737 0.829882800579071 40
1738430633738 0.8262500166893005 41
1738430633741 0.828320324420929 42
1738430633743 0.8331640362739563 43
1738430633746 0.8391015529632568 44
1738430633747 0.8296093940734863 45
1738430633748 0.8305468559265137 46
1738430633749 0.8324609398841858 47
1738430633750 0.8316015601158142 48
1738430633751 0.8331249952316284 49
1738430633753 0.8319922089576721 50
1738430633754 0.8295702934265137 51
1738430633756 0.8328515887260437 52
1738430633758 0.8317187428474426 53
1738430633760 0.8326171636581421 54
1738430633762 0.8367578387260437 55
1738430633764 0.833984375 56
1738430633765 0.8345702886581421 57
1738430633767 0.834765613079071 58
1738430633768 0.8363671898841858 59
1738430633770 0.8370702862739563 60
1738430633772 0.8335937261581421 61
1738430633775 0.8413281440734863 62
1738430633777 0.8303515911102295 63
1738430633778 0.830859363079071 64
1738430633780 0.8381249904632568 65
1738430633782 0.8368750214576721 66
1738430633783 0.8345702886581421 67
1738430633785 0.831835925579071 68
1738430633786 0.837890625 69
1738430633789 0.8349609375 70
1738430633792 0.8401172161102295 71
1738430633794 0.8358984589576721 72
1738430633795 0.8329687714576721 73
1738430633796 0.8377344012260437 74
1738430633798 0.8374218940734863 75
1738430633799 0.838085949420929 76
1738430633800 0.8391796946525574 77
1738430633801 0.8394140601158142 78
1738430633802 0.8385546803474426 79
1738430633803 0.8366015553474426 80
1738430633805 0.8358593583106995 81
1738430633807 0.8411718606948853 82
1738430633809 0.8420312404632568 83
1738430633811 0.8415234088897705 84
1738430633812 0.8413281440734863 85
1738430633813 0.8366015553474426 86
1738430633814 0.8387109637260437 87
1738430633815 0.8398047089576721 88
1738430633816 0.8367968797683716 89
1738430633818 0.8383593559265137 90
1738430633819 0.843554675579071 91
1738430633820 0.8409765362739563 92
1738430633821 0.8383984565734863 93
1738430633824 0.8470312356948853 94
1738430633826 0.841601550579071 95
1738430633827 0.8432421684265137 96
1738430633829 0.8398827910423279 97
1738430633830 0.8417187333106995 98
1738430633831 0.8416406512260437 99
1738430633832 0.841992199420929 100
1738430633834 0.8392187356948853 101
1738430633835 0.8357812762260437 102
1738430633836 0.8435156345367432 103
1738430633837 0.8408593535423279 104
1738430633840 0.8402734398841858 105
1738430633842 0.8459374904632568 106
1738430633844 0.8393359184265137 107
1738430633847 0.8434374928474426 108
1738430633848 0.8389453291893005 109
1738430633850 0.8426172137260437 110
1738430633851 0.8460937738418579 111
1738430633852 0.8385937213897705 112
1738430633854 0.8408593535423279 113
1738430633855 0.8430078029632568 114
1738430633858 0.8389062285423279 115
1738430633860 0.8437890410423279 116
1738430633862 0.8411718606948853 117
1738430633864 0.8416406512260437 118
1738430633865 0.8425390720367432 119
