1738430633681 1.3807494640350342 0
1738430633683 1.1201602220535278 1
1738430633684 1.0148197412490845 2
1738430633685 0.9790989756584167 3
1738430633686 0.9119917154312134 4
1738430633687 0.8877745270729065 5
1738430633690 0.8632209300994873 6
1738430633691 0.8383194804191589 7
1738430633692 0.8251879811286926 8
1738430633694 0.8064626455307007 9
1738430633695 0.7874408960342407 10
1738430633697 0.7896968126296997 11
1738430633698 0.7950279116630554 12
1738430633700 0.7607319355010986 13
1738430633701 0.7629526257514954 14
1738430633702 0.7454544305801392 15
1738430633703 0.746725857257843 16
1738430633704 0.7281370759010315 17
1738430633707 0.7502670884132385 18
1738430633709 0.7435144186019897 19
1738430633711 0.7290046215057373 20
1738430633712 0.73649001121521 21
1738430633713 0.720602810382843 22
1738430633714 0.7184717059135437 23
1738430633715 0.7109575867652893 24
1738430633717 0.7173240184783936 25
1738430633718 0.7115751504898071 26
1738430633719 0.7215754985809326 27
1738430633720 0.7121212482452393 28
1738430633721 0.7086582183837891 29
1738430633724 0.6991592645645142 30
1738430633726 0.709960401058197 31
1738430633727 0.6878153085708618 32
1738430633728 0.7069969177246094 33
1738430633729 0.695589542388916 34
1738430633731 0.6974762082099915 35
1738430633732 0.6888082027435303 36
1738430633733 0.7106159925460815 37
1738430633734 0.6804602146148682 38
1738430633735 0.6926454305648804 39
1738430633737 0.6823549866676331 40
1738430633738 0.6869722604751587 41
1738430633741 0.6910187005996704 42
1738430633743 0.6770390868186951 43
1738430633746 0.6599166989326477 44
1738430633747 0.6914485096931458 45
1738430633748 0.6900484561920166 46
1738430633749 0.6752220988273621 47
1738430633750 0.6798976063728333 48
1738430633751 0.6751952171325684 49
1738430633753 0.6816405653953552 50
1738430633754 0.6883041262626648 51
1738430633756 0.6844161748886108 52
1738430633758 0.6832071542739868 53
1738430633760 0.6801395416259766 54
1738430633762 0.6660221815109253 55
1738430633764 0.6764123439788818 56
1738430633765 0.6769235730171204 57
1738430633767 0.6726958751678467 58
1738430633768 0.6717339158058167 59
1738430633770 0.6663320064544678 60
1738430633772 0.6753799915313721 61
1738430633775 0.656416654586792 62
1738430633777 0.6814134120941162 63
1738430633778 0.6783393621444702 64
1738430633780 0.6641685962677002 65
1738430633782 0.6611430644989014 66
1738430633783 0.671440839767456 67
1738430633785 0.6859278678894043 68
1738430633786 0.6704455018043518 69
1738430633789 0.6806071996688843 70
1738430633792 0.6617597341537476 71
1738430633794 0.6767569184303284 72
1738430633795 0.677232563495636 73
1738430633796 0.6665962934494019 74
1738430633798 0.669333279132843 75
1738430633799 0.6607293486595154 76
1738430633800 0.6617158651351929 77
1738430633801 0.6725899577140808 78
1738430633802 0.6663625240325928 79
1738430633803 0.6623857021331787 80
1738430633805 0.6723093390464783 81
1738430633807 0.6628061532974243 82
1738430633809 0.6593177914619446 83
1738430633811 0.6614572405815125 84
1738430633812 0.6608846187591553 85
1738430633813 0.6674337983131409 86
1738430633814 0.6708300709724426 87
1738430633815 0.6603900194168091 88
1738430633816 0.6687300205230713 89
1738430633818 0.6662266254425049 90
1738430633819 0.6570427417755127 91
1738430633820 0.6579965949058533 92
1738430633821 0.6634703874588013 93
1738430633824 0.6506375670433044 94
1738430633826 0.6611494421958923 95
1738430633827 0.6613660454750061 96
1738430633829 0.6571182012557983 97
1738430633830 0.6615883708000183 98
1738430633831 0.6554470658302307 99
1738430633832 0.6530336737632751 100
1738430633834 0.6665591597557068 101
1738430633835 0.6710505485534668 102
1738430633836 0.6571681499481201 103
1738430633837 0.6640871167182922 104
1738430633840 0.6554005146026611 105
1738430633842 0.6456998586654663 106
1738430633844 0.6686305999755859 107
1738430633847 0.6562442779541016 108
1738430633848 0.6620908379554749 109
1738430633850 0.6542559266090393 110
1738430633851 0.6524465680122375 111
1738430633852 0.6605403423309326 112
1738430633854 0.6637768745422363 113
1738430633855 0.6516445875167847 114
1738430633858 0.6695948839187622 115
1738430633860 0.6574170589447021 116
1738430633862 0.6568415760993958 117
1738430633864 0.6572453379631042 118
1738430633865 0.6629219651222229 119
