1738446940979 1.3734091520309448 0
1738446940981 1.1240110397338867 1
1738446940984 1.0380604267120361 2
1738446940986 0.9905164241790771 3
1738446940988 0.9439212679862976 4
1738446940991 0.9201875925064087 5
1738446940993 0.8943314552307129 6
1738446940994 0.8721640110015869 7
1738446940998 0.8515822887420654 8
1738446941001 0.835146427154541 9
1738446941003 0.8238866329193115 10
1738446941004 0.8029265403747559 11
1738446941006 0.8037850260734558 12
1738446941007 0.79107266664505 13
1738446941009 0.7764928340911865 14
1738446941011 0.7705622315406799 15
1738446941014 0.7674943804740906 16
1738446941015 0.7701312303543091 17
1738446941017 0.7593849897384644 18
1738446941019 0.7432029843330383 19
1738446941021 0.7493698596954346 20
1738446941022 0.744699239730835 21
1738446941024 0.741271436214447 22
1738446941025 0.7295738458633423 23
1738446941027 0.7254879474639893 24
1738446941029 0.7296682000160217 25
1738446941032 0.7135860323905945 26
1738446941034 0.7159956097602844 27
1738446941036 0.7166805863380432 28
1738446941038 0.7142170071601868 29
1738446941039 0.7178001999855042 30
1738446941040 0.7098069787025452 31
1738446941042 0.7022648453712463 32
1738446941043 0.6974120140075684 33
1738446941045 0.7052772641181946 34
1738446941047 0.6893054246902466 35
1738446941048 0.6931942701339722 36
1738446941050 0.6971227526664734 37
1738446941051 0.6855387091636658 38
1738446941053 0.6936418414115906 39
1738446941054 0.6791393160820007 40
1738446941056 0.6793043613433838 41
1738446941057 0.6696633100509644 42
1738446941059 0.679237961769104 43
1738446941061 0.6819545030593872 44
1738446941063 0.6753439903259277 45
1738446941066 0.6679890155792236 46
1738446941069 0.676360547542572 47
1738446941072 0.6666913628578186 48
1738446941074 0.6848032474517822 49
1738446941076 0.6713206768035889 50
1738446941079 0.6686452627182007 51
1738446941081 0.6587299108505249 52
1738446941082 0.6713767051696777 53
1738446941084 0.6663554906845093 54
1738446941085 0.6575443148612976 55
1738446941087 0.6520508527755737 56
1738446941089 0.6558007001876831 57
1738446941091 0.6603795886039734 58
1738446941092 0.6555383801460266 59
1738446941093 0.6602334380149841 60
1738446941095 0.6746746897697449 61
1738446941097 0.6578773260116577 62
1738446941099 0.6592422723770142 63
1738446941101 0.6450707316398621 64
1738446941102 0.6568174958229065 65
1738446941104 0.647005558013916 66
1738446941105 0.6408216953277588 67
1738446941107 0.6434197425842285 68
1738446941108 0.6479448676109314 69
1738446941110 0.6435215473175049 70
1738446941111 0.6444532871246338 71
1738446941113 0.6498178839683533 72
1738446941115 0.6434277296066284 73
1738446941117 0.6415786147117615 74
1738446941118 0.6510080695152283 75
1738446941119 0.6444111466407776 76
1738446941121 0.6547356247901917 77
1738446941122 0.6374594569206238 78
1738446941124 0.6472880840301514 79
1738446941125 0.6377822160720825 80
1738446941127 0.642558753490448 81
1738446941128 0.6302093267440796 82
1738446941131 0.6353225111961365 83
1738446941133 0.6267946362495422 84
1738446941135 0.6296001672744751 85
1738446941136 0.6335417032241821 86
1738446941137 0.6244094967842102 87
1738446941139 0.6299139857292175 88
1738446941140 0.6239891648292542 89
1738446941142 0.631791353225708 90
1738446941143 0.6297142505645752 91
1738446941145 0.6312212944030762 92
1738446941147 0.6319827437400818 93
1738446941149 0.6282365322113037 94
1738446941150 0.6324057579040527 95
1738446941152 0.632455050945282 96
1738446941153 0.634503185749054 97
1738446941155 0.6228930950164795 98
1738446941156 0.6234652996063232 99
1738446941158 0.618574857711792 100
1738446941159 0.6263203620910645 101
1738446941161 0.6271048188209534 102
1738446941163 0.6259309649467468 103
1738446941166 0.6392813324928284 104
1738446941167 0.6208439469337463 105
1738446941169 0.613534688949585 106
1738446941170 0.6188800930976868 107
1738446941172 0.6129958629608154 108
1738446941173 0.6242195963859558 109
1738446941175 0.6205258369445801 110
1738446941176 0.6219015717506409 111
1738446941177 0.6044975519180298 112
1738446941179 0.6081523895263672 113
1738446941181 0.6132906079292297 114
1738446941182 0.6180320978164673 115
1738446941184 0.6108449697494507 116
1738446941185 0.6202619671821594 117
1738446941187 0.610353946685791 118
1738446941188 0.6123263835906982 119
