1738446940979 0.4614843726158142 0
1738446940981 0.5721094012260437 1
1738446940984 0.6092578172683716 2
1738446940986 0.6280859112739563 3
1738446940988 0.6519140601158142 4
1738446940991 0.6643750071525574 5
1738446940993 0.678515613079071 6
1738446940994 0.6883984208106995 7
1738446940998 0.697265625 8
1738446941001 0.7028124928474426 9
1738446941003 0.706250011920929 10
1738446941004 0.7166406512260437 11
1738446941006 0.715624988079071 12
1738446941007 0.7193750143051147 13
1738446941009 0.7276562452316284 14
1738446941011 0.7328125238418579 15
1738446941014 0.7278125286102295 16
1738446941015 0.728710949420929 17
1738446941017 0.7353906035423279 18
1738446941019 0.7399218678474426 19
1738446941021 0.7371484637260437 20
1738446941022 0.7424218654632568 21
1738446941024 0.7405078411102295 22
1738446941025 0.7473046779632568 23
1738446941027 0.749804675579071 24
1738446941029 0.7462499737739563 25
1738446941032 0.7532812356948853 26
1738446941034 0.7526171803474426 27
1738446941036 0.7514452934265137 28
1738446941038 0.7532031536102295 29
1738446941039 0.7533593773841858 30
1738446941040 0.7526953220367432 31
1738446941042 0.7554687261581421 32
1738446941043 0.7610156536102295 33
1738446941045 0.7567577958106995 34
1738446941047 0.7625781297683716 35
1738446941048 0.7637500166893005 36
1738446941050 0.7582421898841858 37
1738446941051 0.7635156512260437 38
1738446941053 0.7637500166893005 39
1738446941054 0.7695702910423279 40
1738446941056 0.7653906345367432 41
1738446941057 0.7719922065734863 42
1738446941059 0.7655468583106995 43
1738446941061 0.7639062404632568 44
1738446941063 0.7689453363418579 45
1738446941066 0.7707812786102295 46
1738446941069 0.7686328291893005 47
1738446941072 0.7724999785423279 48
1738446941074 0.7666015625 49
1738446941076 0.7730078101158142 50
1738446941079 0.7723047137260437 51
1738446941081 0.7783203125 52
1738446941082 0.7731249928474426 53
1738446941084 0.7737890481948853 54
1738446941085 0.7748827934265137 55
1738446941087 0.7776562571525574 56
1738446941089 0.7784765362739563 57
1738446941091 0.7757031321525574 58
1738446941092 0.7801952958106995 59
1738446941093 0.7773827910423279 60
1738446941095 0.7706640362739563 61
1738446941097 0.7779296636581421 62
1738446941099 0.7746484279632568 63
1738446941101 0.7801562547683716 64
1738446941102 0.7787500023841858 65
1738446941104 0.7845703363418579 66
1738446941105 0.7837499976158142 67
1738446941107 0.7783593535423279 68
1738446941108 0.7777734398841858 69
1738446941110 0.7831640839576721 70
1738446941111 0.781445324420929 71
1738446941113 0.7835546731948853 72
1738446941115 0.7835156321525574 73
1738446941117 0.7809374928474426 74
1738446941118 0.7815234661102295 75
1738446941119 0.7803515791893005 76
1738446941121 0.7775781154632568 77
1738446941122 0.7850390672683716 78
1738446941124 0.7821484208106995 79
1738446941125 0.7841015458106995 80
1738446941127 0.7802343964576721 81
1738446941128 0.7862499952316284 82
1738446941131 0.7865234613418579 83
1738446941133 0.7891015410423279 84
1738446941135 0.7847656011581421 85
1738446941136 0.790234386920929 86
1738446941137 0.7887109518051147 87
1738446941139 0.7867578268051147 88
1738446941140 0.7892187237739563 89
1738446941142 0.7854297161102295 90
1738446941143 0.7891406416893005 91
1738446941145 0.7855859398841858 92
1738446941147 0.7880468964576721 93
1738446941149 0.7874218821525574 94
1738446941150 0.7875000238418579 95
1738446941152 0.7907421588897705 96
1738446941153 0.7862109541893005 97
1738446941155 0.7894921898841858 98
1738446941156 0.7905468940734863 99
1738446941158 0.7923828363418579 100
1738446941159 0.7891406416893005 101
1738446941161 0.7886718511581421 102
1738446941163 0.7884374856948853 103
1738446941166 0.7845312356948853 104
1738446941167 0.7922265529632568 105
1738446941169 0.7903515696525574 106
1738446941170 0.7944921851158142 107
1738446941172 0.7933202981948853 108
1738446941173 0.7901172041893005 109
1738446941175 0.7923046946525574 110
1738446941176 0.7891406416893005 111
1738446941177 0.7972656488418579 112
1738446941179 0.7939453125 113
1738446941181 0.7923046946525574 114
1738446941182 0.7898828387260437 115
1738446941184 0.7933202981948853 116
1738446941185 0.7936328053474426 117
1738446941187 0.7932031154632568 118
1738446941188 0.7965624928474426 119
