1738258992429 0.675000011920929 0
1738258992430 0.8094921708106995 1
1738258992431 0.8393359184265137 2
1738258992432 0.8512499928474426 3
1738258992434 0.862500011920929 4
1738258992436 0.8657422065734863 5
1738258992438 0.873046875 6
1738258992439 0.8698046803474426 7
1738258992441 0.881054699420929 8
1738258992443 0.8791797161102295 9
1738258992444 0.8846484422683716 10
1738258992446 0.8815624713897705 11
1738258992447 0.8843749761581421 12
1738258992448 0.88671875 13
1738258992450 0.8924609422683716 14
1738258992451 0.8867577910423279 15
1738258992453 0.8922656178474426 16
1738258992454 0.8997265696525574 17
1738258992455 0.9039843678474426 18
1738258992457 0.9039062261581421 19
1738258992459 0.9079687595367432 20
1738258992460 0.9121484160423279 21
1738258992462 0.9098047018051147 22
1738258992463 0.912304699420929 23
1738258992465 0.9155077934265137 24
1738258992466 0.9137109518051147 25
1738258992467 0.914257824420929 26
1738258992468 0.9128124713897705 27
1738258992469 0.9222265481948853 28
1738258992470 0.9144140481948853 29
1738258992472 0.9208202958106995 30
1738258992474 0.9197656512260437 31
1738258992476 0.9210546612739563 32
1738258992477 0.9186328053474426 33
1738258992479 0.9202343821525574 34
1738258992480 0.9221875071525574 35
1738258992481 0.9242968559265137 36
1738258992482 0.9221484661102295 37
1738258992483 0.9230077862739563 38
1738258992485 0.9248828291893005 39
1738258992486 0.9221875071525574 40
1738258992487 0.9248046875 41
1738258992488 0.9251171946525574 42
1738258992490 0.9281250238418579 43
1738258992492 0.9243359565734863 44
1738258992493 0.9258202910423279 45
1738258992494 0.926562488079071 46
1738258992496 0.9283593893051147 47
1738258992497 0.9249609112739563 48
1738258992498 0.9292968511581421 49
1738258992499 0.9264062643051147 50
1738258992500 0.9297265410423279 51
1738258992501 0.9258202910423279 52
1738258992502 0.9299218654632568 53
1738258992504 0.9286327958106995 54
1738258992505 0.9302343726158142 55
1738258992506 0.9312499761581421 56
1738258992509 0.9270703196525574 57
