1738258992429 0.9516961574554443 0
1738258992430 0.5483508706092834 1
1738258992431 0.460516095161438 2
1738258992432 0.42311587929725647 3
1738258992434 0.396140456199646 4
1738258992436 0.38968971371650696 5
1738258992438 0.3618401288986206 6
1738258992439 0.3655747175216675 7
1738258992441 0.3427182137966156 8
1738258992443 0.3361547887325287 9
1738258992444 0.3298547863960266 10
1738258992446 0.3327476382255554 11
1738258992447 0.32590821385383606 12
1738258992448 0.32346686720848083 13
1738258992450 0.3047650456428528 14
1738258992451 0.3201681077480316 15
1738258992453 0.3090842664241791 16
1738258992454 0.2985420525074005 17
1738258992455 0.2913370430469513 18
1738258992457 0.2829947769641876 19
1738258992459 0.27372920513153076 20
1738258992460 0.26498568058013916 21
1738258992462 0.27190110087394714 22
1738258992463 0.2658344805240631 23
1738258992465 0.2563873827457428 24
1738258992466 0.26289597153663635 25
1738258992467 0.25645682215690613 26
1738258992468 0.2666133642196655 27
1738258992469 0.24096181988716125 28
1738258992470 0.25423046946525574 29
1738258992472 0.241188183426857 30
1738258992474 0.24421118199825287 31
1738258992476 0.23952758312225342 32
1738258992477 0.24353130161762238 33
1738258992479 0.23758536577224731 34
1738258992480 0.23314900696277618 35
1738258992481 0.22864490747451782 36
1738258992482 0.23498877882957458 37
1738258992483 0.22977058589458466 38
1738258992485 0.2266259789466858 39
1738258992486 0.23275205492973328 40
1738258992487 0.22184330224990845 41
1738258992488 0.22215241193771362 42
1738258992490 0.2201482653617859 43
1738258992492 0.2244655191898346 44
1738258992493 0.22559839487075806 45
1738258992494 0.21439458429813385 46
1738258992496 0.21175630390644073 47
1738258992497 0.22080279886722565 48
1738258992498 0.21011358499526978 49
1738258992499 0.2173227071762085 50
1738258992500 0.20910406112670898 51
1738258992501 0.21467237174510956 52
1738258992502 0.20673301815986633 53
1738258992504 0.21074800193309784 54
1738258992505 0.20652255415916443 55
1738258992506 0.20536485314369202 56
1738258992509 0.21510307490825653 57
