1738423107249 0.3741796910762787 0
1738423107250 0.5433202981948853 1
1738423107252 0.642382800579071 2
1738423107253 0.6973828077316284 3
1738423107256 0.7313671708106995 4
1738423107258 0.7555078268051147 5
1738423107260 0.758007824420929 6
1738423107263 0.7730078101158142 7
1738423107265 0.7716405987739563 8
1738423107267 0.7818750143051147 9
1738423107269 0.7783984541893005 10
1738423107271 0.782031238079071 11
1738423107272 0.7861328125 12
1738423107274 0.7825000286102295 13
1738423107277 0.7778515815734863 14
