1738423107249 2.1199655532836914 0
1738423107250 1.6128636598587036 1
1738423107252 1.3934153318405151 2
1738423107253 1.335479736328125 3
1738423107256 1.317549228668213 4
1738423107258 1.2841616868972778 5
1738423107260 1.344175100326538 6
1738423107263 1.3211535215377808 7
1738423107265 1.3394711017608643 8
1738423107267 1.3428999185562134 9
1738423107269 1.3687900304794312 10
1738423107271 1.3788421154022217 11
1738423107272 1.3746169805526733 12
1738423107274 1.38814377784729 13
1738423107277 1.4041199684143066 14
