1738445109140 2.7575137615203857 0
1738445109142 2.350440740585327 1
1738445109144 2.6569249629974365 2
1738445109145 2.441601514816284 3
1738445109147 2.2888901233673096 4
1738445109148 2.550232172012329 5
1738445109149 2.3399901390075684 6
1738445109151 2.288003921508789 7
1738445109152 2.419265031814575 8
1738445109154 2.474090814590454 9
1738445109155 2.687821626663208 10
1738445109156 2.3709301948547363 11
1738445109157 2.2216434478759766 12
1738445109158 2.444521427154541 13
1738445109159 2.425386428833008 14
1738445109160 2.395355224609375 15
1738445109162 2.3225977420806885 16
1738445109164 2.3859074115753174 17
1738445109165 2.5581698417663574 18
1738445109166 2.3821256160736084 19
1738445109168 2.311769962310791 20
1738445109169 2.3973984718322754 21
1738445109170 2.2880468368530273 22
1738445109172 2.2923874855041504 23
1738445109173 2.3185930252075195 24
1738445109175 2.2417588233947754 25
1738445109176 2.3317458629608154 26
1738445109177 2.4330475330352783 27
1738445109179 2.3318445682525635 28
1738445109181 2.2001824378967285 29
1738445109183 2.1395885944366455 30
1738445109185 2.3283252716064453 31
1738445109186 2.4487552642822266 32
1738445109188 2.273663282394409 33
1738445109189 2.29634428024292 34
1738445109190 2.4439101219177246 35
1738445109191 2.3621623516082764 36
1738445109192 2.362117052078247 37
1738445109194 2.2671737670898438 38
1738445109195 2.2065792083740234 39
1738445109198 2.3179900646209717 40
1738445109200 2.2773702144622803 41
1738445109202 2.313171148300171 42
1738445109204 2.407045841217041 43
1738445109205 2.4120659828186035 44
1738445109207 2.295975685119629 45
1738445109209 2.2848610877990723 46
1738445109211 2.6132636070251465 47
1738445109213 2.367504835128784 48
1738445109215 2.112396478652954 49
1738445109218 2.2021706104278564 50
1738445109221 2.3471882343292236 51
1738445109224 2.549832344055176 52
1738445109227 2.261199474334717 53
1738445109229 2.251906633377075 54
1738445109231 2.418463706970215 55
1738445109233 2.40932297706604 56
1738445109236 2.2516698837280273 57
1738445109238 2.148634433746338 58
1738445109241 2.2581944465637207 59
1738445109243 2.5069518089294434 60
1738445109246 2.2746307849884033 61
1738445109248 2.2052106857299805 62
1738445109251 2.3336164951324463 63
1738445109253 2.4077951908111572 64
1738445109256 2.5521297454833984 65
1738445109259 2.3309578895568848 66
1738445109261 2.264524221420288 67
1738445109264 2.284681797027588 68
1738445109267 2.436100721359253 69
1738445109269 2.5295305252075195 70
1738445109272 2.3623180389404297 71
1738445109275 2.441091299057007 72
1738445109277 2.421668767929077 73
1738445109280 2.356991767883301 74
1738445109282 2.3786449432373047 75
1738445109285 2.369359016418457 76
1738445109287 2.4547605514526367 77
1738445109290 2.4284751415252686 78
1738445109292 2.3221569061279297 79
1738445109295 2.404545545578003 80
1738445109298 2.5456953048706055 81
1738445109300 2.3985300064086914 82
1738445109303 2.5669915676116943 83
1738445109306 2.3194031715393066 84
1738445109308 2.333705425262451 85
1738445109311 2.4391698837280273 86
1738445109314 2.430896282196045 87
1738445109316 2.343264102935791 88
1738445109318 2.396440267562866 89
1738445109320 2.389761209487915 90
1738445109322 2.2789065837860107 91
1738445109324 2.347865581512451 92
1738445109327 2.555410623550415 93
1738445109329 2.336354970932007 94
1738445109331 2.2218704223632812 95
1738445109332 2.237441301345825 96
1738445109334 2.477870464324951 97
1738445109336 2.812751531600952 98
1738445109337 2.2534499168395996 99
1738445109338 2.230043888092041 100
1738445109340 2.288038730621338 101
1738445109341 2.380497694015503 102
1738445109344 2.405907154083252 103
1738445109346 2.616776704788208 104
1738445109348 2.5546040534973145 105
1738445109350 2.3286445140838623 106
1738445109352 2.3980793952941895 107
1738445109355 2.326209306716919 108
1738445109358 2.58870267868042 109
1738445109360 2.36159348487854 110
1738445109363 2.472778797149658 111
1738445109366 2.5071232318878174 112
1738445109369 2.3972182273864746 113
1738445109372 2.426389455795288 114
1738445109375 2.448166847229004 115
1738445109378 2.445632219314575 116
1738445109380 2.4177849292755127 117
1738445109383 2.5290727615356445 118
1738445109386 2.482130765914917 119
