1738445109140 0.18382813036441803 0
1738445109142 0.18355469405651093 1
1738445109144 0.17542968690395355 2
1738445109145 0.17566406726837158 3
1738445109147 0.1745312511920929 4
1738445109148 0.17414063215255737 5
1738445109149 0.17484374344348907 6
1738445109151 0.16902343928813934 7
1738445109152 0.17578125 8
1738445109154 0.17085938155651093 9
1738445109155 0.17515625059604645 10
1738445109156 0.1687890589237213 11
1738445109157 0.17652343213558197 12
1738445109158 0.17359374463558197 13
1738445109159 0.17289061844348907 14
1738445109160 0.17492187023162842 15
1738445109162 0.1763281226158142 16
1738445109164 0.17542968690395355 17
1738445109165 0.16902343928813934 18
1738445109166 0.17140625417232513 19
1738445109168 0.1742578148841858 20
1738445109169 0.17085938155651093 21
1738445109170 0.1710546910762787 22
1738445109172 0.17082031071186066 23
1738445109173 0.16539062559604645 24
1738445109175 0.17656250298023224 25
1738445109176 0.17140625417232513 26
1738445109177 0.17304687201976776 27
1738445109179 0.17152343690395355 28
1738445109181 0.1687890589237213 29
1738445109183 0.16953125596046448 30
1738445109185 0.16808593273162842 31
1738445109186 0.16984374821186066 32
1738445109188 0.16953125596046448 33
1738445109189 0.1691015660762787 34
1738445109190 0.16898436844348907 35
1738445109191 0.1711718738079071 36
1738445109192 0.17128905653953552 37
1738445109194 0.169921875 38
1738445109195 0.16761718690395355 39
1738445109198 0.17167969048023224 40
1738445109200 0.1687890589237213 41
1738445109202 0.1706250011920929 42
1738445109204 0.17023438215255737 43
1738445109205 0.16941405832767487 44
1738445109207 0.16859374940395355 45
1738445109209 0.1678124964237213 46
1738445109211 0.16496093571186066 47
1738445109213 0.1696484386920929 48
1738445109215 0.16871093213558197 49
1738445109218 0.1742578148841858 50
1738445109221 0.1647656261920929 51
1738445109224 0.16703124344348907 52
1738445109227 0.16984374821186066 53
1738445109229 0.17207030951976776 54
1738445109231 0.16687500476837158 55
1738445109233 0.17335937917232513 56
1738445109236 0.16859374940395355 57
1738445109238 0.16925781965255737 58
1738445109241 0.17093749344348907 59
1738445109243 0.17296874523162842 60
1738445109246 0.1665624976158142 61
1738445109248 0.17023438215255737 62
1738445109251 0.17015625536441803 63
1738445109253 0.1731249988079071 64
1738445109256 0.16789062321186066 65
1738445109259 0.17027343809604645 66
1738445109261 0.17175781726837158 67
1738445109264 0.17429687082767487 68
1738445109267 0.17261718213558197 69
1738445109269 0.1707421839237213 70
1738445109272 0.16957031190395355 71
1738445109275 0.17136718332767487 72
1738445109277 0.17011718451976776 73
1738445109280 0.16953125596046448 74
1738445109282 0.1696484386920929 75
1738445109285 0.1665624976158142 76
1738445109287 0.17332030832767487 77
1738445109290 0.16863280534744263 78
1738445109292 0.17359374463558197 79
1738445109295 0.1689453125 80
1738445109298 0.17222656309604645 81
1738445109300 0.16957031190395355 82
1738445109303 0.16953125596046448 83
1738445109306 0.1708984375 84
1738445109308 0.17140625417232513 85
1738445109311 0.1745312511920929 86
1738445109314 0.1691015660762787 87
1738445109316 0.1728515625 88
1738445109318 0.16667968034744263 89
1738445109320 0.17093749344348907 90
1738445109322 0.17054687440395355 91
1738445109324 0.17156249284744263 92
1738445109327 0.16765624284744263 93
1738445109329 0.1707421839237213 94
1738445109331 0.17109374701976776 95
1738445109332 0.1710546910762787 96
1738445109334 0.16863280534744263 97
1738445109336 0.17070312798023224 98
1738445109337 0.1753515601158142 99
1738445109338 0.177734375 100
1738445109340 0.17308594286441803 101
1738445109341 0.17011718451976776 102
1738445109344 0.17121094465255737 103
1738445109346 0.16703124344348907 104
1738445109348 0.17261718213558197 105
1738445109350 0.1723046898841858 106
1738445109352 0.17578125 107
1738445109355 0.17417968809604645 108
1738445109358 0.1710546910762787 109
1738445109360 0.173828125 110
1738445109363 0.17125000059604645 111
1738445109366 0.17414063215255737 112
1738445109369 0.17433594167232513 113
1738445109372 0.1706250011920929 114
1738445109375 0.17261718213558197 115
1738445109378 0.17082031071186066 116
1738445109380 0.17195312678813934 117
1738445109383 0.16906249523162842 118
1738445109386 0.17226561903953552 119
