1738430163303 1.5229774713516235 0
1738430163305 1.2819241285324097 1
1738430163306 1.2143057584762573 2
1738430163307 1.1688116788864136 3
1738430163309 1.1270390748977661 4
1738430163311 1.118146538734436 5
1738430163313 1.0868873596191406 6
1738430163315 1.0651562213897705 7
1738430163318 1.0660196542739868 8
1738430163319 1.0527898073196411 9
1738430163321 1.0209087133407593 10
1738430163322 1.0242918729782104 11
1738430163323 1.0061240196228027 12
1738430163324 1.008289098739624 13
1738430163325 1.0017552375793457 14
1738430163327 0.9861710071563721 15
1738430163329 0.9956312775611877 16
1738430163331 0.9806689620018005 17
1738430163332 0.9740532040596008 18
1738430163333 0.979299008846283 19
1738430163334 0.9672105312347412 20
1738430163336 0.981229305267334 21
1738430163337 0.9540796875953674 22
1738430163338 0.9709836840629578 23
1738430163339 0.9572881460189819 24
1738430163340 0.9565468430519104 25
1738430163341 0.9636470079421997 26
1738430163342 0.9541568756103516 27
1738430163344 0.95514315366745 28
1738430163346 0.9453248381614685 29
1738430163348 0.951509416103363 30
1738430163350 0.9435409307479858 31
1738430163352 0.9468613266944885 32
1738430163354 0.9356021881103516 33
1738430163356 0.9406244158744812 34
1738430163357 0.9278029799461365 35
1738430163359 0.9354152083396912 36
1738430163361 0.9427214860916138 37
1738430163363 0.9341044425964355 38
1738430163365 0.9313826560974121 39
1738430163367 0.931225061416626 40
1738430163368 0.9361376762390137 41
1738430163370 0.9267098903656006 42
1738430163372 0.933797299861908 43
1738430163374 0.9258329272270203 44
1738430163376 0.9193307757377625 45
1738430163378 0.932170569896698 46
1738430163379 0.9249326586723328 47
1738430163381 0.9260371923446655 48
1738430163383 0.9206520915031433 49
