1738430163303 0.4627734422683716 0
1738430163305 0.562695324420929 1
1738430163306 0.5946875214576721 2
1738430163307 0.6131640672683716 3
1738430163309 0.6319921612739563 4
1738430163311 0.6396484375 5
1738430163313 0.6567968726158142 6
1738430163315 0.6622265577316284 7
1738430163318 0.6699609160423279 8
1738430163319 0.6741406321525574 9
1738430163321 0.6880078315734863 10
1738430163322 0.6851953268051147 11
1738430163323 0.6936328411102295 12
1738430163324 0.6919140815734863 13
1738430163325 0.6936718821525574 14
1738430163327 0.7024999856948853 15
1738430163329 0.6998828053474426 16
1738430163331 0.701171875 17
1738430163332 0.7094922065734863 18
1738430163333 0.7057812213897705 19
1738430163334 0.7133593559265137 20
1738430163336 0.711132824420929 21
1738430163337 0.7196875214576721 22
1738430163338 0.7145312428474426 23
1738430163339 0.721484363079071 24
1738430163340 0.7183984518051147 25
1738430163341 0.7194530963897705 26
1738430163342 0.720898449420929 27
1738430163344 0.7221484184265137 28
1738430163346 0.7243359088897705 29
1738430163348 0.7239843606948853 30
1738430163350 0.7275781035423279 31
1738430163352 0.7284374833106995 32
1738430163354 0.7315234541893005 33
1738430163356 0.7270703315734863 34
1738430163357 0.7353906035423279 35
1738430163359 0.7296484112739563 36
1738430163361 0.7286718487739563 37
1738430163363 0.7285937666893005 38
1738430163365 0.7335546612739563 39
1738430163367 0.7285546660423279 40
1738430163368 0.7333202958106995 41
1738430163370 0.7319921851158142 42
1738430163372 0.7360546588897705 43
1738430163374 0.7345312237739563 44
1738430163376 0.7386327981948853 45
1738430163378 0.7351171970367432 46
1738430163379 0.7385937571525574 47
1738430163381 0.7364843487739563 48
1738430163383 0.7396875023841858 49
