1738772417413 2.1204311847686768 0
1738772417415 1.4694323539733887 1
1738772417416 1.430818796157837 2
1738772417418 1.3986133337020874 3
1738772417419 1.3956782817840576 4
1738772417420 1.3699041604995728 5
1738772417422 1.3666611909866333 6
1738772417424 1.3464421033859253 7
1738772417425 1.3311526775360107 8
1738772417427 1.3326449394226074 9
1738772417429 1.3188830614089966 10
1738772417432 1.3217843770980835 11
1738772417433 1.3081867694854736 12
1738772417434 1.3107304573059082 13
1738772417435 1.3011000156402588 14
1738772417437 1.3073612451553345 15
1738772417438 1.287834644317627 16
1738772417439 1.285081148147583 17
1738772417440 1.2803306579589844 18
1738772417441 1.2888176441192627 19
1738772417443 1.2866803407669067 20
1738772417445 1.2768803834915161 21
1738772417447 1.2725945711135864 22
1738772417450 1.2648234367370605 23
1738772417451 1.2676002979278564 24
1738772417452 1.2665473222732544 25
1738772417453 1.2815446853637695 26
1738772417454 1.268457055091858 27
1738772417456 1.2737879753112793 28
1738772417457 1.2805428504943848 29
1738772417458 1.2701420783996582 30
1738772417459 1.2714779376983643 31
1738772417461 1.2588340044021606 32
1738772417462 1.252062201499939 33
1738772417463 1.2544491291046143 34
1738772417464 1.256576418876648 35
1738772417465 1.2505488395690918 36
1738772417467 1.257399082183838 37
1738772417468 1.2554665803909302 38
1738772417470 1.249983310699463 39
1738772417471 1.248780369758606 40
1738772417472 1.2450731992721558 41
1738772417473 1.2380878925323486 42
1738772417475 1.254927396774292 43
1738772417476 1.2507617473602295 44
1738772417477 1.260862946510315 45
1738772417478 1.256566047668457 46
1738772417479 1.2312530279159546 47
1738772417481 1.2465170621871948 48
1738772417482 1.2495976686477661 49
1738772417483 1.2524129152297974 50
1738772417484 1.2592434883117676 51
1738772417485 1.2427810430526733 52
1738772417487 1.2326364517211914 53
1738772417488 1.243770956993103 54
1738772417489 1.241154670715332 55
1738772417490 1.2407675981521606 56
1738772417491 1.249720811843872 57
1738772417493 1.2462776899337769 58
1738772417494 1.2252782583236694 59
1738772417495 1.214652419090271 60
1738772417496 1.225754737854004 61
1738772417497 1.2285102605819702 62
1738772417499 1.2540647983551025 63
1738772417500 1.2259544134140015 64
1738772417501 1.2296618223190308 65
1738772417502 1.2272223234176636 66
1738772417503 1.2328846454620361 67
1738772417504 1.2484210729599 68
1738772417506 1.2201043367385864 69
1738772417507 1.2175700664520264 70
1738772417508 1.2117682695388794 71
1738772417509 1.243576169013977 72
1738772417510 1.2323731184005737 73
1738772417512 1.2403922080993652 74
1738772417513 1.2232675552368164 75
1738772417514 1.2243682146072388 76
1738772417515 1.2151867151260376 77
1738772417516 1.2444372177124023 78
1738772417517 1.2309705018997192 79
1738772417519 1.2139097452163696 80
1738772417520 1.2224268913269043 81
1738772417521 1.2211732864379883 82
1738772417522 1.229701280593872 83
1738772417523 1.233610987663269 84
1738772417524 1.2217371463775635 85
1738772417526 1.2176400423049927 86
1738772417527 1.2192784547805786 87
1738772417528 1.2211062908172607 88
1738772417529 1.2118486166000366 89
1738772417530 1.239440679550171 90
1738772417532 1.213065505027771 91
1738772417533 1.219946265220642 92
1738772417534 1.2277032136917114 93
1738772417535 1.220192551612854 94
1738772417536 1.2144783735275269 95
1738772417537 1.2192858457565308 96
1738772417539 1.2246406078338623 97
1738772417540 1.22983980178833 98
1738772417541 1.2203211784362793 99
1738772417542 1.232259750366211 100
1738772417544 1.217194676399231 101
1738772417545 1.2304185628890991 102
1738772417546 1.2335838079452515 103
1738772417547 1.237457275390625 104
1738772417548 1.2256652116775513 105
1738772417549 1.2155741453170776 106
1738772417551 1.2049731016159058 107
1738772417552 1.2422047853469849 108
1738772417553 1.2257441282272339 109
1738772417554 1.2149224281311035 110
1738772417555 1.2217985391616821 111
1738772417556 1.2038615942001343 112
1738772417558 1.2262839078903198 113
1738772417559 1.2319642305374146 114
1738772417560 1.2171831130981445 115
1738772417561 1.2328248023986816 116
1738772417562 1.212254524230957 117
1738772417564 1.2159122228622437 118
1738772417565 1.213335633277893 119
