1738772417413 0.48445311188697815 0
1738772417415 0.5244531035423279 1
1738772417416 0.5337499976158142 2
1738772417418 0.5390625 3
1738772417419 0.5367578268051147 4
1738772417420 0.5408984422683716 5
1738772417422 0.5360937714576721 6
1738772417424 0.5462109446525574 7
1738772417425 0.5470312237739563 8
1738772417427 0.5449609160423279 9
1738772417429 0.5560547113418579 10
1738772417432 0.5511327981948853 11
1738772417433 0.5557812452316284 12
1738772417434 0.5507031083106995 13
1738772417435 0.5594921708106995 14
1738772417437 0.5614843964576721 15
1738772417438 0.5664452910423279 16
1738772417439 0.5682421922683716 17
1738772417440 0.5661718845367432 18
1738772417441 0.5680468678474426 19
1738772417443 0.5688281059265137 20
1738772417445 0.5706250071525574 21
1738772417447 0.5754296779632568 22
1738772417450 0.5745702981948853 23
1738772417451 0.5745312571525574 24
1738772417452 0.5738672018051147 25
1738772417453 0.5669921636581421 26
1738772417454 0.5775390863418579 27
1738772417456 0.5768359303474426 28
1738772417457 0.5719921588897705 29
1738772417458 0.5757812261581421 30
1738772417459 0.5755468606948853 31
1738772417461 0.5763280987739563 32
1738772417462 0.5807031393051147 33
1738772417463 0.5810546875 34
1738772417464 0.5833203196525574 35
1738772417465 0.5859375 36
1738772417467 0.5817968845367432 37
1738772417468 0.5752343535423279 38
1738772417470 0.5842187404632568 39
1738772417471 0.5805859565734863 40
1738772417472 0.58984375 41
1738772417473 0.5899999737739563 42
1738772417475 0.5824999809265137 43
1738772417476 0.5821093916893005 44
1738772417477 0.5812890529632568 45
1738772417478 0.5815234184265137 46
1738772417479 0.5939062237739563 47
1738772417481 0.5830078125 48
1738772417482 0.5805468559265137 49
1738772417483 0.5810937285423279 50
1738772417484 0.5794140696525574 51
1738772417485 0.5869531035423279 52
1738772417487 0.5926172137260437 53
1738772417488 0.5839453339576721 54
1738772417489 0.5846874713897705 55
1738772417490 0.5886328220367432 56
1738772417491 0.5829296708106995 57
1738772417493 0.5810546875 58
1738772417494 0.5925390720367432 59
1738772417495 0.591992199420929 60
1738772417496 0.5891015529632568 61
1738772417497 0.5867968797683716 62
1738772417499 0.5836328268051147 63
1738772417500 0.5937109589576721 64
1738772417501 0.5891015529632568 65
1738772417502 0.5912109613418579 66
1738772417503 0.5923047065734863 67
1738772417504 0.5840234160423279 68
1738772417506 0.5922656059265137 69
1738772417507 0.595703125 70
1738772417508 0.5958203077316284 71
1738772417509 0.5829687714576721 72
1738772417510 0.5909765362739563 73
1738772417512 0.5877344012260437 74
1738772417513 0.5920312404632568 75
1738772417514 0.5928515791893005 76
1738772417515 0.5956640839576721 77
1738772417516 0.5787500143051147 78
1738772417517 0.5864843726158142 79
1738772417519 0.5941406488418579 80
1738772417520 0.5895312428474426 81
1738772417521 0.594921886920929 82
1738772417522 0.5869140625 83
1738772417523 0.5860546827316284 84
1738772417524 0.5915234088897705 85
1738772417526 0.5921875238418579 86
1738772417527 0.5955469012260437 87
1738772417528 0.5915625095367432 88
1738772417529 0.596875011920929 89
1738772417530 0.5830078125 90
1738772417532 0.5916796922683716 91
1738772417533 0.5906640887260437 92
1738772417534 0.5908593535423279 93
1738772417535 0.5869531035423279 94
1738772417536 0.5980077981948853 95
1738772417537 0.5955859422683716 96
1738772417539 0.5913671851158142 97
1738772417540 0.5887890458106995 98
1738772417541 0.593945324420929 99
1738772417542 0.5899609327316284 100
1738772417544 0.5930859446525574 101
1738772417545 0.5901172161102295 102
1738772417546 0.587109386920929 103
1738772417547 0.5850390791893005 104
1738772417548 0.5914843678474426 105
1738772417549 0.5926172137260437 106
1738772417551 0.6007031202316284 107
1738772417552 0.5884765386581421 108
1738772417553 0.5904296636581421 109
1738772417554 0.5922656059265137 110
1738772417555 0.5902343988418579 111
1738772417556 0.5962109565734863 112
1738772417558 0.5909374952316284 113
1738772417559 0.5874609351158142 114
1738772417560 0.5927734375 115
1738772417561 0.5887109637260437 116
1738772417562 0.5926172137260437 117
1738772417564 0.5953124761581421 118
1738772417565 0.5965625047683716 119
