1738168527659 0.20808593928813934 0
1738168527660 0.28398436307907104 1
1738168527662 0.3299609422683716 2
1738168527663 0.37953126430511475 3
1738168527664 0.45347654819488525 4
1738168527666 0.5350781083106995 5
1738168527668 0.6022655963897705 6
1738168527671 0.6510937213897705 7
1738168527673 0.6852343678474426 8
1738168527675 0.7178515791893005 9
1738168527676 0.7273828387260437 10
1738168527678 0.7516796588897705 11
1738168527679 0.7561328411102295 12
1738168527680 0.7658593654632568 13
1738168527681 0.7740625143051147 14
1738168527682 0.7782031297683716 15
1738168527683 0.7864843606948853 16
1738168527684 0.7856249809265137 17
1738168527686 0.7886718511581421 18
1738168527688 0.7959374785423279 19
1738168527689 0.8018749952316284 20
1738168527691 0.7914062738418579 21
1738168527692 0.800000011920929 22
1738168527693 0.8005468845367432 23
1738168527695 0.807421863079071 24
1738168527697 0.8105859160423279 25
1738168527698 0.8109375238418579 26
1738168527699 0.8104687333106995 27
1738168527700 0.8135547041893005 28
1738168527702 0.8133984208106995 29
1738168527703 0.8138672113418579 30
1738168527705 0.8200390338897705 31
1738168527706 0.8196094036102295 32
1738168527707 0.8105078339576721 33
1738168527708 0.8221094012260437 34
1738168527710 0.8204296827316284 35
1738168527711 0.820507824420929 36
1738168527712 0.8216406106948853 37
1738168527713 0.8216797113418579 38
1738168527714 0.8253515362739563 39
1738168527716 0.8245702981948853 40
1738168527717 0.8275781273841858 41
1738168527718 0.8213672041893005 42
1738168527719 0.8281640410423279 43
1738168527720 0.8222265839576721 44
1738168527722 0.8271874785423279 45
1738168527723 0.8231640458106995 46
1738168527724 0.8302343487739563 47
1738168527725 0.8287109136581421 48
1738168527726 0.8327343463897705 49
1738168527727 0.8292187452316284 50
1738168527728 0.8278124928474426 51
1738168527730 0.8325781226158142 52
1738168527731 0.8305468559265137 53
1738168527732 0.8334375023841858 54
1738168527733 0.8330468535423279 55
1738168527734 0.8321874737739563 56
1738168527736 0.8370312452316284 57
1738168527738 0.8351953029632568 58
1738168527739 0.8326953053474426 59
1738168527740 0.8355078101158142 60
1738168527741 0.8315234184265137 61
1738168527742 0.8389453291893005 62
1738168527743 0.8344140648841858 63
1738168527744 0.8347265720367432 64
1738168527746 0.8353515863418579 65
1738168527747 0.8365234136581421 66
1738168527748 0.8334765434265137 67
