1738168527659 125.02549743652344 0
1738168527660 84.32066345214844 1
1738168527662 53.684906005859375 2
1738168527663 32.79631042480469 3
1738168527664 19.527280807495117 4
1738168527666 11.533206939697266 5
1738168527668 6.926032066345215 6
1738168527671 4.379007339477539 7
1738168527673 2.968308210372925 8
1738168527675 2.175326347351074 9
1738168527676 1.7525277137756348 10
1738168527678 1.4773902893066406 11
1738168527679 1.3506801128387451 12
1738168527680 1.231422781944275 13
1738168527681 1.161177635192871 14
1738168527682 1.117834448814392 15
1738168527683 1.0699063539505005 16
1738168527684 1.0670095682144165 17
1738168527686 1.0408506393432617 18
1738168527688 1.0167758464813232 19
1738168527689 0.9814190864562988 20
1738168527691 1.034014105796814 21
1738168527692 0.9931886792182922 22
1738168527693 0.9900833964347839 23
1738168527695 0.9581387042999268 24
1738168527697 0.9684777855873108 25
1738168527698 0.9770232439041138 26
1738168527699 0.9613317847251892 27
1738168527700 0.9610028862953186 28
1738168527702 0.9510185122489929 29
1738168527703 0.9592365026473999 30
1738168527705 0.9317406415939331 31
1738168527706 0.9320009350776672 32
1738168527707 0.9681552052497864 33
1738168527708 0.9437322020530701 34
1738168527710 0.9226760864257812 35
1738168527711 0.9197150468826294 36
1738168527712 0.9144394397735596 37
1738168527713 0.9192714095115662 38
1738168527714 0.9076071381568909 39
1738168527716 0.9109015464782715 40
1738168527717 0.9012382626533508 41
1738168527718 0.9130347371101379 42
1738168527719 0.9024474620819092 43
1738168527720 0.9201638102531433 44
1738168527722 0.9018311500549316 45
1738168527723 0.9286364912986755 46
1738168527724 0.887208104133606 47
1738168527725 0.9062803387641907 48
1738168527726 0.8768717050552368 49
1738168527727 0.879870593547821 50
1738168527728 0.8972167372703552 51
1738168527730 0.8859797120094299 52
1738168527731 0.8775299191474915 53
1738168527732 0.8681953549385071 54
1738168527733 0.8942568898200989 55
1738168527734 0.8921197652816772 56
1738168527736 0.8690134286880493 57
1738168527738 0.8612013459205627 58
1738168527739 0.8672888875007629 59
1738168527740 0.8547369241714478 60
1738168527741 0.8666965365409851 61
1738168527742 0.852079451084137 62
1738168527743 0.8654623627662659 63
1738168527744 0.8622901439666748 64
1738168527746 0.8621852397918701 65
1738168527747 0.8510963320732117 66
1738168527748 0.8692069053649902 67
