1738448116624 5.384303092956543 0
1738448116626 4.166383743286133 1
1738448116628 3.98067569732666 2
1738448116631 3.7579903602600098 3
1738448116634 3.8118600845336914 4
1738448116637 3.6698381900787354 5
1738448116639 3.5309295654296875 6
1738448116640 3.8865320682525635 7
1738448116641 3.5945398807525635 8
1738448116643 3.6950414180755615 9
1738448116644 3.776928663253784 10
1738448116646 3.6362695693969727 11
1738448116647 3.629500389099121 12
1738448116649 3.608811855316162 13
1738448116652 3.568211078643799 14
1738448116653 3.7462685108184814 15
1738448116655 3.597698926925659 16
1738448116656 3.4205257892608643 17
1738448116658 3.5910274982452393 18
1738448116659 3.6439788341522217 19
1738448116660 3.713798761367798 20
1738448116662 3.568634033203125 21
1738448116663 3.4717516899108887 22
1738448116665 3.4910972118377686 23
1738448116667 3.5339739322662354 24
1738448116669 3.6668901443481445 25
1738448116670 3.5241634845733643 26
1738448116672 3.629786968231201 27
1738448116673 3.5296664237976074 28
1738448116675 3.5874457359313965 29
1738448116676 3.601802349090576 30
1738448116677 3.6224656105041504 31
1738448116679 3.5185554027557373 32
1738448116681 3.6503942012786865 33
1738448116682 3.5861940383911133 34
1738448116683 3.5901405811309814 35
1738448116685 3.490212917327881 36
1738448116686 3.5093088150024414 37
1738448116688 3.602569580078125 38
1738448116689 3.543287754058838 39
1738448116690 3.546389102935791 40
1738448116692 3.594489336013794 41
1738448116693 3.714606285095215 42
1738448116695 3.803257465362549 43
1738448116696 3.5974724292755127 44
1738448116697 3.562929153442383 45
1738448116699 3.5571868419647217 46
1738448116700 3.8155157566070557 47
1738448116702 3.6981616020202637 48
1738448116703 3.580458402633667 49
1738448116704 3.650028705596924 50
1738448116706 3.690521478652954 51
1738448116707 3.6043813228607178 52
1738448116709 3.736908197402954 53
1738448116710 3.5432496070861816 54
1738448116711 3.454554796218872 55
1738448116713 3.6648964881896973 56
1738448116714 3.6871304512023926 57
1738448116716 3.587623357772827 58
1738448116717 3.6883115768432617 59
1738448116719 3.6304025650024414 60
1738448116720 3.613603115081787 61
1738448116721 3.5988378524780273 62
1738448116723 3.850343704223633 63
1738448116724 3.6273510456085205 64
1738448116726 3.5459554195404053 65
1738448116727 3.4671804904937744 66
1738448116728 3.636598587036133 67
1738448116730 3.7643473148345947 68
1738448116731 3.8520705699920654 69
1738448116732 3.6442711353302 70
1738448116734 3.5263161659240723 71
1738448116735 3.697896718978882 72
1738448116737 3.7135438919067383 73
1738448116738 3.6825921535491943 74
1738448116739 3.677156448364258 75
1738448116741 3.7377283573150635 76
1738448116742 3.591141939163208 77
1738448116744 3.7482528686523438 78
1738448116745 3.716984748840332 79
1738448116746 3.7533960342407227 80
1738448116748 3.73936128616333 81
1738448116749 3.6417245864868164 82
1738448116751 3.8131520748138428 83
1738448116752 3.5490658283233643 84
1738448116753 3.5732998847961426 85
1738448116755 3.516249418258667 86
1738448116756 3.7493979930877686 87
1738448116758 3.695096015930176 88
1738448116759 3.6084601879119873 89
1738448116760 3.6144297122955322 90
1738448116762 3.5828962326049805 91
1738448116763 3.8179144859313965 92
1738448116764 3.6860969066619873 93
1738448116766 3.628636360168457 94
1738448116767 3.5357909202575684 95
1738448116769 3.7597036361694336 96
1738448116770 3.661006212234497 97
1738448116772 3.6025948524475098 98
1738448116773 3.708331823348999 99
1738448116774 3.655031442642212 100
1738448116776 3.643451452255249 101
1738448116777 3.5600218772888184 102
1738448116779 3.7237448692321777 103
1738448116780 3.8124513626098633 104
1738448116781 3.6489744186401367 105
1738448116783 3.6340081691741943 106
1738448116784 3.5437004566192627 107
1738448116785 3.6950185298919678 108
1738448116787 3.5423591136932373 109
1738448116788 3.603527784347534 110
1738448116790 3.824392795562744 111
1738448116791 3.580631971359253 112
1738448116793 3.5513741970062256 113
1738448116795 3.523927927017212 114
1738448116796 3.9289121627807617 115
1738448116799 3.9875404834747314 116
1738448116800 3.4749841690063477 117
1738448116802 3.3972933292388916 118
1738448116803 3.4514987468719482 119
