1738448116624 0.1784375011920929 0
1738448116626 0.17472656071186066 1
1738448116628 0.17292968928813934 2
1738448116631 0.1713281273841858 3
1738448116634 0.17027343809604645 4
1738448116637 0.16484375298023224 5
1738448116639 0.16933593153953552 6
1738448116640 0.16722656786441803 7
1738448116641 0.1682421863079071 8
1738448116643 0.17054687440395355 9
1738448116644 0.16945312917232513 10
1738448116646 0.16355468332767487 11
1738448116647 0.1692187488079071 12
1738448116649 0.16722656786441803 13
1738448116652 0.1674218773841858 14
1738448116653 0.1676953136920929 15
1738448116655 0.16621093451976776 16
1738448116656 0.1669921875 17
1738448116658 0.16625000536441803 18
1738448116659 0.16441406309604645 19
1738448116660 0.1676953136920929 20
1738448116662 0.16843749582767487 21
1738448116663 0.16492187976837158 22
1738448116665 0.1685156226158142 23
1738448116667 0.16359375417232513 24
1738448116669 0.1671484410762787 25
1738448116670 0.16902343928813934 26
1738448116672 0.16562500596046448 27
1738448116673 0.16640624403953552 28
1738448116675 0.1706250011920929 29
1738448116676 0.1658593714237213 30
1738448116677 0.16359375417232513 31
1738448116679 0.1669921875 32
1738448116681 0.16320312023162842 33
1738448116682 0.16660156846046448 34
1738448116683 0.16796875 35
1738448116685 0.16734375059604645 36
1738448116686 0.16652344167232513 37
1738448116688 0.16593749821186066 38
1738448116689 0.1629296839237213 39
1738448116690 0.16011719405651093 40
1738448116692 0.1637890636920929 41
1738448116693 0.16718749701976776 42
1738448116695 0.1694921851158142 43
1738448116696 0.16472655534744263 44
1738448116697 0.16785156726837158 45
1738448116699 0.16609375178813934 46
1738448116700 0.16703124344348907 47
1738448116702 0.16722656786441803 48
1738448116703 0.16664062440395355 49
1738448116704 0.16609375178813934 50
1738448116706 0.16800780594348907 51
1738448116707 0.1676953136920929 52
1738448116709 0.16980469226837158 53
1738448116710 0.16761718690395355 54
1738448116711 0.16539062559604645 55
1738448116713 0.1665624976158142 56
1738448116714 0.17039062082767487 57
1738448116716 0.16832031309604645 58
1738448116717 0.16765624284744263 59
1738448116719 0.1628125011920929 60
1738448116720 0.16707031428813934 61
1738448116721 0.1611328125 62
1738448116723 0.16675780713558197 63
1738448116724 0.16785156726837158 64
1738448116726 0.1694921851158142 65
1738448116727 0.17070312798023224 66
1738448116728 0.16566406190395355 67
1738448116730 0.16929687559604645 68
1738448116731 0.16953125596046448 69
1738448116732 0.1643359363079071 70
1738448116734 0.16480468213558197 71
1738448116735 0.16757813096046448 72
1738448116737 0.16871093213558197 73
1738448116738 0.16917969286441803 74
1738448116739 0.1706250011920929 75
1738448116741 0.1678124964237213 76
1738448116742 0.16972656548023224 77
1738448116744 0.16816405951976776 78
1738448116745 0.1669921875 79
1738448116746 0.1689453125 80
1738448116748 0.1683984398841858 81
1738448116749 0.16554687917232513 82
1738448116751 0.1730078160762787 83
1738448116752 0.17058593034744263 84
1738448116753 0.16667968034744263 85
1738448116755 0.16695313155651093 86
1738448116756 0.1657421886920929 87
1738448116758 0.16300781071186066 88
1738448116759 0.16945312917232513 89
1738448116760 0.16605468094348907 90
1738448116762 0.16582031548023224 91
1738448116763 0.16550780832767487 92
1738448116764 0.16589844226837158 93
1738448116766 0.1633593738079071 94
1738448116767 0.17039062082767487 95
1738448116769 0.16832031309604645 96
1738448116770 0.16445311903953552 97
1738448116772 0.166015625 98
1738448116773 0.16679687798023224 99
1738448116774 0.16570311784744263 100
1738448116776 0.17070312798023224 101
1738448116777 0.16875000298023224 102
1738448116779 0.1676953136920929 103
1738448116780 0.169921875 104
1738448116781 0.17011718451976776 105
1738448116783 0.1725781261920929 106
1738448116784 0.16886718571186066 107
1738448116785 0.1647656261920929 108
1738448116787 0.16374999284744263 109
1738448116788 0.16777344048023224 110
1738448116790 0.1678124964237213 111
1738448116791 0.16750000417232513 112
1738448116793 0.16925781965255737 113
1738448116795 0.1669921875 114
1738448116796 0.16734375059604645 115
1738448116799 0.16355468332767487 116
1738448116800 0.16269531846046448 117
1738448116802 0.16945312917232513 118
1738448116803 0.16664062440395355 119
