1738771898336 5.015153884887695 0
1738771898337 2.4907093048095703 1
1738771898339 2.118834972381592 2
1738771898342 1.9836030006408691 3
1738771898344 1.9130873680114746 4
1738771898347 1.8447694778442383 5
1738771898348 1.7975081205368042 6
1738771898350 1.775743842124939 7
1738771898352 1.7645875215530396 8
1738771898353 1.7507126331329346 9
1738771898354 1.7491354942321777 10
1738771898356 1.7478744983673096 11
1738771898357 1.7492817640304565 12
1738771898358 1.7337979078292847 13
1738771898360 1.7322458028793335 14
1738771898361 1.7235902547836304 15
1738771898362 1.7684087753295898 16
1738771898363 1.7448227405548096 17
1738771898365 1.7418696880340576 18
1738771898367 1.735592007637024 19
1738771898368 1.729752779006958 20
1738771898369 1.7260353565216064 21
1738771898371 1.7410709857940674 22
1738771898372 1.7342290878295898 23
1738771898374 1.7289947271347046 24
1738771898375 1.7297946214675903 25
1738771898377 1.7225265502929688 26
1738771898378 1.7082736492156982 27
1738771898379 1.7134902477264404 28
1738771898380 1.7061474323272705 29
1738771898382 1.7220317125320435 30
1738771898383 1.7031992673873901 31
1738771898384 1.712252140045166 32
1738771898385 1.6993404626846313 33
1738771898387 1.706526756286621 34
1738771898388 1.7027031183242798 35
1738771898389 1.7023218870162964 36
1738771898390 1.6803115606307983 37
1738771898392 1.6999353170394897 38
1738771898393 1.6949191093444824 39
1738771898394 1.6884609460830688 40
1738771898395 1.7026686668395996 41
1738771898397 1.6899158954620361 42
1738771898398 1.6961990594863892 43
1738771898399 1.69648015499115 44
1738771898400 1.686940312385559 45
1738771898401 1.7161668539047241 46
1738771898402 1.6944628953933716 47
1738771898404 1.7055178880691528 48
1738771898405 1.6994917392730713 49
1738771898406 1.6961538791656494 50
1738771898407 1.7067041397094727 51
1738771898408 1.6960035562515259 52
1738771898409 1.719077706336975 53
1738771898411 1.6870083808898926 54
1738771898412 1.7052229642868042 55
1738771898413 1.7153133153915405 56
1738771898414 1.6966115236282349 57
1738771898415 1.6994935274124146 58
1738771898417 1.7145936489105225 59
1738771898418 1.6861270666122437 60
1738771898419 1.6895982027053833 61
1738771898420 1.6972219944000244 62
1738771898421 1.6916604042053223 63
1738771898422 1.6973321437835693 64
1738771898424 1.7053418159484863 65
1738771898425 1.688955545425415 66
1738771898426 1.7022793292999268 67
1738771898427 1.6964631080627441 68
1738771898428 1.7012172937393188 69
1738771898429 1.7021527290344238 70
1738771898431 1.7057745456695557 71
1738771898432 1.721044898033142 72
1738771898433 1.6890813112258911 73
1738771898434 1.710631251335144 74
1738771898435 1.7007161378860474 75
1738771898436 1.6772754192352295 76
1738771898438 1.7014318704605103 77
1738771898439 1.6930691003799438 78
1738771898440 1.6886184215545654 79
1738771898441 1.6796927452087402 80
1738771898442 1.6896202564239502 81
1738771898444 1.7006232738494873 82
1738771898445 1.6985582113265991 83
1738771898446 1.6964524984359741 84
1738771898447 1.704662799835205 85
1738771898448 1.6821306943893433 86
1738771898449 1.692258596420288 87
1738771898451 1.6837491989135742 88
1738771898452 1.6896039247512817 89
1738771898453 1.6994407176971436 90
1738771898454 1.7209635972976685 91
1738771898455 1.7021949291229248 92
1738771898456 1.7214947938919067 93
1738771898457 1.688294529914856 94
1738771898459 1.692518711090088 95
1738771898460 1.6768012046813965 96
1738771898461 1.6873276233673096 97
1738771898463 1.7128580808639526 98
1738771898464 1.702213168144226 99
1738771898465 1.6896047592163086 100
1738771898466 1.6953270435333252 101
1738771898467 1.7138322591781616 102
1738771898469 1.6945769786834717 103
1738771898470 1.698880672454834 104
1738771898471 1.711737871170044 105
1738771898472 1.7005430459976196 106
1738771898473 1.6948078870773315 107
1738771898474 1.6947969198226929 108
1738771898475 1.69254732131958 109
1738771898477 1.7027398347854614 110
1738771898478 1.705229640007019 111
1738771898479 1.691104769706726 112
1738771898480 1.7049250602722168 113
1738771898481 1.704709529876709 114
1738771898483 1.701523780822754 115
1738771898484 1.708652377128601 116
1738771898485 1.6950329542160034 117
1738771898486 1.6850608587265015 118
1738771898487 1.6782203912734985 119
