1738771898336 0.4115234315395355 0
1738771898337 0.45316407084465027 1
1738771898339 0.47554686665534973 2
1738771898342 0.48191407322883606 3
1738771898344 0.5016796588897705 4
1738771898347 0.4954296946525574 5
1738771898348 0.5022265911102295 6
1738771898350 0.502734363079071 7
1738771898352 0.5024999976158142 8
1738771898353 0.5080468654632568 9
1738771898354 0.5105859637260437 10
1738771898356 0.5117577910423279 11
1738771898357 0.5094140768051147 12
1738771898358 0.5060155987739563 13
1738771898360 0.513671875 14
1738771898361 0.5109765529632568 15
1738771898362 0.5019140839576721 16
1738771898363 0.5024999976158142 17
1738771898365 0.4973828196525574 18
1738771898367 0.5020703077316284 19
1738771898368 0.5078906416893005 20
1738771898369 0.5111328363418579 21
1738771898371 0.5017187595367432 22
1738771898372 0.5031640529632568 23
1738771898374 0.5072265863418579 24
1738771898375 0.5025781393051147 25
1738771898377 0.5024999976158142 26
1738771898378 0.5100781321525574 27
1738771898379 0.5137500166893005 28
1738771898380 0.5063281059265137 29
1738771898382 0.5063281059265137 30
1738771898383 0.5134375095367432 31
1738771898384 0.5121874809265137 32
1738771898385 0.5114843845367432 33
1738771898387 0.5113672018051147 34
1738771898388 0.5122265815734863 35
1738771898389 0.5139062404632568 36
1738771898390 0.5166797041893005 37
1738771898392 0.5176562666893005 38
1738771898393 0.5117968916893005 39
1738771898394 0.5092968940734863 40
1738771898395 0.5127734541893005 41
1738771898397 0.5149219036102295 42
1738771898398 0.5120312571525574 43
1738771898399 0.5160937309265137 44
1738771898400 0.5129687786102295 45
1738771898401 0.5060937404632568 46
1738771898402 0.5171093940734863 47
1738771898404 0.5108593702316284 48
1738771898405 0.5093359351158142 49
1738771898406 0.5187890529632568 50
1738771898407 0.5125390887260437 51
1738771898408 0.5094921588897705 52
1738771898409 0.5052734613418579 53
1738771898411 0.5149609446525574 54
1738771898412 0.5091406106948853 55
1738771898413 0.5026953220367432 56
1738771898414 0.5112890601158142 57
1738771898415 0.5110156536102295 58
1738771898417 0.5071094036102295 59
1738771898418 0.5124218463897705 60
1738771898419 0.5123046636581421 61
1738771898420 0.514843761920929 62
1738771898421 0.5122265815734863 63
1738771898422 0.513671875 64
1738771898424 0.5150390863418579 65
1738771898425 0.5108203291893005 66
1738771898426 0.5088672041893005 67
1738771898427 0.5141797065734863 68
1738771898428 0.5148046612739563 69
1738771898429 0.5184375047683716 70
1738771898431 0.5182421803474426 71
1738771898432 0.508007824420929 72
1738771898433 0.5205859541893005 73
1738771898434 0.515820324420929 74
1738771898435 0.517773449420929 75
1738771898436 0.5265234112739563 76
1738771898438 0.5164453387260437 77
1738771898439 0.5135546922683716 78
1738771898440 0.5181249976158142 79
1738771898441 0.5229296684265137 80
1738771898442 0.5141015648841858 81
1738771898444 0.5207421779632568 82
1738771898445 0.5147265791893005 83
1738771898446 0.5157421827316284 84
1738771898447 0.5163280963897705 85
1738771898448 0.5201953053474426 86
1738771898449 0.517773449420929 87
1738771898451 0.5198047161102295 88
1738771898452 0.5182421803474426 89
1738771898453 0.5174609422683716 90
1738771898454 0.5177343487739563 91
1738771898455 0.521289050579071 92
1738771898456 0.5140234231948853 93
1738771898457 0.5235156416893005 94
1738771898459 0.5182031393051147 95
1738771898460 0.5281640887260437 96
1738771898461 0.523632824420929 97
1738771898463 0.5155859589576721 98
1738771898464 0.5114062428474426 99
1738771898465 0.5203515887260437 100
1738771898466 0.5202343463897705 101
1738771898467 0.5184375047683716 102
1738771898469 0.5182421803474426 103
1738771898470 0.5196093916893005 104
1738771898471 0.5151171684265137 105
1738771898472 0.5215234160423279 106
1738771898473 0.5207421779632568 107
1738771898474 0.5235546827316284 108
1738771898475 0.5194922089576721 109
1738771898477 0.5162500143051147 110
1738771898478 0.5215625166893005 111
1738771898479 0.5217187404632568 112
1738771898480 0.5182031393051147 113
1738771898481 0.5150390863418579 114
1738771898483 0.5149999856948853 115
1738771898484 0.5150781273841858 116
1738771898485 0.5231249928474426 117
1738771898486 0.5269140601158142 118
1738771898487 0.5219140648841858 119
