1738369001077 0.22207030653953552 0
1738369001079 0.3143359422683716 1
1738369001080 0.3958984315395355 2
1738369001081 0.45109376311302185 3
1738369001083 0.5110546946525574 4
1738369001084 0.5541015863418579 5
1738369001086 0.5914062261581421 6
1738369001087 0.6323828101158142 7
1738369001090 0.6638281345367432 8
1738369001092 0.6912500262260437 9
1738369001095 0.7162500023841858 10
1738369001097 0.7429296970367432 11
1738369001100 0.7658593654632568 12
1738369001101 0.7782031297683716 13
1738369001102 0.7971484661102295 14
1738369001104 0.8107030987739563 15
1738369001105 0.8219531178474426 16
1738369001106 0.8271484375 17
1738369001107 0.8352734446525574 18
1738369001109 0.8450000286102295 19
1738369001111 0.8499218821525574 20
1738369001113 0.8551952838897705 21
1738369001115 0.8587109446525574 22
1738369001117 0.8616015911102295 23
1738369001118 0.8660547137260437 24
1738369001120 0.8713281154632568 25
1738369001121 0.8748828172683716 26
1738369001122 0.8766015768051147 27
1738369001124 0.8803515434265137 28
1738369001125 0.8863281011581421 29
1738369001127 0.8865625262260437 30
1738369001128 0.8902343511581421 31
1738369001129 0.8905859589576721 32
1738369001131 0.892382800579071 33
1738369001132 0.8942187428474426 34
1738369001133 0.8985937237739563 35
1738369001135 0.9026172161102295 36
1738369001136 0.9023827910423279 37
1738369001137 0.9042578339576721 38
1738369001138 0.9052734375 39
1738369001140 0.9058593511581421 40
1738369001141 0.9075781106948853 41
1738369001142 0.909375011920929 42
1738369001144 0.9101172089576721 43
1738369001145 0.9118750095367432 44
1738369001146 0.9130077958106995 45
1738369001148 0.9176172018051147 46
1738369001149 0.9173437356948853 47
1738369001150 0.9197656512260437 48
1738369001151 0.9211719036102295 49
1738369001153 0.922656238079071 50
1738369001154 0.9203125238418579 51
1738369001155 0.9248828291893005 52
1738369001156 0.9219140410423279 53
1738369001157 0.9239453077316284 54
1738369001159 0.9251171946525574 55
1738369001160 0.9255077838897705 56
1738369001161 0.9264843463897705 57
1738369001162 0.9280468821525574 58
1738369001163 0.9264062643051147 59
1738369001165 0.9269140362739563 60
1738369001166 0.9299609661102295 61
1738369001167 0.9317968487739563 62
1738369001168 0.9312890768051147 63
1738369001169 0.9298437237739563 64
1738369001171 0.9335547089576721 65
1738369001172 0.9341796636581421 66
1738369001173 0.9317968487739563 67
1738369001174 0.934374988079071 68
1738369001175 0.9366015791893005 69
