1738369001077 2.2320637702941895 0
1738369001079 1.7192195653915405 1
1738369001080 1.522130012512207 2
1738369001081 1.4078632593154907 3
1738369001083 1.271855354309082 4
1738369001084 1.1677582263946533 5
1738369001086 1.0815441608428955 6
1738369001087 0.9858531355857849 7
1738369001090 0.9228043556213379 8
1738369001092 0.8491034507751465 9
1738369001095 0.798569917678833 10
1738369001097 0.7505635023117065 11
1738369001100 0.6831592321395874 12
1738369001101 0.6578884720802307 13
1738369001102 0.6114258170127869 14
1738369001104 0.5727347731590271 15
1738369001105 0.547365128993988 16
1738369001106 0.5354516506195068 17
1738369001107 0.5148548483848572 18
1738369001109 0.4834745526313782 19
1738369001111 0.4668486714363098 20
1738369001113 0.45930999517440796 21
1738369001115 0.44929781556129456 22
1738369001117 0.4309854805469513 23
1738369001118 0.431438684463501 24
1738369001120 0.41314011812210083 25
1738369001121 0.4028736352920532 26
1738369001122 0.39663752913475037 27
1738369001124 0.3807830512523651 28
1738369001125 0.3690512180328369 29
1738369001127 0.3679112195968628 30
1738369001128 0.3593868315219879 31
1738369001129 0.34907522797584534 32
1738369001131 0.35261163115501404 33
1738369001132 0.3408218026161194 34
1738369001133 0.33363479375839233 35
1738369001135 0.3170856535434723 36
1738369001136 0.3180682063102722 37
1738369001137 0.31410282850265503 38
1738369001138 0.3057948052883148 39
1738369001140 0.30967292189598083 40
1738369001141 0.29811641573905945 41
1738369001142 0.29772502183914185 42
1738369001144 0.2915407717227936 43
1738369001145 0.2894376814365387 44
1738369001146 0.2859693765640259 45
1738369001148 0.2670460641384125 46
1738369001149 0.2694951295852661 47
1738369001150 0.26723137497901917 48
1738369001151 0.2633495032787323 49
1738369001153 0.26066288352012634 50
1738369001154 0.2606337070465088 51
1738369001155 0.24978120625019073 52
1738369001156 0.2563730478286743 53
1738369001157 0.25166624784469604 54
1738369001159 0.24822546541690826 55
1738369001160 0.247911274433136 56
1738369001161 0.23624378442764282 57
1738369001162 0.23693057894706726 58
1738369001163 0.2369060069322586 59
1738369001165 0.23771892488002777 60
1738369001166 0.2314208447933197 61
1738369001167 0.22937850654125214 62
1738369001168 0.22897140681743622 63
1738369001169 0.2331593930721283 64
1738369001171 0.22126922011375427 65
1738369001172 0.21972616016864777 66
1738369001173 0.2218845933675766 67
1738369001174 0.21965688467025757 68
1738369001175 0.21277876198291779 69
