1738447899411 2.2505321502685547 0
1738447899413 2.0170648097991943 1
1738447899414 2.0389504432678223 2
1738447899416 2.1103789806365967 3
1738447899418 1.9693795442581177 4
1738447899420 2.0071675777435303 5
1738447899422 2.1302313804626465 6
1738447899423 2.075935125350952 7
1738447899425 1.9824724197387695 8
1738447899426 2.0112247467041016 9
1738447899428 2.011523485183716 10
1738447899429 2.18135666847229 11
1738447899431 1.9992610216140747 12
1738447899432 2.063283920288086 13
1738447899434 2.1325905323028564 14
1738447899436 1.9487824440002441 15
1738447899438 1.9864267110824585 16
1738447899439 2.178602695465088 17
1738447899441 2.1955251693725586 18
1738447899442 2.0747101306915283 19
1738447899444 1.9363042116165161 20
1738447899445 1.958947777748108 21
1738447899446 2.0520126819610596 22
1738447899448 41.7299690246582 23
1738447899449 18.898094177246094 24
1738447899451 3.837174654006958 25
1738447899453 3.305208206176758 26
1738447899454 2.9878833293914795 27
1738447899456 2.75954532623291 28
1738447899457 2.627559185028076 29
1738447899459 2.549450635910034 30
1738447899460 2.4177608489990234 31
1738447899462 2.3269407749176025 32
1738447899463 2.366673469543457 33
1738447899464 2.5463428497314453 34
1738447899466 2.449305772781372 35
1738447899467 2.0719175338745117 36
1738447899469 2.048147678375244 37
1738447899470 2.0396058559417725 38
1738447899472 2.0960891246795654 39
1738447899473 2.123842716217041 40
1738447899475 2.128647565841675 41
1738447899476 1.9618550539016724 42
1738447899478 1.9277971982955933 43
1738447899479 1.9244303703308105 44
1738447899480 1.9164117574691772 45
1738447899482 1.914819359779358 46
1738447899483 1.9052962064743042 47
1738447899485 1.9077177047729492 48
1738447899486 1.9536112546920776 49
1738447899487 1.92881441116333 50
1738447899489 14.932387351989746 51
1738447899490 76.52141571044922 52
1738447899492 4.459808826446533 53
1738447899493 3.688944101333618 54
1738447899494 3.2319703102111816 55
1738447899496 2.9360218048095703 56
1738447899497 2.726132392883301 57
1738447899498 2.612806797027588 58
1738447899500 2.484919786453247 59
1738447899501 2.5736687183380127 60
1738447899503 2.577507972717285 61
1738447899504 2.4604806900024414 62
1738447899505 2.7757749557495117 63
1738447899507 2.359499454498291 64
1738447899508 2.307053565979004 65
1738447899509 2.1296534538269043 66
1738447899511 2.262770891189575 67
1738447899512 2.1649162769317627 68
1738447899514 2.2266337871551514 69
1738447899515 2.105409622192383 70
1738447899516 2.0682713985443115 71
1738447899518 2.0824949741363525 72
1738447899519 2.0191335678100586 73
1738447899520 2.0819692611694336 74
1738447899522 2.867633581161499 75
1738447899523 1.980568289756775 76
1738447899525 1.9480589628219604 77
1738447899526 1.9296538829803467 78
1738447899527 1.9351671934127808 79
1738447899529 1.9207512140274048 80
1738447899530 1.9211103916168213 81
1738447899532 1.920021414756775 82
1738447899533 1.9099780321121216 83
1738447899534 1.9087345600128174 84
1738447899536 1.9217474460601807 85
1738447899537 41.853511810302734 86
1738447899539 39.412052154541016 87
1738447899540 3.8164548873901367 88
1738447899541 3.26674747467041 89
1738447899543 2.9399192333221436 90
1738447899544 2.7258460521698 91
1738447899546 2.5784387588500977 92
1738447899547 2.5341739654541016 93
1738447899549 2.4847800731658936 94
1738447899550 2.717179536819458 95
1738447899551 2.679917573928833 96
1738447899553 2.770219326019287 97
1738447899554 2.2258548736572266 98
1738447899556 2.1790683269500732 99
1738447899557 2.3056561946868896 100
1738447899558 2.3625099658966064 101
1738447899560 2.1361875534057617 102
1738447899561 2.2119107246398926 103
1738447899562 2.2445366382598877 104
1738447899564 2.1174089908599854 105
1738447899565 2.01373553276062 106
1738447899567 1.9794096946716309 107
1738447899568 2.022873640060425 108
1738447899570 1.969182014465332 109
1738447899571 1.9317339658737183 110
1738447899572 1.9575001001358032 111
1738447899574 1.9560459852218628 112
1738447899575 1.9934639930725098 113
1738447899577 1.9098825454711914 114
1738447899578 1.9107452630996704 115
1738447899579 1.9068812131881714 116
1738447899581 1.9101284742355347 117
1738447899582 2.2438902854919434 118
1738447899584 2.0096237659454346 119
