1738447899411 0.20699219405651093 0
1738447899413 0.21980468928813934 1
1738447899414 0.21648436784744263 2
1738447899416 0.20359374582767487 3
1738447899418 0.22667968273162842 4
1738447899420 0.22199219465255737 5
1738447899422 0.20421874523162842 6
1738447899423 0.2127343714237213 7
1738447899425 0.22296875715255737 8
1738447899426 0.21644531190395355 9
1738447899428 0.2183203101158142 10
1738447899429 0.20972655713558197 11
1738447899431 0.21460936963558197 12
1738447899432 0.21632812917232513 13
1738447899434 0.20601563155651093 14
1738447899436 0.2280859351158142 15
1738447899438 0.22839844226837158 16
1738447899439 0.20933593809604645 17
1738447899441 0.21144531667232513 18
1738447899442 0.2189062535762787 19
1738447899444 0.23929686844348907 20
1738447899445 0.23570312559604645 21
1738447899446 0.22191406786441803 22
1738447899448 0.19164063036441803 23
1738447899449 0.17140625417232513 24
1738447899451 0.17542968690395355 25
1738447899453 0.17542968690395355 26
1738447899454 0.1696484386920929 27
1738447899456 0.1769140660762787 28
1738447899457 0.1728515625 29
1738447899459 0.18175780773162842 30
1738447899460 0.17847655713558197 31
1738447899462 0.17531250417232513 32
1738447899463 0.17222656309604645 33
1738447899464 0.17492187023162842 34
1738447899466 0.1780078113079071 35
1738447899467 0.17781250178813934 36
1738447899469 0.17863281071186066 37
1738447899470 0.17644530534744263 38
1738447899472 0.17636719346046448 39
1738447899473 0.17519530653953552 40
1738447899475 0.177734375 41
1738447899476 0.18101562559604645 42
1738447899478 0.18078124523162842 43
1738447899479 0.1752343773841858 44
1738447899480 0.17859375476837158 45
1738447899482 0.17906250059604645 46
1738447899483 0.18222656846046448 47
1738447899485 0.1819140613079071 48
1738447899486 0.17902344465255737 49
1738447899487 0.1819140613079071 50
1738447899489 0.17710937559604645 51
1738447899490 0.18105468153953552 52
1738447899492 0.1810937523841858 53
1738447899493 0.1773046851158142 54
1738447899494 0.18425780534744263 55
1738447899496 0.18199218809604645 56
1738447899497 0.1844140589237213 57
1738447899498 0.18078124523162842 58
1738447899500 0.18292969465255737 59
1738447899501 0.18160156905651093 60
1738447899503 0.17664062976837158 61
1738447899504 0.17945311963558197 62
1738447899505 0.17335937917232513 63
1738447899507 0.1760546863079071 64
1738447899508 0.17792968451976776 65
1738447899509 0.18070311844348907 66
1738447899511 0.17726562917232513 67
1738447899512 0.1770312488079071 68
1738447899514 0.17738281190395355 69
1738447899515 0.18000000715255737 70
1738447899516 0.17792968451976776 71
1738447899518 0.18070311844348907 72
1738447899519 0.18156249821186066 73
1738447899520 0.18355469405651093 74
1738447899522 0.18042968213558197 75
1738447899523 0.18445312976837158 76
1738447899525 0.18226562440395355 77
1738447899526 0.1819140613079071 78
1738447899527 0.1798437535762787 79
1738447899529 0.18031249940395355 80
1738447899530 0.19140625 81
1738447899532 0.1882031261920929 82
1738447899533 0.19875000417232513 83
1738447899534 0.19218750298023224 84
1738447899536 0.2073046863079071 85
1738447899537 0.1775781214237213 86
1738447899539 0.17714843153953552 87
1738447899540 0.1788671910762787 88
1738447899541 0.18644531071186066 89
1738447899543 0.17921875417232513 90
1738447899544 0.17554686963558197 91
1738447899546 0.17714843153953552 92
1738447899547 0.17878906428813934 93
1738447899549 0.17488281428813934 94
1738447899550 0.17445312440395355 95
1738447899551 0.17578125 96
1738447899553 0.1721484363079071 97
1738447899554 0.17839843034744263 98
1738447899556 0.18000000715255737 99
1738447899557 0.17175781726837158 100
1738447899558 0.17394530773162842 101
1738447899560 0.18171875178813934 102
1738447899561 0.17761719226837158 103
1738447899562 0.1726953089237213 104
1738447899564 0.17566406726837158 105
1738447899565 0.18199218809604645 106
1738447899567 0.18433593213558197 107
1738447899568 0.1773046851158142 108
1738447899570 0.1819140613079071 109
1738447899571 0.18324218690395355 110
1738447899572 0.17945311963558197 111
1738447899574 0.1865234375 112
1738447899575 0.18054687976837158 113
1738447899577 0.18144531548023224 114
1738447899578 0.18203124403953552 115
1738447899579 0.18914061784744263 116
1738447899581 0.18738281726837158 117
1738447899582 0.1801171898841858 118
1738447899584 0.18417969346046448 119
