1738705957628 1.4329955577850342 0
1738705957629 1.0033870935440063 1
1738705957630 0.7767883539199829 2
1738705957632 0.6164288520812988 3
1738705957634 0.4979632496833801 4
1738705957637 0.409952849149704 5
1738705957639 0.3634490668773651 6
1738705957640 0.3276118040084839 7
1738705957642 0.30873510241508484 8
1738705957643 0.26883068680763245 9
1738705957644 0.2665627598762512 10
1738705957646 0.2405717670917511 11
1738705957647 0.2256704717874527 12
1738705957648 0.21933850646018982 13
1738705957649 0.20858962833881378 14
1738705957652 0.2012849748134613 15
1738705957654 0.18713438510894775 16
1738705957656 0.18300089240074158 17
1738705957657 0.17247791588306427 18
1738705957660 0.18096429109573364 19
1738705957661 0.17371824383735657 20
1738705957662 0.17297519743442535 21
1738705957664 0.1588466465473175 22
1738705957665 0.16028574109077454 23
1738705957667 0.15125764906406403 24
1738705957670 0.1583923101425171 25
1738705957672 0.14578093588352203 26
1738705957673 0.1596362143754959 27
1738705957675 0.13421417772769928 28
1738705957676 0.1390378624200821 29
1738705957678 0.1420862227678299 30
1738705957679 0.12806661427021027 31
1738705957680 0.12793657183647156 32
1738705957681 0.1324593722820282 33
1738705957683 0.1324371099472046 34
1738705957685 0.1215885728597641 35
1738705957687 0.1227603331208229 36
1738705957688 0.12818467617034912 37
1738705957689 0.11865738034248352 38
1738705957691 0.11200818419456482 39
1738705957692 0.11986790597438812 40
1738705957694 0.11468669027090073 41
1738705957695 0.11114232242107391 42
1738705957697 0.113094262778759 43
1738705957698 0.10905299335718155 44
1738705957699 0.09813018888235092 45
1738705957701 0.11653000861406326 46
1738705957703 0.11523305624723434 47
1738705957705 0.101427361369133 48
1738705957707 0.08910267800092697 49
1738705957708 0.08997263014316559 50
1738705957710 0.08941149711608887 51
1738705957711 0.09741488099098206 52
1738705957712 0.08857004344463348 53
1738705957713 0.09941292554140091 54
1738705957715 0.1024998351931572 55
1738705957716 0.09872011840343475 56
1738705957718 0.09488882124423981 57
1738705957720 0.09466129541397095 58
1738705957723 0.08429744839668274 59
1738705957724 0.08774208277463913 60
1738705957726 0.0819193571805954 61
1738705957727 0.08992289751768112 62
1738705957728 0.0869290828704834 63
1738705957731 0.07688724249601364 64
1738705957732 0.07750942558050156 65
1738705957735 0.0899362862110138 66
1738705957737 0.08953431248664856 67
