1738705957628 0.4471093714237213 0
1738705957629 0.6150000095367432 1
1738705957630 0.7185937762260437 2
1738705957632 0.7932031154632568 3
1738705957634 0.8376171588897705 4
1738705957637 0.8695703148841858 5
1738705957639 0.8857031464576721 6
1738705957640 0.8977734446525574 7
1738705957642 0.9049218893051147 8
1738705957643 0.9173046946525574 9
1738705957644 0.9181249737739563 10
1738705957646 0.9255077838897705 11
1738705957647 0.9305468797683716 12
1738705957648 0.9333202838897705 13
1738705957649 0.9360547065734863 14
1738705957652 0.9394140839576721 15
1738705957654 0.9440624713897705 16
1738705957656 0.9458984136581421 17
1738705957657 0.9494922161102295 18
1738705957660 0.9457812309265137 19
1738705957661 0.9475390911102295 20
1738705957662 0.9481250047683716 21
1738705957664 0.9530859589576721 22
1738705957665 0.9512500166893005 23
1738705957667 0.9564062356948853 24
1738705957670 0.9530078172683716 25
1738705957672 0.9556640386581421 26
1738705957673 0.952343761920929 27
1738705957675 0.9588281512260437 28
1738705957676 0.9584765434265137 29
1738705957678 0.9583593606948853 30
1738705957679 0.9621484279632568 31
1738705957680 0.961132824420929 32
1738705957681 0.9605078101158142 33
1738705957683 0.9625781178474426 34
1738705957685 0.9641796946525574 35
1738705957687 0.9637109637260437 36
1738705957688 0.9629296660423279 37
1738705957689 0.9657812714576721 38
1738705957691 0.9666406512260437 39
1738705957692 0.9641015529632568 40
1738705957694 0.9676172137260437 41
1738705957695 0.9675390720367432 42
1738705957697 0.9675390720367432 43
1738705957698 0.9686328172683716 44
1738705957699 0.9705859422683716 45
1738705957701 0.9662109613418579 46
1738705957703 0.9669530987739563 47
1738705957705 0.9705469012260437 48
1738705957707 0.9743359088897705 49
1738705957708 0.9736718535423279 50
1738705957710 0.9737109541893005 51
1738705957711 0.971484363079071 52
1738705957712 0.9739843606948853 53
1738705957713 0.9717187285423279 54
1738705957715 0.9716015458106995 55
1738705957716 0.9718359112739563 56
1738705957718 0.9723047018051147 57
1738705957720 0.9731249809265137 58
1738705957723 0.9759765863418579 59
1738705957724 0.9760156273841858 60
1738705957726 0.975390613079071 61
1738705957727 0.974609375 62
1738705957728 0.9753515720367432 63
1738705957731 0.9772265553474426 64
1738705957732 0.9771484136581421 65
1738705957735 0.9739062786102295 66
1738705957737 0.9747655987739563 67
