1738447356786 1.7349590063095093 0
1738447356788 1.5081745386123657 1
1738447356789 1.4424705505371094 2
1738447356791 1.4027999639511108 3
1738447356793 1.3711494207382202 4
1738447356794 1.345475673675537 5
1738447356796 1.327354907989502 6
1738447356798 1.3170512914657593 7
1738447356800 1.3086082935333252 8
1738447356801 1.2939491271972656 9
1738447356802 1.2936444282531738 10
1738447356804 1.2848604917526245 11
1738447356805 1.2802743911743164 12
1738447356807 1.2832441329956055 13
1738447356809 1.2651344537734985 14
1738447356811 1.2655951976776123 15
1738447356813 1.2583279609680176 16
1738447356814 1.2511836290359497 17
1738447356816 1.2553666830062866 18
1738447356817 1.2429255247116089 19
1738447356819 1.2429134845733643 20
1738447356820 1.2403719425201416 21
1738447356821 1.2380927801132202 22
1738447356823 1.2313663959503174 23
1738447356825 1.2266640663146973 24
1738447356826 1.217483401298523 25
1738447356828 1.2303980588912964 26
1738447356830 1.2244501113891602 27
1738447356831 1.224430799484253 28
1738447356833 1.2151210308074951 29
1738447356834 1.224360704421997 30
1738447356836 1.2212401628494263 31
1738447356837 1.2059643268585205 32
1738447356838 1.2184680700302124 33
1738447356840 1.219555139541626 34
1738447356841 1.2044413089752197 35
1738447356843 1.1981534957885742 36
1738447356844 1.2132072448730469 37
1738447356846 1.2092082500457764 38
1738447356847 1.2059566974639893 39
1738447356848 1.2037570476531982 40
1738447356850 1.1986464262008667 41
1738447356851 1.2047481536865234 42
1738447356853 1.1946721076965332 43
1738447356854 1.2131052017211914 44
1738447356855 1.1883299350738525 45
1738447356857 1.1998881101608276 46
1738447356858 1.1968703269958496 47
1738447356860 1.190775752067566 48
1738447356861 1.2004945278167725 49
1738447356862 1.1972483396530151 50
1738447356864 1.1782020330429077 51
1738447356865 1.181888222694397 52
1738447356867 1.1968152523040771 53
1738447356868 1.1839935779571533 54
1738447356869 1.1799026727676392 55
1738447356871 1.1664438247680664 56
1738447356872 1.19105064868927 57
1738447356874 1.173370361328125 58
1738447356875 1.181655764579773 59
1738447356876 1.1841483116149902 60
1738447356878 1.184983253479004 61
1738447356879 1.1742147207260132 62
1738447356881 1.1758451461791992 63
1738447356882 1.18049955368042 64
1738447356883 1.1767020225524902 65
1738447356885 1.1787681579589844 66
1738447356887 1.1812076568603516 67
1738447356888 1.1690235137939453 68
1738447356890 1.1735423803329468 69
1738447356891 1.1771159172058105 70
1738447356892 1.1739319562911987 71
1738447356894 1.1619032621383667 72
1738447356895 1.1680415868759155 73
1738447356897 1.1639115810394287 74
1738447356898 1.1654146909713745 75
1738447356899 1.1595062017440796 76
1738447356901 1.1600658893585205 77
1738447356902 1.1572555303573608 78
1738447356904 1.162401556968689 79
1738447356905 1.1542004346847534 80
1738447356906 1.1698909997940063 81
1738447356908 1.1518198251724243 82
1738447356909 1.165317416191101 83
1738447356911 1.1589919328689575 84
1738447356913 1.1616110801696777 85
1738447356914 1.1595901250839233 86
1738447356915 1.1631975173950195 87
1738447356917 1.1549535989761353 88
1738447356918 1.1600360870361328 89
1738447356920 1.1541272401809692 90
1738447356921 1.1535545587539673 91
1738447356923 1.1497597694396973 92
1738447356924 1.1566739082336426 93
1738447356926 1.1628451347351074 94
1738447356927 1.1499836444854736 95
1738447356929 1.152122974395752 96
1738447356930 1.1647566556930542 97
1738447356931 1.1481077671051025 98
1738447356933 1.1553008556365967 99
1738447356935 1.1571526527404785 100
1738447356936 1.1610182523727417 101
1738447356937 1.1480015516281128 102
1738447356939 1.1578949689865112 103
1738447356940 1.1403346061706543 104
1738447356942 1.1510813236236572 105
1738447356943 1.1487326622009277 106
1738447356945 1.1533355712890625 107
1738447356946 1.1533699035644531 108
1738447356948 1.1565728187561035 109
1738447356949 1.1380791664123535 110
1738447356951 1.1488081216812134 111
1738447356952 1.1498875617980957 112
1738447356953 1.146101474761963 113
1738447356955 1.1519968509674072 114
1738447356956 1.1408790349960327 115
1738447356958 1.14995539188385 116
1738447356959 1.1472548246383667 117
1738447356961 1.1436131000518799 118
1738447356962 1.1427513360977173 119
