1738447356786 0.28605470061302185 0
1738447356788 0.3937109410762787 1
1738447356789 0.43171873688697815 2
1738447356791 0.45582032203674316 3
1738447356793 0.47398436069488525 4
1738447356794 0.48582032322883606 5
1738447356796 0.4893749952316284 6
1738447356798 0.4977343678474426 7
1738447356800 0.5036327838897705 8
1738447356801 0.5074609518051147 9
1738447356802 0.5042187571525574 10
1738447356804 0.5113672018051147 11
1738447356805 0.5160546898841858 12
1738447356807 0.5198437571525574 13
1738447356809 0.5223047137260437 14
1738447356811 0.5189843773841858 15
1738447356813 0.5267187356948853 16
1738447356814 0.5284765362739563 17
1738447356816 0.5241015553474426 18
1738447356817 0.5283203125 19
1738447356819 0.52734375 20
1738447356820 0.5262500047683716 21
1738447356821 0.5321093797683716 22
1738447356823 0.5329687595367432 23
1738447356825 0.5367968678474426 24
1738447356826 0.5399218797683716 25
1738447356828 0.5296875238418579 26
1738447356830 0.5355859398841858 27
1738447356831 0.5327343940734863 28
1738447356833 0.5357421636581421 29
1738447356834 0.5363671779632568 30
1738447356836 0.5357421636581421 31
1738447356837 0.5397655963897705 32
1738447356838 0.533203125 33
1738447356840 0.5373437404632568 34
1738447356841 0.543749988079071 35
1738447356843 0.5408984422683716 36
1738447356844 0.5377343893051147 37
1738447356846 0.5389843583106995 38
1738447356847 0.5394531488418579 39
1738447356848 0.5413281321525574 40
1738447356850 0.5407421588897705 41
1738447356851 0.538867175579071 42
1738447356853 0.5458593964576721 43
1738447356854 0.5405468940734863 44
1738447356855 0.5480859279632568 45
1738447356857 0.5447656512260437 46
1738447356858 0.5463281273841858 47
1738447356860 0.5516796708106995 48
1738447356861 0.5465624928474426 49
1738447356862 0.5508202910423279 50
1738447356864 0.5472656488418579 51
1738447356865 0.5551562309265137 52
1738447356867 0.5454297065734863 53
1738447356868 0.5512890815734863 54
1738447356869 0.5540624856948853 55
1738447356871 0.5577343702316284 56
1738447356872 0.5454297065734863 57
1738447356874 0.5557422041893005 58
1738447356875 0.5523828268051147 59
1738447356876 0.5461328029632568 60
1738447356878 0.5513671636581421 61
1738447356879 0.5542968511581421 62
1738447356881 0.5526953339576721 63
1738447356882 0.5533202886581421 64
1738447356883 0.5492578148841858 65
1738447356885 0.5532422065734863 66
1738447356887 0.548632800579071 67
1738447356888 0.555468738079071 68
1738447356890 0.5564844012260437 69
1738447356891 0.5542968511581421 70
1738447356892 0.5576562285423279 71
1738447356894 0.5603125095367432 72
1738447356895 0.5604687333106995 73
1738447356897 0.5562890768051147 74
1738447356898 0.5579687356948853 75
1738447356899 0.562695324420929 76
1738447356901 0.5632030963897705 77
1738447356902 0.5619921684265137 78
1738447356904 0.5596093535423279 79
1738447356905 0.5600781440734863 80
1738447356906 0.5583202838897705 81
1738447356908 0.5633984208106995 82
1738447356909 0.5637109279632568 83
1738447356911 0.5647265911102295 84
1738447356913 0.557812511920929 85
1738447356914 0.5589062571525574 86
1738447356915 0.5620312690734863 87
1738447356917 0.5644921660423279 88
1738447356918 0.559765636920929 89
1738447356920 0.5606640577316284 90
1738447356921 0.5638281106948853 91
1738447356923 0.5654296875 92
1738447356924 0.5578515529632568 93
1738447356926 0.561718761920929 94
1738447356927 0.5685937404632568 95
1738447356929 0.5621484518051147 96
1738447356930 0.5643359422683716 97
1738447356931 0.5644140839576721 98
1738447356933 0.5649609565734863 99
1738447356935 0.5601562261581421 100
1738447356936 0.5602343678474426 101
1738447356937 0.5604687333106995 102
1738447356939 0.5598828196525574 103
1738447356940 0.5723828077316284 104
1738447356942 0.5676171779632568 105
1738447356943 0.5611327886581421 106
1738447356945 0.561718761920929 107
1738447356946 0.5625390410423279 108
1738447356948 0.5596093535423279 109
1738447356949 0.5628906488418579 110
1738447356951 0.5665624737739563 111
1738447356952 0.5644921660423279 112
1738447356953 0.5658203363418579 113
1738447356955 0.562695324420929 114
1738447356956 0.565625011920929 115
1738447356958 0.5662890672683716 116
1738447356959 0.5646093487739563 117
1738447356961 0.5648828148841858 118
1738447356962 0.5674218535423279 119
