1738446808560 0.525390625 0
1738446808563 0.6399219036102295 1
1738446808567 0.6917968988418579 2
1738446808571 0.7180859446525574 3
1738446808577 0.7405859231948853 4
1738446808581 0.7520703077316284 5
1738446808585 0.764843761920929 6
1738446808588 0.7665625214576721 7
1738446808592 0.7750781178474426 8
1738446808595 0.7865234613418579 9
1738446808597 0.7924218773841858 10
1738446808598 0.7986719012260437 11
1738446808600 0.8025781512260437 12
1738446808601 0.8044140338897705 13
1738446808603 0.8041796684265137 14
1738446808605 0.8121484518051147 15
1738446808607 0.8177734613418579 16
1738446808609 0.810351550579071 17
1738446808612 0.8158984184265137 18
1738446808615 0.8219531178474426 19
1738446808618 0.8219140768051147 20
1738446808621 0.8272656202316284 21
1738446808623 0.8231250047683716 22
1738446808625 0.827929675579071 23
1738446808626 0.8284375071525574 24
1738446808628 0.8281640410423279 25
1738446808629 0.8297265768051147 26
1738446808632 0.830273449420929 27
1738446808634 0.829882800579071 28
1738446808635 0.8355078101158142 29
1738446808637 0.8370702862739563 30
1738446808639 0.832812488079071 31
1738446808640 0.8353515863418579 32
1738446808641 0.840039074420929 33
1738446808643 0.8416406512260437 34
1738446808644 0.8397656083106995 35
1738446808646 0.8369922041893005 36
1738446808648 0.8403515815734863 37
1738446808650 0.8402343988418579 38
1738446808652 0.8370702862739563 39
1738446808654 0.8446484208106995 40
1738446808656 0.8454687595367432 41
1738446808657 0.8429296612739563 42
1738446808659 0.8427734375 43
1738446808660 0.8467968702316284 44
1738446808662 0.8470703363418579 45
1738446808663 0.8481640815734863 46
1738446808666 0.8492578268051147 47
1738446808668 0.8471875190734863 48
1738446808670 0.8482812643051147 49
1738446808672 0.8470312356948853 50
1738446808673 0.8474218845367432 51
1738446808675 0.8502343893051147 52
1738446808676 0.849414050579071 53
1738446808678 0.8521875143051147 54
1738446808679 0.8507421612739563 55
1738446808681 0.8542578220367432 56
1738446808683 0.849609375 57
1738446808684 0.8493750095367432 58
1738446808685 0.853515625 59
1738446808687 0.8533984422683716 60
1738446808688 0.8547265529632568 61
1738446808690 0.8583202958106995 62
1738446808691 0.8554297089576721 63
1738446808693 0.8592968583106995 64
1738446808694 0.8575000166893005 65
1738446808695 0.8581249713897705 66
1738446808697 0.8578515648841858 67
1738446808699 0.8531640768051147 68
1738446808701 0.8553515672683716 69
1738446808702 0.8591015338897705 70
1738446808704 0.8536718487739563 71
1738446808705 0.855273425579071 72
1738446808707 0.8565624952316284 73
1738446808708 0.855664074420929 74
1738446808709 0.8593359589576721 75
1738446808711 0.861132800579071 76
1738446808712 0.8628125190734863 77
1738446808714 0.8571093678474426 78
1738446808716 0.8618749976158142 79
1738446808718 0.8587109446525574 80
1738446808720 0.8603125214576721 81
1738446808721 0.8623437285423279 82
1738446808723 0.8594140410423279 83
1738446808724 0.8635937571525574 84
1738446808726 0.8613671660423279 85
1738446808727 0.8628125190734863 86
1738446808729 0.8633593916893005 87
1738446808730 0.8582422137260437 88
1738446808733 0.8638671636581421 89
1738446808736 0.8604687452316284 90
1738446808739 0.8663671612739563 91
1738446808740 0.8662890791893005 92
1738446808742 0.8623828291893005 93
1738446808743 0.8665624856948853 94
1738446808745 0.8668749928474426 95
1738446808747 0.8642578125 96
1738446808748 0.867382824420929 97
1738446808750 0.8634374737739563 98
1738446808752 0.8660937547683716 99
1738446808753 0.8666406273841858 100
1738446808755 0.8655078411102295 101
1738446808756 0.8662499785423279 102
1738446808757 0.8659374713897705 103
1738446808759 0.8658202886581421 104
1738446808760 0.8637499809265137 105
1738446808762 0.868359386920929 106
1738446808764 0.8660937547683716 107
1738446808768 0.8709375262260437 108
1738446808771 0.8660937547683716 109
1738446808773 0.8684375286102295 110
1738446808776 0.8696874976158142 111
1738446808778 0.865234375 112
1738446808782 0.8651171922683716 113
1738446808784 0.8667968511581421 114
1738446808787 0.8671484589576721 115
1738446808790 0.8682422041893005 116
1738446808792 0.8666796684265137 117
1738446808794 0.8652734160423279 118
1738446808797 0.8691796660423279 119
