1738446808560 1.2277264595031738 0
1738446808563 0.9677686095237732 1
1738446808567 0.8533570170402527 2
1738446808571 0.7964437007904053 3
1738446808577 0.7444477677345276 4
1738446808581 0.7124394774436951 5
1738446808585 0.6744462847709656 6
1738446808588 0.6686882972717285 7
1738446808592 0.6426180005073547 8
1738446808595 0.6186007857322693 9
1738446808597 0.6096083521842957 10
1738446808598 0.5905612707138062 11
1738446808600 0.580268919467926 12
1738446808601 0.5716819763183594 13
1738446808603 0.571677565574646 14
1738446808605 0.5467700362205505 15
1738446808607 0.5344738960266113 16
1738446808609 0.552092969417572 17
1738446808612 0.5389430522918701 18
1738446808615 0.5256394743919373 19
1738446808618 0.5202160477638245 20
1738446808621 0.5065452456474304 21
1738446808623 0.5167933106422424 22
1738446808625 0.5109703540802002 23
1738446808626 0.5072614550590515 24
1738446808628 0.5031763315200806 25
1738446808629 0.5002937912940979 26
1738446808632 0.4986177682876587 27
1738446808634 0.4960949420928955 28
1738446808635 0.4856054186820984 29
1738446808637 0.4921535849571228 30
1738446808639 0.48533543944358826 31
1738446808640 0.4790397882461548 32
1738446808641 0.4711152911186218 33
1738446808643 0.4691667854785919 34
1738446808644 0.4706448018550873 35
1738446808646 0.4706460237503052 36
1738446808648 0.4719594717025757 37
1738446808650 0.4696989059448242 38
1738446808652 0.482158362865448 39
1738446808654 0.4625638723373413 40
1738446808656 0.4590289294719696 41
1738446808657 0.4588550329208374 42
1738446808659 0.463958203792572 43
1738446808660 0.45575791597366333 44
1738446808662 0.45245006680488586 45
1738446808663 0.4585888981819153 46
1738446808666 0.4455644488334656 47
1738446808668 0.45241549611091614 48
1738446808670 0.44807854294776917 49
1738446808672 0.45019254088401794 50
1738446808673 0.4495077133178711 51
1738446808675 0.44734764099121094 52
1738446808676 0.43845582008361816 53
1738446808678 0.4453287124633789 54
1738446808679 0.4450543522834778 55
1738446808681 0.4375099241733551 56
1738446808683 0.450244665145874 57
1738446808684 0.44665947556495667 58
1738446808685 0.4377104938030243 59
1738446808687 0.43647730350494385 60
1738446808688 0.4321057200431824 61
1738446808690 0.42221859097480774 62
1738446808691 0.4292013943195343 63
1738446808693 0.4185931086540222 64
1738446808694 0.4227634370326996 65
1738446808695 0.4283274710178375 66
1738446808697 0.4250168204307556 67
1738446808699 0.4327327013015747 68
1738446808701 0.43097853660583496 69
1738446808702 0.41672927141189575 70
1738446808704 0.4323013722896576 71
1738446808705 0.43181341886520386 72
1738446808707 0.4289473295211792 73
1738446808708 0.4258328676223755 74
1738446808709 0.4208444356918335 75
1738446808711 0.4162297546863556 76
1738446808712 0.4132290780544281 77
1738446808714 0.42415398359298706 78
1738446808716 0.4149110019207001 79
1738446808718 0.42324769496917725 80
1738446808720 0.41850563883781433 81
1738446808721 0.41259869933128357 82
1738446808723 0.41761791706085205 83
1738446808724 0.41391581296920776 84
1738446808726 0.4093859791755676 85
1738446808727 0.4134921133518219 86
1738446808729 0.41270238161087036 87
1738446808730 0.4183303117752075 88
1738446808733 0.40771499276161194 89
1738446808736 0.417226642370224 90
1738446808739 0.401393860578537 91
1738446808740 0.400290846824646 92
1738446808742 0.41087809205055237 93
1738446808743 0.40362808108329773 94
1738446808745 0.4065796136856079 95
1738446808747 0.40405112504959106 96
1738446808748 0.40147674083709717 97
1738446808750 0.407230019569397 98
1738446808752 0.40596121549606323 99
1738446808753 0.39875343441963196 100
1738446808755 0.40312376618385315 101
1738446808756 0.39811116456985474 102
1738446808757 0.40412822365760803 103
1738446808759 0.40443164110183716 104
1738446808760 0.41122734546661377 105
1738446808762 0.39702075719833374 106
1738446808764 0.4031721353530884 107
1738446808768 0.39017292857170105 108
1738446808771 0.39992308616638184 109
1738446808773 0.4047654867172241 110
1738446808776 0.395104318857193 111
1738446808778 0.4006909430027008 112
1738446808782 0.40101873874664307 113
1738446808784 0.39374038577079773 114
1738446808787 0.39249613881111145 115
1738446808790 0.3992000222206116 116
1738446808792 0.40386509895324707 117
1738446808794 0.40346673130989075 118
1738446808797 0.3963107764720917 119
