1738423368697 2.1453278064727783 0
1738423368699 1.6255842447280884 1
1738423368700 1.412104845046997 2
1738423368701 1.3292741775512695 3
1738423368703 1.3218986988067627 4
1738423368704 1.2962726354599 5
1738423368706 1.3067816495895386 6
1738423368707 1.3289690017700195 7
1738423368709 1.3674893379211426 8
1738423368710 1.3606876134872437 9
1738423368712 1.395211935043335 10
1738423368713 1.4403880834579468 11
1738423368714 1.417116641998291 12
1738423368715 1.3976002931594849 13
1738423368716 1.446496605873108 14
