1738423368697 0.3655468821525574 0
1738423368699 0.5439062714576721 1
1738423368700 0.6303906440734863 2
1738423368701 0.6892969012260437 3
1738423368703 0.715039074420929 4
1738423368704 0.7479296922683716 5
1738423368706 0.7582421898841858 6
1738423368707 0.7687890529632568 7
1738423368709 0.7617577910423279 8
1738423368710 0.7748437523841858 9
1738423368712 0.7743750214576721 10
1738423368713 0.7721874713897705 11
1738423368714 0.7782812714576721 12
1738423368715 0.7841406464576721 13
1738423368716 0.7807031273841858 14
