1738772176430 1.316461443901062 0
1738772176432 1.0575404167175293 1
1738772176433 0.9812980890274048 2
1738772176434 0.9221869707107544 3
1738772176436 0.8863701820373535 4
1738772176437 0.857342541217804 5
1738772176439 0.8413096070289612 6
1738772176441 0.8110778331756592 7
1738772176442 0.8261075615882874 8
1738772176444 0.8021354079246521 9
1738772176445 0.7814134955406189 10
1738772176447 0.774895429611206 11
1738772176449 0.768738329410553 12
1738772176451 0.7675206065177917 13
1738772176452 0.7545382976531982 14
1738772176453 0.7521571516990662 15
1738772176454 0.743618369102478 16
1738772176456 0.7495972514152527 17
1738772176457 0.729622483253479 18
1738772176458 0.7440022230148315 19
1738772176459 0.7360158562660217 20
1738772176461 0.7207324504852295 21
1738772176463 0.7306100726127625 22
1738772176464 0.7280654311180115 23
1738772176466 0.7201502323150635 24
1738772176467 0.7277579307556152 25
1738772176469 0.7272151708602905 26
1738772176470 0.705242931842804 27
1738772176471 0.7068399786949158 28
1738772176472 0.721803605556488 29
1738772176473 0.7216190099716187 30
1738772176475 0.7123339772224426 31
1738772176476 0.6959342360496521 32
1738772176477 0.7011171579360962 33
1738772176478 0.6932658553123474 34
1738772176480 0.6951563358306885 35
1738772176481 0.7137590646743774 36
1738772176482 0.6914579272270203 37
1738772176483 0.6966778039932251 38
1738772176485 0.691703736782074 39
1738772176486 0.7130523920059204 40
1738772176487 0.6977745294570923 41
1738772176488 0.7032356262207031 42
1738772176489 0.6845458745956421 43
1738772176491 0.7033756375312805 44
1738772176492 0.6982041001319885 45
1738772176493 0.6882761120796204 46
1738772176494 0.7035484910011292 47
1738772176495 0.6844702959060669 48
1738772176497 0.687640905380249 49
1738772176498 0.6908076405525208 50
1738772176499 0.6914368271827698 51
1738772176500 0.6764739155769348 52
1738772176501 0.6785147190093994 53
1738772176503 0.6790727972984314 54
1738772176504 0.6933048367500305 55
1738772176505 0.6900190711021423 56
1738772176506 0.6932389140129089 57
1738772176507 0.6847069263458252 58
1738772176508 0.6847332715988159 59
1738772176510 0.6802926659584045 60
1738772176511 0.6828073263168335 61
1738772176512 0.6801550388336182 62
1738772176513 0.6787188649177551 63
1738772176514 0.6789354085922241 64
1738772176515 0.6849316954612732 65
1738772176517 0.6713279485702515 66
1738772176518 0.6787649393081665 67
1738772176519 0.6801319718360901 68
1738772176520 0.673421323299408 69
1738772176521 0.6686956882476807 70
1738772176523 0.6750694513320923 71
1738772176524 0.6745583415031433 72
1738772176525 0.6698060035705566 73
1738772176526 0.6746981739997864 74
1738772176527 0.6776883006095886 75
1738772176528 0.6699745655059814 76
1738772176530 0.6786079406738281 77
1738772176531 0.6833438873291016 78
1738772176532 0.6826397180557251 79
1738772176533 0.6757179498672485 80
1738772176534 0.6790318489074707 81
1738772176535 0.671633243560791 82
1738772176537 0.6772773265838623 83
1738772176538 0.6740531325340271 84
1738772176539 0.6756507158279419 85
1738772176540 0.661232590675354 86
1738772176541 0.6550052762031555 87
1738772176542 0.6664984822273254 88
1738772176544 0.6584423780441284 89
1738772176545 0.6696007251739502 90
1738772176546 0.6869857907295227 91
1738772176547 0.6709550619125366 92
1738772176548 0.6712376475334167 93
1738772176550 0.6760174036026001 94
1738772176551 0.6788433194160461 95
1738772176552 0.6711148619651794 96
1738772176553 0.6669178605079651 97
1738772176555 0.6498070359230042 98
1738772176556 0.6727430820465088 99
1738772176557 0.6628204584121704 100
1738772176558 0.6557852029800415 101
1738772176559 0.6744701862335205 102
1738772176561 0.658129870891571 103
1738772176562 0.6797230243682861 104
1738772176563 0.6552634239196777 105
1738772176564 0.6702249050140381 106
1738772176565 0.6730737090110779 107
1738772176567 0.6645526885986328 108
1738772176568 0.6585120558738708 109
1738772176569 0.6637197732925415 110
1738772176570 0.6643272638320923 111
1738772176571 0.659118115901947 112
1738772176572 0.6663086414337158 113
1738772176574 0.6634073853492737 114
1738772176575 0.6617382168769836 115
1738772176576 0.6705992221832275 116
1738772176577 0.6704477667808533 117
1738772176578 0.654166042804718 118
1738772176579 0.6734997034072876 119
