1738772176430 0.5188281536102295 0
1738772176432 0.6309765577316284 1
1738772176433 0.6707812547683716 2
1738772176434 0.6997656226158142 3
1738772176436 0.7174218893051147 4
1738772176437 0.7336719036102295 5
1738772176439 0.7405468821525574 6
1738772176441 0.7551953196525574 7
1738772176442 0.7493749856948853 8
1738772176444 0.7614452838897705 9
1738772176445 0.7707421779632568 10
1738772176447 0.7721093893051147 11
1738772176449 0.7721484303474426 12
1738772176451 0.7781640887260437 13
1738772176452 0.7817968726158142 14
1738772176453 0.7808593511581421 15
1738772176454 0.7845312356948853 16
1738772176456 0.7822265625 17
1738772176457 0.7912890911102295 18
1738772176458 0.7859765887260437 19
1738772176459 0.7891015410423279 20
1738772176461 0.795703113079071 21
1738772176463 0.7913281321525574 22
1738772176464 0.7954297065734863 23
1738772176466 0.7980859279632568 24
1738772176467 0.7942187786102295 25
1738772176469 0.7944140434265137 26
1738772176470 0.8028515577316284 27
1738772176471 0.8002343773841858 28
1738772176472 0.7993749976158142 29
1738772176473 0.7975390553474426 30
1738772176475 0.8037890791893005 31
1738772176476 0.8063671588897705 32
1738772176477 0.8058202862739563 33
1738772176478 0.8055078387260437 34
1738772176480 0.8073046803474426 35
1738772176481 0.805468738079071 36
1738772176482 0.8084375262260437 37
1738772176483 0.8072265386581421 38
1738772176485 0.8101171851158142 39
1738772176486 0.800585925579071 40
1738772176487 0.8056640625 41
1738772176488 0.8046093583106995 42
1738772176489 0.8124218583106995 43
1738772176491 0.8080078363418579 44
1738772176492 0.8070703148841858 45
1738772176493 0.8108984231948853 46
1738772176494 0.8044140338897705 47
1738772176495 0.8130078315734863 48
1738772176497 0.8131250143051147 49
1738772176498 0.8116406202316284 50
1738772176499 0.8095312714576721 51
1738772176500 0.8145312666893005 52
1738772176501 0.8127734661102295 53
1738772176503 0.8141406178474426 54
1738772176504 0.8119921684265137 55
1738772176505 0.8101171851158142 56
1738772176506 0.8083593845367432 57
1738772176507 0.8133593797683716 58
1738772176508 0.8125390410423279 59
1738772176510 0.8135547041893005 60
1738772176511 0.8133984208106995 61
1738772176512 0.8155468702316284 62
1738772176513 0.8141406178474426 63
1738772176514 0.8151171803474426 64
1738772176515 0.8121874928474426 65
1738772176517 0.8173046708106995 66
1738772176518 0.8128125071525574 67
1738772176519 0.8166406154632568 68
1738772176520 0.8184765577316284 69
1738772176521 0.8174218535423279 70
1738772176523 0.8168749809265137 71
1738772176524 0.8148828148841858 72
1738772176525 0.8190624713897705 73
1738772176526 0.8176171779632568 74
1738772176527 0.813671886920929 75
1738772176528 0.8200781345367432 76
1738772176530 0.8158593773841858 77
1738772176531 0.815625011920929 78
1738772176532 0.8133593797683716 79
1738772176533 0.81640625 80
1738772176534 0.8160156011581421 81
1738772176535 0.8185155987739563 82
1738772176537 0.8135156035423279 83
1738772176538 0.818359375 84
1738772176539 0.8176562786102295 85
1738772176540 0.8228515386581421 86
1738772176541 0.8245702981948853 87
1738772176542 0.819140613079071 88
1738772176544 0.8215234279632568 89
1738772176545 0.8174609541893005 90
1738772176546 0.8124218583106995 91
1738772176547 0.8172656297683716 92
1738772176548 0.8174609541893005 93
1738772176550 0.818554699420929 94
1738772176551 0.8140624761581421 95
1738772176552 0.8190624713897705 96
1738772176553 0.8214452862739563 97
1738772176555 0.8247656226158142 98
1738772176556 0.8153906464576721 99
1738772176557 0.8208984136581421 100
1738772176558 0.8241015672683716 101
1738772176559 0.8178125023841858 102
1738772176561 0.8231250047683716 103
1738772176562 0.8178906440734863 104
1738772176563 0.8249609470367432 105
1738772176564 0.818359375 106
1738772176565 0.817578136920929 107
1738772176567 0.8199999928474426 108
1738772176568 0.8203125 109
1738772176569 0.8198828101158142 110
1738772176570 0.8216015696525574 111
1738772176571 0.8228906393051147 112
1738772176572 0.822460949420929 113
1738772176574 0.8210155963897705 114
1738772176575 0.8222265839576721 115
1738772176576 0.8185937404632568 116
1738772176577 0.8203515410423279 117
1738772176578 0.823437511920929 118
1738772176579 0.819140613079071 119
