1738443190412 0.5250390768051147 0
1738443190413 0.6442577838897705 1
1738443190415 0.6853125095367432 2
1738443190416 0.7169140577316284 3
1738443190417 0.7408202886581421 4
1738443190419 0.7509375214576721 5
1738443190420 0.7587109208106995 6
1738443190422 0.7678515911102295 7
1738443190423 0.7770702838897705 8
1738443190424 0.7815625071525574 9
1738443190425 0.7853124737739563 10
1738443190426 0.7950390577316284 11
1738443190427 0.7955077886581421 12
1738443190429 0.8008202910423279 13
1738443190431 0.8029687404632568 14
1738443190432 0.8118749856948853 15
1738443190434 0.8113672137260437 16
1738443190435 0.8115234375 17
1738443190436 0.8179687261581421 18
1738443190437 0.8149609565734863 19
1738443190439 0.8235546946525574 20
1738443190440 0.822265625 21
1738443190441 0.8229687213897705 22
1738443190442 0.826953113079071 23
1738443190443 0.8231250047683716 24
1738443190444 0.8258593678474426 25
1738443190446 0.8300390839576721 26
1738443190447 0.8260937333106995 27
1738443190448 0.8335937261581421 28
1738443190450 0.8334765434265137 29
1738443190451 0.8356249928474426 30
1738443190452 0.830859363079071 31
1738443190454 0.832226574420929 32
1738443190455 0.8346093893051147 33
1738443190456 0.8408203125 34
1738443190457 0.8384374976158142 35
1738443190458 0.8375781178474426 36
1738443190459 0.8409765362739563 37
1738443190460 0.8393750190734863 38
1738443190461 0.8442578315734863 39
1738443190463 0.8384765386581421 40
1738443190464 0.8423437476158142 41
1738443190465 0.8397656083106995 42
1738443190466 0.844921886920929 43
1738443190467 0.8450781106948853 44
1738443190468 0.8485937714576721 45
1738443190469 0.8444921970367432 46
1738443190470 0.8424218893051147 47
1738443190471 0.8473437428474426 48
1738443190473 0.8491015434265137 49
1738443190474 0.8467968702316284 50
1738443190475 0.8462499976158142 51
1738443190476 0.8480468988418579 52
1738443190477 0.8505077958106995 53
1738443190478 0.8502343893051147 54
1738443190479 0.8463281393051147 55
1738443190480 0.8454296588897705 56
1738443190481 0.8521484136581421 57
1738443190482 0.8476952910423279 58
1738443190484 0.8491406440734863 59
1738443190485 0.8558593988418579 60
1738443190486 0.8488671779632568 61
1738443190487 0.850390613079071 62
1738443190488 0.8517187237739563 63
1738443190489 0.849609375 64
1738443190490 0.8557812571525574 65
1738443190491 0.8516015410423279 66
1738443190492 0.850390613079071 67
1738443190493 0.8555077910423279 68
1738443190494 0.8566015362739563 69
1738443190495 0.8508203029632568 70
1738443190497 0.856249988079071 71
1738443190498 0.8570703268051147 72
1738443190499 0.8564843535423279 73
1738443190500 0.8568750023841858 74
1738443190501 0.8546484112739563 75
1738443190502 0.8537890911102295 76
1738443190503 0.8561718463897705 77
1738443190504 0.8563281297683716 78
1738443190505 0.8588671684265137 79
1738443190506 0.8568359613418579 80
1738443190507 0.8596093654632568 81
1738443190509 0.8592187762260437 82
1738443190510 0.8610546588897705 83
1738443190511 0.8554297089576721 84
1738443190512 0.8625781536102295 85
1738443190513 0.8633202910423279 86
1738443190514 0.8580077886581421 87
1738443190515 0.864453136920929 88
1738443190516 0.857226550579071 89
1738443190517 0.8594531416893005 90
1738443190518 0.8603125214576721 91
1738443190519 0.8594531416893005 92
1738443190520 0.8619921803474426 93
1738443190521 0.8596484661102295 94
1738443190523 0.8633593916893005 95
1738443190524 0.8650000095367432 96
1738443190525 0.8583202958106995 97
1738443190526 0.8614453077316284 98
1738443190527 0.858593761920929 99
1738443190528 0.8636718988418579 100
1738443190529 0.8629687428474426 101
1738443190530 0.8651171922683716 102
1738443190531 0.8598828315734863 103
1738443190532 0.8621484637260437 104
1738443190533 0.8671093583106995 105
1738443190534 0.8643359541893005 106
1738443190536 0.8637109398841858 107
1738443190537 0.8620703220367432 108
1738443190538 0.8600000143051147 109
1738443190539 0.8696874976158142 110
1738443190540 0.8615624904632568 111
1738443190541 0.8631640672683716 112
1738443190542 0.8658984303474426 113
1738443190543 0.8688281178474426 114
1738443190544 0.8674218654632568 115
1738443190545 0.8659374713897705 116
1738443190546 0.8622656464576721 117
1738443190547 0.8653905987739563 118
1738443190549 0.8655468821525574 119
