1738443190412 1.2224228382110596 0
1738443190413 0.9578883647918701 1
1738443190415 0.8644232749938965 2
1738443190416 0.7981606125831604 3
1738443190417 0.7312764525413513 4
1738443190419 0.7135986089706421 5
1738443190420 0.6902253031730652 6
1738443190422 0.6599860191345215 7
1738443190423 0.6440315842628479 8
1738443190424 0.6272780895233154 9
1738443190425 0.6183698177337646 10
1738443190426 0.5952406525611877 11
1738443190427 0.5929467678070068 12
1738443190429 0.584877073764801 13
1738443190431 0.5795871615409851 14
1738443190432 0.551857590675354 15
1738443190434 0.5512254238128662 16
1738443190435 0.5511012673377991 17
1738443190436 0.5372692346572876 18
1738443190437 0.5397281646728516 19
1738443190439 0.5212818384170532 20
1738443190440 0.5228485465049744 21
1738443190441 0.5267236232757568 22
1738443190442 0.5182136297225952 23
1738443190443 0.5172914862632751 24
1738443190444 0.5127207040786743 25
1738443190446 0.5038783550262451 26
1738443190447 0.5133846998214722 27
1738443190448 0.4929259419441223 28
1738443190450 0.49495020508766174 29
1738443190451 0.4862044155597687 30
1738443190452 0.4955902099609375 31
1738443190454 0.5005481243133545 32
1738443190455 0.4987923502922058 33
1738443190456 0.48547685146331787 34
1738443190457 0.4915725588798523 35
1738443190458 0.4788607060909271 36
1738443190459 0.47051379084587097 37
1738443190460 0.4781452417373657 38
1738443190461 0.47543320059776306 39
1738443190463 0.4792834520339966 40
1738443190464 0.46975862979888916 41
1738443190465 0.47911641001701355 42
1738443190466 0.467930406332016 43
1738443190467 0.45895758271217346 44
1738443190468 0.4554602801799774 45
1738443190469 0.4698473811149597 46
1738443190470 0.4666115939617157 47
1738443190471 0.457762748003006 48
1738443190473 0.4486251175403595 49
1738443190474 0.46196070313453674 50
1738443190475 0.46683552861213684 51
1738443190476 0.4520125985145569 52
1738443190477 0.4477590322494507 53
1738443190478 0.44473376870155334 54
1738443190479 0.4546816647052765 55
1738443190480 0.46083009243011475 56
1738443190481 0.4468894302845001 57
1738443190482 0.4527550935745239 58
1738443190484 0.45958971977233887 59
1738443190485 0.43594321608543396 60
1738443190486 0.4543907940387726 61
1738443190487 0.4460676610469818 62
1738443190488 0.44789233803749084 63
1738443190489 0.4522916078567505 64
1738443190490 0.43583911657333374 65
1738443190491 0.44320884346961975 66
1738443190492 0.4431854486465454 67
1738443190493 0.4343913793563843 68
1738443190494 0.4339623749256134 69
1738443190495 0.4483678936958313 70
1738443190497 0.4378305673599243 71
1738443190498 0.43479472398757935 72
1738443190499 0.43093517422676086 73
1738443190500 0.42993155121803284 74
1738443190501 0.4369310438632965 75
1738443190502 0.4422032833099365 76
1738443190503 0.4360138773918152 77
1738443190504 0.4283301532268524 78
1738443190505 0.42696118354797363 79
1738443190506 0.4294876754283905 80
1738443190507 0.4256685674190521 81
1738443190509 0.4247169494628906 82
1738443190510 0.41623568534851074 83
1738443190511 0.4355173408985138 84
1738443190512 0.4199381172657013 85
1738443190513 0.41534680128097534 86
1738443190514 0.4339858889579773 87
1738443190515 0.4173264801502228 88
1738443190516 0.43341514468193054 89
1738443190517 0.4315524399280548 90
1738443190518 0.4262191355228424 91
1738443190519 0.4205542504787445 92
1738443190520 0.42149731516838074 93
1738443190521 0.42627760767936707 94
1738443190523 0.4254891872406006 95
1738443190524 0.4146890342235565 96
1738443190525 0.4303443431854248 97
1738443190526 0.41979315876960754 98
1738443190527 0.42951950430870056 99
1738443190528 0.4134139120578766 100
1738443190529 0.4155155122280121 101
1738443190530 0.41323772072792053 102
1738443190531 0.4206772744655609 103
1738443190532 0.41918814182281494 104
1738443190533 0.4123770594596863 105
1738443190534 0.4118415415287018 106
1738443190536 0.4170486032962799 107
1738443190537 0.41794800758361816 108
1738443190538 0.422659307718277 109
1738443190539 0.40315505862236023 110
1738443190540 0.42243966460227966 111
1738443190541 0.4117065370082855 112
1738443190542 0.4119538962841034 113
1738443190543 0.40322330594062805 114
1738443190544 0.4055357277393341 115
1738443190545 0.4076232612133026 116
1738443190546 0.4155786633491516 117
1738443190547 0.4106554388999939 118
1738443190549 0.4057359993457794 119
