1738144424688 2563.9072265625 0
1738144424690 1025.3280029296875 1
1738144424691 223.1251220703125 2
1738144424692 22.640714645385742 3
1738144424693 11.1066312789917 4
1738144424695 8.832860946655273 5
1738144424696 6.973135471343994 6
1738144424697 5.413957118988037 7
1738144424698 4.599621295928955 8
1738144424700 4.194206714630127 9
1738144424701 3.962038993835449 10
1738144424702 3.7562012672424316 11
1738144424703 3.6167871952056885 12
1738144424704 3.5444469451904297 13
1738144424705 3.395815372467041 14
1738144424707 3.26426362991333 15
1738144424708 3.2384490966796875 16
1738144424709 3.2265191078186035 17
1738144424710 3.1626224517822266 18
1738144424711 3.110544443130493 19
1738144424713 3.1097214221954346 20
1738144424714 3.0938565731048584 21
1738144424715 3.075782060623169 22
1738144424716 3.0342516899108887 23
1738144424717 3.030419111251831 24
1738144424718 3.002439022064209 25
1738144424719 3.017301559448242 26
1738144424721 2.9921562671661377 27
1738144424722 3.006277084350586 28
1738144424723 3.0090322494506836 29
1738144424724 2.9772000312805176 30
1738144424725 2.968670606613159 31
1738144424726 2.9430036544799805 32
1738144424728 2.9312167167663574 33
1738144424729 2.9668185710906982 34
1738144424730 2.920304298400879 35
1738144424731 2.9159302711486816 36
1738144424732 2.907930612564087 37
1738144424733 2.8715734481811523 38
1738144424734 2.891530990600586 39
1738144424735 2.9147157669067383 40
1738144424737 2.8784079551696777 41
1738144424738 2.871262311935425 42
1738144424739 2.8822007179260254 43
1738144424740 2.902890205383301 44
