1738144424688 0.16003906726837158 0
1738144424690 0.19492188096046448 1
1738144424691 0.24843749403953552 2
1738144424692 0.2769140601158142 3
1738144424693 0.27812498807907104 4
1738144424695 0.2896484434604645 5
1738144424696 0.30226561427116394 6
1738144424697 0.3154296875 7
1738144424698 0.3313671946525574 8
1738144424700 0.3450390696525574 9
1738144424701 0.34816405177116394 10
1738144424702 0.3676171898841858 11
1738144424703 0.3687500059604645 12
1738144424704 0.37828123569488525 13
1738144424705 0.38191404938697815 14
1738144424707 0.39222657680511475 15
1738144424708 0.3978906273841858 16
1738144424709 0.40964844822883606 17
1738144424710 0.4256640672683716 18
1738144424711 0.42875000834465027 19
1738144424713 0.42750000953674316 20
1738144424714 0.4383203089237213 21
1738144424715 0.4464062452316284 22
1738144424716 0.45191407203674316 23
1738144424717 0.45511719584465027 24
1738144424718 0.46015626192092896 25
1738144424719 0.4689062535762787 26
1738144424721 0.4732421934604645 27
1738144424722 0.46796876192092896 28
1738144424723 0.4694531261920929 29
1738144424724 0.4816015660762787 30
1738144424725 0.48390623927116394 31
1738144424726 0.4910937547683716 32
1738144424728 0.4893749952316284 33
1738144424729 0.49714842438697815 34
1738144424730 0.5082812309265137 35
1738144424731 0.5145312547683716 36
1738144424732 0.5145702958106995 37
1738144424733 0.5234375 38
1738144424734 0.5244922041893005 39
1738144424735 0.5200781226158142 40
1738144424737 0.5318359136581421 41
1738144424738 0.5260156393051147 42
1738144424739 0.5378124713897705 43
1738144424740 0.5347656011581421 44
