1738431135035 0.45949217677116394 0
1738431135037 0.5496875047683716 1
1738431135038 0.5918359160423279 2
1738431135039 0.6183202862739563 3
1738431135040 0.633593738079071 4
1738431135041 0.652539074420929 5
1738431135043 0.6655077934265137 6
1738431135044 0.6668359637260437 7
1738431135045 0.685546875 8
1738431135047 0.6848046779632568 9
1738431135048 0.6935937404632568 10
1738431135050 0.7026562690734863 11
1738431135052 0.7045702934265137 12
1738431135054 0.7085937261581421 13
1738431135056 0.716992199420929 14
1738431135057 0.7167578339576721 15
1738431135058 0.7205859422683716 16
1738431135059 0.7216406464576721 17
1738431135060 0.7232031226158142 18
1738431135062 0.7260156273841858 19
1738431135063 0.7276562452316284 20
1738431135065 0.7359374761581421 21
1738431135067 0.7348437309265137 22
1738431135069 0.7346875071525574 23
1738431135070 0.7313281297683716 24
1738431135071 0.7333984375 25
1738431135073 0.7383984327316284 26
1738431135074 0.7337109446525574 27
1738431135075 0.7408984303474426 28
1738431135077 0.7428905963897705 29
1738431135078 0.7425781488418579 30
1738431135079 0.7436327934265137 31
1738431135081 0.7506640553474426 32
1738431135082 0.7419531345367432 33
1738431135083 0.7484375238418579 34
1738431135084 0.7398437261581421 35
1738431135086 0.747265636920929 36
1738431135087 0.7486718893051147 37
1738431135089 0.7454687356948853 38
1738431135090 0.7508593797683716 39
1738431135091 0.7485547065734863 40
1738431135093 0.7535156011581421 41
1738431135094 0.751171886920929 42
1738431135096 0.7500781416893005 43
1738431135098 0.7566015720367432 44
1738431135099 0.7544140815734863 45
1738431135100 0.7533593773841858 46
1738431135101 0.7561328411102295 47
1738431135103 0.7513672113418579 48
1738431135104 0.7556250095367432 49
1738431135106 0.756054699420929 50
1738431135107 0.7605078220367432 51
1738431135108 0.7543359398841858 52
1738431135110 0.7555859088897705 53
1738431135111 0.7567968964576721 54
1738431135112 0.7640234231948853 55
1738431135113 0.7594140768051147 56
1738431135115 0.7624609470367432 57
1738431135116 0.7601171731948853 58
1738431135118 0.761914074420929 59
1738431135120 0.7594921588897705 60
1738431135121 0.7673046588897705 61
1738431135123 0.7602343559265137 62
1738431135124 0.7667187452316284 63
1738431135126 0.7637109160423279 64
1738431135127 0.7608593702316284 65
1738431135128 0.7604687213897705 66
1738431135129 0.7666406035423279 67
1738431135131 0.7669140696525574 68
1738431135132 0.767578125 69
1738431135134 0.7635546922683716 70
1738431135135 0.7674219012260437 71
1738431135137 0.7701953053474426 72
1738431135138 0.7639453411102295 73
1738431135139 0.7645312547683716 74
1738431135140 0.7667187452316284 75
1738431135141 0.7671484351158142 76
1738431135143 0.7701171636581421 77
1738431135144 0.7664843797683716 78
1738431135146 0.7680859565734863 79
1738431135147 0.7721484303474426 80
1738431135148 0.7700390815734863 81
1738431135150 0.7700390815734863 82
1738431135152 0.7708203196525574 83
1738431135154 0.7687890529632568 84
1738431135155 0.7684765458106995 85
1738431135157 0.7679296731948853 86
1738431135159 0.7698047161102295 87
1738431135160 0.7709765434265137 88
1738431135161 0.7733203172683716 89
1738431135162 0.7681249976158142 90
1738431135163 0.7710546851158142 91
1738431135164 0.7678515911102295 92
1738431135165 0.7712109088897705 93
1738431135166 0.7786328196525574 94
1738431135167 0.7746484279632568 95
1738431135168 0.7717968821525574 96
1738431135169 0.7778906226158142 97
1738431135170 0.7774218916893005 98
1738431135171 0.771289050579071 99
1738431135173 0.7742968797683716 100
1738431135174 0.7753515839576721 101
1738431135175 0.7706249952316284 102
1738431135176 0.7730859518051147 103
1738431135177 0.7767968773841858 104
1738431135178 0.7784765362739563 105
1738431135179 0.777148425579071 106
1738431135180 0.7730468511581421 107
1738431135181 0.7718750238418579 108
1738431135182 0.7767187356948853 109
1738431135183 0.7805859446525574 110
1738431135184 0.7759374976158142 111
1738431135186 0.7719922065734863 112
1738431135187 0.779492199420929 113
1738431135188 0.7773047089576721 114
1738431135189 0.7791796922683716 115
1738431135190 0.7773047089576721 116
1738431135191 0.7771093845367432 117
1738431135192 0.7776562571525574 118
1738431135193 0.7768359184265137 119
