1738431135035 1.3709330558776855 0
1738431135037 1.1674226522445679 1
1738431135038 1.0701918601989746 2
1738431135039 1.0209797620773315 3
1738431135040 0.9781887531280518 4
1738431135041 0.9406614899635315 5
1738431135043 0.9145140051841736 6
1738431135044 0.9123124480247498 7
1738431135045 0.8821325898170471 8
1738431135047 0.870380163192749 9
1738431135048 0.8567436337471008 10
1738431135050 0.8364375829696655 11
1738431135052 0.8267377614974976 12
1738431135054 0.8152485489845276 13
1738431135056 0.8057925701141357 14
1738431135057 0.802398681640625 15
1738431135058 0.8010706901550293 16
1738431135059 0.786780595779419 17
1738431135060 0.7862278819084167 18
1738431135062 0.7811826467514038 19
1738431135063 0.7714312672615051 20
1738431135065 0.767042875289917 21
1738431135067 0.7608311176300049 22
1738431135069 0.7593080401420593 23
1738431135070 0.7684885263442993 24
1738431135071 0.7656858563423157 25
1738431135073 0.7541037201881409 26
1738431135074 0.7627425193786621 27
1738431135075 0.7447864413261414 28
1738431135077 0.7435770630836487 29
1738431135078 0.7420881390571594 30
1738431135079 0.7397807240486145 31
1738431135081 0.7286326885223389 32
1738431135082 0.7404592633247375 33
1738431135083 0.7306154370307922 34
1738431135084 0.7428101897239685 35
1738431135086 0.7234517931938171 36
1738431135087 0.722970724105835 37
1738431135089 0.7368161082267761 38
1738431135090 0.7282404899597168 39
1738431135091 0.7287360429763794 40
1738431135093 0.7163705229759216 41
1738431135094 0.724327802658081 42
1738431135096 0.7239709496498108 43
1738431135098 0.7124727368354797 44
1738431135099 0.7078089118003845 45
1738431135100 0.7125293016433716 46
1738431135101 0.7052233815193176 47
1738431135103 0.7174399495124817 48
1738431135104 0.708304762840271 49
1738431135106 0.7045700550079346 50
1738431135107 0.7044814825057983 51
1738431135108 0.7130045294761658 52
1738431135110 0.7049671411514282 53
1738431135111 0.7046092748641968 54
1738431135112 0.6890931129455566 55
1738431135113 0.7034860849380493 56
1738431135115 0.696662187576294 57
1738431135116 0.7008761763572693 58
1738431135118 0.6892075538635254 59
1738431135120 0.7000799775123596 60
1738431135121 0.6809239387512207 61
1738431135123 0.6977663636207581 62
1738431135124 0.6814444065093994 63
1738431135126 0.6893527507781982 64
1738431135127 0.6948081851005554 65
1738431135128 0.6956169009208679 66
1738431135129 0.6784138679504395 67
1738431135131 0.681438684463501 68
1738431135132 0.6850866079330444 69
1738431135134 0.6880013942718506 70
1738431135135 0.6767631769180298 71
1738431135137 0.6725435853004456 72
1738431135138 0.6891986727714539 73
1738431135139 0.6790407299995422 74
1738431135140 0.6767556667327881 75
1738431135141 0.6847811937332153 76
1738431135143 0.6660464406013489 77
1738431135144 0.6768199801445007 78
1738431135146 0.6774901747703552 79
1738431135147 0.6775268316268921 80
1738431135148 0.6730215549468994 81
1738431135150 0.6675177812576294 82
1738431135152 0.6722913980484009 83
1738431135154 0.6713629961013794 84
1738431135155 0.6802683472633362 85
1738431135157 0.6768733859062195 86
1738431135159 0.6776986122131348 87
1738431135160 0.6717314720153809 88
1738431135161 0.6585582494735718 89
1738431135162 0.6764237880706787 90
1738431135163 0.6674484014511108 91
1738431135164 0.6756719350814819 92
1738431135165 0.665291965007782 93
1738431135166 0.6534786820411682 94
1738431135167 0.6672114729881287 95
1738431135168 0.6618914604187012 96
1738431135169 0.657075822353363 97
1738431135170 0.6544393301010132 98
1738431135171 0.6625464558601379 99
1738431135173 0.6612019538879395 100
1738431135174 0.6587366461753845 101
1738431135175 0.6691946387290955 102
1738431135176 0.6608983874320984 103
1738431135177 0.6510934233665466 104
1738431135178 0.6520042419433594 105
1738431135179 0.6541289687156677 106
1738431135180 0.6572471857070923 107
1738431135181 0.6580061316490173 108
1738431135182 0.648122251033783 109
1738431135183 0.6570853590965271 110
1738431135184 0.6536200046539307 111
1738431135186 0.6624051928520203 112
1738431135187 0.6518611311912537 113
1738431135188 0.6491138339042664 114
1738431135189 0.6484860181808472 115
1738431135190 0.651043713092804 116
1738431135191 0.6489973664283752 117
1738431135192 0.653096616268158 118
1738431135193 0.6537718176841736 119
