1738760927742 0.526171863079071 0
1738760927748 0.6351171731948853 1
1738760927751 0.6808202862739563 2
1738760927752 0.7148047089576721 3
1738760927755 0.7425781488418579 4
1738760927757 0.7495312690734863 5
1738760927759 0.7651171684265137 6
1738760927760 0.7684375047683716 7
1738760927761 0.7791406512260437 8
1738760927763 0.7842187285423279 9
1738760927764 0.7905077934265137 10
1738760927765 0.7937109470367432 11
1738760927766 0.801562488079071 12
1738760927767 0.7967187762260437 13
1738760927769 0.8074609637260437 14
1738760927770 0.8075390458106995 15
1738760927771 0.807812511920929 16
1738760927773 0.8125781416893005 17
1738760927775 0.8168359398841858 18
1738760927776 0.8194140791893005 19
1738760927777 0.8215625286102295 20
1738760927779 0.8193749785423279 21
1738760927780 0.8230078220367432 22
1738760927781 0.8202343583106995 23
1738760927782 0.8184375166893005 24
1738760927783 0.826367199420929 25
1738760927784 0.8249218463897705 26
1738760927785 0.8294140696525574 27
1738760927787 0.8270312547683716 28
1738760927788 0.8339062333106995 29
1738760927789 0.8360937237739563 30
1738760927790 0.8310156464576721 31
1738760927792 0.8353906273841858 32
1738760927793 0.8353124856948853 33
1738760927794 0.8339453339576721 34
1738760927795 0.841015636920929 35
1738760927796 0.8384374976158142 36
1738760927798 0.8374999761581421 37
1738760927799 0.8423827886581421 38
1738760927800 0.8410937786102295 39
1738760927801 0.8373827934265137 40
1738760927802 0.8399609327316284 41
1738760927804 0.8412109613418579 42
1738760927805 0.8420703411102295 43
1738760927806 0.8452343940734863 44
1738760927807 0.8422656059265137 45
1738760927808 0.8453906178474426 46
1738760927809 0.8482812643051147 47
1738760927810 0.8478124737739563 48
1738760927812 0.846484363079071 49
1738760927813 0.8440234661102295 50
1738760927814 0.8483593463897705 51
1738760927815 0.8487109541893005 52
1738760927816 0.8480468988418579 53
1738760927817 0.8487109541893005 54
1738760927818 0.8483203053474426 55
1738760927820 0.8478906154632568 56
1738760927821 0.8530468940734863 57
1738760927822 0.8540624976158142 58
1738760927823 0.8503515720367432 59
1738760927824 0.8521875143051147 60
1738760927825 0.8501562476158142 61
1738760927827 0.8478906154632568 62
1738760927828 0.8506249785423279 63
1738760927829 0.8521484136581421 64
1738760927830 0.8527734279632568 65
1738760927831 0.8522265553474426 66
1738760927832 0.852734386920929 67
1738760927833 0.8577343821525574 68
1738760927834 0.8561718463897705 69
1738760927836 0.8555468916893005 70
