1738760927742 1.21546471118927 0
1738760927748 0.9608955979347229 1
1738760927751 0.8721389770507812 2
1738760927752 0.7854684591293335 3
1738760927755 0.728736937046051 4
1738760927757 0.7095599174499512 5
1738760927759 0.6767239570617676 6
1738760927760 0.6604424118995667 7
1738760927761 0.6430903673171997 8
1738760927763 0.6212272644042969 9
1738760927764 0.6065122485160828 10
1738760927765 0.5994791984558105 11
1738760927766 0.577938437461853 12
1738760927767 0.5776078104972839 13
1738760927769 0.563055157661438 14
1738760927770 0.566780149936676 15
1738760927771 0.5583437085151672 16
1738760927773 0.5480704307556152 17
1738760927775 0.5399333834648132 18
1738760927776 0.5361644625663757 19
1738760927777 0.5273047089576721 20
1738760927779 0.5251734256744385 21
1738760927780 0.5220269560813904 22
1738760927781 0.5293031930923462 23
1738760927782 0.5254824161529541 24
1738760927783 0.5131176114082336 25
1738760927784 0.5111607313156128 26
1738760927785 0.5043404698371887 27
1738760927787 0.5078679919242859 28
1738760927788 0.48559170961380005 29
1738760927789 0.491763710975647 30
1738760927790 0.5019688606262207 31
1738760927792 0.4883423149585724 32
1738760927793 0.48961198329925537 33
1738760927794 0.48858094215393066 34
1738760927795 0.47676852345466614 35
1738760927796 0.48350638151168823 36
1738760927798 0.4845910370349884 37
1738760927799 0.4727923274040222 38
1738760927800 0.4712364971637726 39
1738760927801 0.4772220253944397 40
1738760927802 0.47977733612060547 41
1738760927804 0.4747002422809601 42
1738760927805 0.4686485230922699 43
1738760927806 0.45981213450431824 44
1738760927807 0.47386157512664795 45
1738760927808 0.4661327600479126 46
1738760927809 0.4540533125400543 47
1738760927810 0.4594932794570923 48
1738760927812 0.46021920442581177 49
1738760927813 0.4606272876262665 50
1738760927814 0.4555860161781311 51
1738760927815 0.4508195221424103 52
1738760927816 0.4576694369316101 53
1738760927817 0.45998966693878174 54
1738760927818 0.45702064037323 55
1738760927820 0.4544719457626343 56
1738760927821 0.43896588683128357 57
1738760927822 0.44302690029144287 58
1738760927823 0.4458153545856476 59
1738760927824 0.4372820556163788 60
1738760927825 0.4491671621799469 61
1738760927827 0.4495915174484253 62
1738760927828 0.434935986995697 63
1738760927829 0.4400802254676819 64
1738760927830 0.44068753719329834 65
1738760927831 0.44670599699020386 66
1738760927832 0.4409605860710144 67
1738760927833 0.4324575364589691 68
1738760927834 0.4338599145412445 69
1738760927836 0.43901869654655457 70
