1738714613377 0.5269531011581421 0
1738714613379 0.7164843678474426 1
1738714613380 0.7978125214576721 2
1738714613382 0.8414453268051147 3
1738714613384 0.8774999976158142 4
1738714613385 0.8876562714576721 5
1738714613387 0.9051952958106995 6
1738714613388 0.9164843559265137 7
1738714613389 0.924609363079071 8
1738714613390 0.9255077838897705 9
1738714613392 0.9355078339576721 10
1738714613393 0.9392969012260437 11
1738714613394 0.9434375166893005 12
1738714613395 0.9461328387260437 13
1738714613396 0.9483203291893005 14
1738714613398 0.9526953101158142 15
1738714613399 0.9558984637260437 16
1738714613400 0.9553515911102295 17
1738714613401 0.9553515911102295 18
1738714613403 0.9620312452316284 19
1738714613404 0.9590234160423279 20
1738714613405 0.9628124833106995 21
1738714613406 0.9612890481948853 22
1738714613407 0.9653906226158142 23
1738714613409 0.9642187356948853 24
1738714613410 0.9680078029632568 25
1738714613411 0.9653906226158142 26
1738714613412 0.9668750166893005 27
1738714613413 0.968945324420929 28
1738714613415 0.9703515768051147 29
1738714613416 0.970507800579071 30
1738714613418 0.9718359112739563 31
1738714613419 0.9713671803474426 32
1738714613420 0.9753515720367432 33
1738714613422 0.9728124737739563 34
1738714613423 0.9744921922683716 35
1738714613425 0.9757031202316284 36
1738714613426 0.9761718511581421 37
1738714613427 0.9759765863418579 38
1738714613428 0.9747265577316284 39
1738714613429 0.9765625 40
1738714613431 0.9765625 41
1738714613432 0.9760156273841858 42
1738714613433 0.9789843559265137 43
1738714613434 0.9794531464576721 44
1738714613435 0.9784374833106995 45
1738714613437 0.9792578220367432 46
1738714613438 0.979687511920929 47
1738714613439 0.98046875 48
1738714613440 0.979687511920929 49
1738714613441 0.9800781011581421 50
1738714613443 0.980273425579071 51
