1738714613377 1.3217500448226929 0
1738714613379 0.8034830689430237 1
1738714613380 0.5865871906280518 2
1738714613382 0.4669557511806488 3
1738714613384 0.3733578622341156 4
1738714613385 0.33816757798194885 5
1738714613387 0.29608941078186035 6
1738714613388 0.25822892785072327 7
1738714613389 0.23401115834712982 8
1738714613390 0.23330894112586975 9
1738714613392 0.20361390709877014 10
1738714613393 0.19042015075683594 11
1738714613394 0.1788451075553894 12
1738714613395 0.1687566339969635 13
1738714613396 0.15945221483707428 14
1738714613398 0.1490669548511505 15
1738714613399 0.1384943723678589 16
1738714613400 0.13808268308639526 17
1738714613401 0.14108693599700928 18
1738714613403 0.11953402310609818 19
1738714613404 0.1266249418258667 20
1738714613405 0.11669257283210754 21
1738714613406 0.11986862123012543 22
1738714613407 0.1059185117483139 23
1738714613409 0.11041240394115448 24
1738714613410 0.09850692749023438 25
1738714613411 0.10142114758491516 26
1738714613412 0.10426784306764603 27
1738714613413 0.09521812200546265 28
1738714613415 0.09112238138914108 29
1738714613416 0.09313597530126572 30
1738714613418 0.0886058434844017 31
1738714613419 0.08806727081537247 32
1738714613420 0.07810448110103607 33
1738714613422 0.08396149426698685 34
1738714613423 0.07921606302261353 35
1738714613425 0.0748213455080986 36
1738714613426 0.07226414978504181 37
1738714613427 0.07514593750238419 38
1738714613428 0.07995686680078506 39
1738714613429 0.0732889324426651 40
1738714613431 0.07048764079809189 41
1738714613432 0.07279184460639954 42
1738714613433 0.06570152938365936 43
1738714613434 0.06578797101974487 44
1738714613435 0.06982126832008362 45
1738714613437 0.0641070157289505 46
1738714613438 0.06347300112247467 47
1738714613439 0.0629052147269249 48
1738714613440 0.06137667968869209 49
1738714613441 0.0626499354839325 50
1738714613443 0.06166837364435196 51
