1738770726440 1.522592306137085 0
1738770726442 1.3141032457351685 1
1738770726443 1.2589749097824097 2
1738770726444 1.207016110420227 3
1738770726446 1.188197135925293 4
1738770726447 1.1534103155136108 5
1738770726448 1.1385369300842285 6
1738770726450 1.1285189390182495 7
1738770726452 1.1116904020309448 8
1738770726453 1.089135766029358 9
1738770726454 1.094424843788147 10
1738770726455 1.072510004043579 11
1738770726457 1.066364049911499 12
1738770726458 1.0643779039382935 13
1738770726459 1.0489466190338135 14
1738770726461 1.0415972471237183 15
1738770726462 1.049075961112976 16
1738770726464 1.030643105506897 17
1738770726465 1.0145888328552246 18
1738770726466 1.0186364650726318 19
1738770726468 1.0096774101257324 20
1738770726469 1.0102050304412842 21
1738770726470 1.016505241394043 22
1738770726471 1.0101895332336426 23
1738770726472 1.002764105796814 24
1738770726474 1.0007948875427246 25
1738770726475 0.9984204769134521 26
1738770726476 0.9962782263755798 27
1738770726478 0.986134946346283 28
1738770726479 0.9863036274909973 29
1738770726480 0.990731418132782 30
1738770726481 0.9923670291900635 31
1738770726483 0.9780358672142029 32
1738770726484 0.9776813983917236 33
1738770726485 0.9692255258560181 34
1738770726486 0.9720647931098938 35
1738770726487 0.9737613201141357 36
1738770726489 0.9631521105766296 37
1738770726490 0.9588923454284668 38
1738770726491 0.9551604986190796 39
1738770726492 0.9691832661628723 40
1738770726493 0.9588338732719421 41
1738770726495 0.952857255935669 42
1738770726496 0.9625717997550964 43
1738770726497 0.9427554607391357 44
1738770726499 0.9523118734359741 45
1738770726500 0.9529772996902466 46
1738770726501 0.9465512633323669 47
1738770726502 0.9432178735733032 48
1738770726503 0.954302966594696 49
1738770726506 0.9521116018295288 50
1738770726507 0.9292778968811035 51
1738770726508 0.9464614391326904 52
1738770726510 0.9376529455184937 53
1738770726512 0.9373667240142822 54
1738770726515 0.9326077103614807 55
1738770726517 0.9325671195983887 56
1738770726519 0.9371109008789062 57
1738770726521 0.9363321661949158 58
1738770726524 0.9266107082366943 59
1738770726527 0.9331396222114563 60
1738770726530 0.9244592785835266 61
1738770726532 0.9307694435119629 62
1738770726535 0.935199499130249 63
1738770726537 0.9262840747833252 64
1738770726539 0.9226910471916199 65
1738770726541 0.9383754134178162 66
1738770726545 0.9283559322357178 67
1738770726547 0.9281051158905029 68
1738770726550 0.9149712920188904 69
1738770726553 0.92584228515625 70
1738770726555 0.9139025807380676 71
1738770726558 0.9309850335121155 72
1738770726561 0.9239270687103271 73
1738770726564 0.9321338534355164 74
1738770726568 0.9222550988197327 75
1738770726571 0.9050211310386658 76
1738770726573 0.9143114686012268 77
1738770726576 0.9205731153488159 78
1738770726579 0.9103679060935974 79
1738770726582 0.9042220115661621 80
1738770726585 0.9170162677764893 81
1738770726587 0.9065492749214172 82
1738770726590 0.904945433139801 83
1738770726591 0.9037683010101318 84
1738770726594 0.9086915850639343 85
1738770726596 0.9162246584892273 86
1738770726598 0.9016425609588623 87
1738770726600 0.906644880771637 88
1738770726603 0.8949465155601501 89
1738770726605 0.8993772864341736 90
1738770726607 0.9097981452941895 91
1738770726608 0.8949846625328064 92
1738770726609 0.9022949934005737 93
1738770726610 0.900404155254364 94
1738770726612 0.8945724368095398 95
1738770726613 0.8881767392158508 96
1738770726614 0.8962579965591431 97
1738770726615 0.9029237627983093 98
1738770726616 0.8974154591560364 99
1738770726617 0.8988338708877563 100
1738770726619 0.9002676606178284 101
1738770726620 0.8929001688957214 102
1738770726621 0.8954210877418518 103
1738770726622 0.8928768634796143 104
1738770726623 0.9028742909431458 105
1738770726624 0.8947225213050842 106
1738770726626 0.8878151774406433 107
1738770726627 0.8898442983627319 108
1738770726628 0.8929148316383362 109
1738770726629 0.8971384167671204 110
1738770726630 0.8919584155082703 111
1738770726631 0.8846758008003235 112
1738770726633 0.8919500708580017 113
1738770726634 0.8847129344940186 114
1738770726635 0.885803759098053 115
1738770726636 0.8789911866188049 116
1738770726637 0.8803309798240662 117
1738770726638 0.8864985108375549 118
1738770726640 0.8987624645233154 119
