1738770726440 0.38609373569488525 0
1738770726442 0.4818359315395355 1
1738770726443 0.512499988079071 2
1738770726444 0.5321875214576721 3
1738770726446 0.5494531393051147 4
1738770726447 0.55859375 5
1738770726448 0.5678515434265137 6
1738770726450 0.5687109231948853 7
1738770726452 0.5826562643051147 8
1738770726453 0.5926562547683716 9
1738770726454 0.5912500023841858 10
1738770726455 0.5960937738418579 11
1738770726457 0.6003124713897705 12
1738770726458 0.6043750047683716 13
1738770726459 0.6071484088897705 14
1738770726461 0.615039050579071 15
1738770726462 0.6146484613418579 16
1738770726464 0.6180468797683716 17
1738770726465 0.6263281106948853 18
1738770726466 0.6265234351158142 19
1738770726468 0.628710925579071 20
1738770726469 0.630664050579071 21
1738770726470 0.6270703077316284 22
1738770726471 0.6280468702316284 23
1738770726472 0.6326953172683716 24
1738770726474 0.6341406106948853 25
1738770726475 0.6336718797683716 26
1738770726476 0.6340234279632568 27
1738770726478 0.6418750286102295 28
1738770726479 0.6408984661102295 29
1738770726480 0.6380468606948853 30
1738770726481 0.6376171708106995 31
1738770726483 0.6405859589576721 32
1738770726484 0.6490234136581421 33
1738770726485 0.6468750238418579 34
1738770726486 0.646289050579071 35
1738770726487 0.6473047137260437 36
1738770726489 0.6502734422683716 37
1738770726490 0.6521875262260437 38
1738770726491 0.6518359184265137 39
1738770726492 0.6513281464576721 40
1738770726493 0.6549218893051147 41
1738770726495 0.6543359160423279 42
1738770726496 0.653124988079071 43
1738770726497 0.6651172041893005 44
1738770726499 0.658203125 45
1738770726500 0.6538671851158142 46
1738770726501 0.6586718559265137 47
1738770726502 0.6635937690734863 48
1738770726503 0.6537109613418579 49
1738770726506 0.6560937762260437 50
1738770726507 0.6647655963897705 51
1738770726508 0.660937488079071 52
1738770726510 0.6626172065734863 53
1738770726512 0.6632031202316284 54
1738770726515 0.6650000214576721 55
1738770726517 0.6658594012260437 56
1738770726519 0.6653515696525574 57
1738770726521 0.6646093726158142 58
1738770726524 0.6715624928474426 59
1738770726527 0.6642187237739563 60
1738770726530 0.6690234541893005 61
1738770726532 0.6679297089576721 62
1738770726535 0.6631640791893005 63
1738770726537 0.6697656512260437 64
1738770726539 0.6705859303474426 65
1738770726541 0.6652734279632568 66
1738770726545 0.6688671708106995 67
1738770726547 0.6685937643051147 68
1738770726550 0.6722265481948853 69
1738770726553 0.6712109446525574 70
1738770726555 0.6736719012260437 71
1738770726558 0.671875 72
1738770726561 0.6721093654632568 73
1738770726564 0.6675390601158142 74
1738770726568 0.6715624928474426 75
1738770726571 0.6750781536102295 76
1738770726573 0.6747656464576721 77
1738770726576 0.6707422137260437 78
1738770726579 0.6762890815734863 79
1738770726582 0.6743749976158142 80
1738770726585 0.6724218726158142 81
1738770726587 0.6755077838897705 82
1738770726590 0.6810547113418579 83
1738770726591 0.6790234446525574 84
1738770726594 0.6793749928474426 85
1738770726596 0.6732031106948853 86
1738770726598 0.6825000047683716 87
1738770726600 0.6756250262260437 88
1738770726603 0.6820312738418579 89
1738770726605 0.6812499761581421 90
1738770726607 0.6748828291893005 91
1738770726608 0.6839452981948853 92
1738770726609 0.6799218654632568 93
1738770726610 0.6809765696525574 94
1738770726612 0.6830859184265137 95
1738770726613 0.6840624809265137 96
1738770726614 0.6821874976158142 97
1738770726615 0.678906261920929 98
1738770726616 0.6820703148841858 99
1738770726617 0.6795312762260437 100
1738770726619 0.6806250214576721 101
1738770726620 0.6826171875 102
1738770726621 0.6805078387260437 103
1738770726622 0.6849218606948853 104
1738770726623 0.6783593893051147 105
1738770726624 0.6844531297683716 106
1738770726626 0.6864843964576721 107
1738770726627 0.6842187643051147 108
1738770726628 0.683789074420929 109
1738770726629 0.6829687356948853 110
1738770726630 0.6847265362739563 111
1738770726631 0.6838281154632568 112
1738770726633 0.6830078363418579 113
1738770726634 0.6853906512260437 114
1738770726635 0.6880859136581421 115
1738770726636 0.689453125 116
1738770726637 0.6889452934265137 117
1738770726638 0.6871484518051147 118
1738770726640 0.6828906536102295 119
