1738042561877 1.690743088722229 0
1738042561879 1.3307502269744873 1
1738042561880 1.152932047843933 2
1738042561881 1.0380799770355225 3
1738042561882 0.9615938067436218 4
1738042561883 0.9012020826339722 5
1738042561885 0.859701931476593 6
1738042561887 0.8342933058738708 7
1738042561888 0.7734933495521545 8
1738042561891 0.7515727877616882 9
1738042561893 0.734755277633667 10
1738042561895 0.7084073424339294 11
1738042561896 0.6906008124351501 12
1738042561897 0.6665818691253662 13
1738042561899 0.6461566090583801 14
1738042561900 0.6398733258247375 15
1738042561902 0.6348951458930969 16
1738042561904 0.6227166652679443 17
1738042561905 0.6137968897819519 18
1738042561905 0.589142382144928 19
1738042561906 0.5804499983787537 20
1738042561907 0.5737074017524719 21
1738042561908 0.5583858489990234 22
1738042561909 0.5461666584014893 23
1738042561910 0.5416411757469177 24
1738042561911 0.5356870293617249 25
1738042561912 0.5288898348808289 26
1738042561913 0.5190271139144897 27
1738042561914 0.516294538974762 28
1738042561915 0.4947410821914673 29
1738042561917 0.4941959083080292 30
1738042561919 0.4940420091152191 31
1738042561920 0.48639363050460815 32
1738042561921 0.4791797697544098 33
1738042561922 0.4735957384109497 34
1738042561923 0.47953906655311584 35
1738042561924 0.46431055665016174 36
1738042561925 0.45265883207321167 37
1738042561926 0.44756045937538147 38
1738042561927 0.4498228132724762 39
1738042561928 0.4653688669204712 40
1738042561929 0.4452386200428009 41
1738042561930 0.4341629147529602 42
1738042561931 0.43447887897491455 43
1738042561932 0.4296783208847046 44
1738042561933 0.4176827371120453 45
1738042561934 0.43570366501808167 46
1738042561935 0.41463229060173035 47
1738042561936 0.41673535108566284 48
1738042561937 0.40986424684524536 49
1738042561938 0.4060487747192383 50
1738042561939 0.4052044749259949 51
1738042561940 0.39823052287101746 52
1738042561941 0.3984527289867401 53
1738042561942 0.3920726776123047 54
1738042561943 0.4021364152431488 55
1738042561944 0.38756808638572693 56
1738042561945 0.38446512818336487 57
1738042561945 0.38414299488067627 58
1738042561946 0.3804972469806671 59
1738042561947 0.3773711919784546 60
1738042561948 0.3794191777706146 61
1738042561949 0.379434198141098 62
1738042561950 0.37512850761413574 63
1738042561951 0.377256840467453 64
1738042561952 0.37066423892974854 65
1738042561953 0.3680691123008728 66
1738042561954 0.3764820098876953 67
1738042561955 0.3732129633426666 68
1738042561956 0.37074512243270874 69
1738042561957 0.3629072606563568 70
1738042561958 0.352420836687088 71
1738042561959 0.360691100358963 72
1738042561960 0.3586193919181824 73
1738042561960 0.35479411482810974 74
1738042561961 0.3502906560897827 75
1738042561962 0.35151058435440063 76
1738042561963 0.3444479703903198 77
1738042561964 0.35499632358551025 78
1738042561965 0.33746418356895447 79
1738042561966 0.3472962975502014 80
1738042561967 0.3450765907764435 81
1738042561968 0.34333449602127075 82
1738042561969 0.3415824770927429 83
1738042561970 0.3456263840198517 84
