1738042561877 0.3344140648841858 0
1738042561879 0.49027344584465027 1
1738042561880 0.5667187571525574 2
1738042561881 0.617382824420929 3
1738042561882 0.6504296660423279 4
1738042561883 0.6803515553474426 5
1738042561885 0.7034765481948853 6
1738042561887 0.7158593535423279 7
1738042561888 0.7351171970367432 8
1738042561891 0.7450390458106995 9
1738042561893 0.7518359422683716 10
1738042561895 0.7630859613418579 11
1738042561896 0.7700390815734863 12
1738042561897 0.7769922018051147 13
1738042561899 0.7845703363418579 14
1738042561900 0.7851952910423279 15
1738042561902 0.7880859375 16
1738042561904 0.7919921875 17
1738042561905 0.79296875 18
1738042561905 0.8050390481948853 19
1738042561906 0.8045703172683716 20
1738042561907 0.8060937523841858 21
1738042561908 0.8109765648841858 22
1738042561909 0.8167187571525574 23
1738042561910 0.8178515434265137 24
1738042561911 0.8209375143051147 25
1738042561912 0.8213281035423279 26
1738042561913 0.8260937333106995 27
1738042561914 0.8245312571525574 28
1738042561915 0.8303124904632568 29
1738042561917 0.8338281512260437 30
1738042561919 0.8326562643051147 31
1738042561920 0.8351953029632568 32
1738042561921 0.8357812762260437 33
1738042561922 0.8381249904632568 34
1738042561923 0.8376171588897705 35
1738042561924 0.8419530987739563 36
1738042561925 0.8469921946525574 37
1738042561926 0.8466015458106995 38
1738042561927 0.8482421636581421 39
1738042561928 0.8433593511581421 40
1738042561929 0.8489453196525574 41
1738042561930 0.8518750071525574 42
1738042561931 0.8521875143051147 43
1738042561932 0.8520312309265137 44
1738042561933 0.8568750023841858 45
1738042561934 0.8500781059265137 46
1738042561935 0.8580077886581421 47
1738042561936 0.8590624928474426 48
1738042561937 0.8606640696525574 49
1738042561938 0.8599218726158142 50
1738042561939 0.8619921803474426 51
1738042561940 0.8628125190734863 52
1738042561941 0.8621875047683716 53
1738042561942 0.8654687404632568 54
1738042561943 0.8632422089576721 55
1738042561944 0.865039050579071 56
1738042561945 0.8676171898841858 57
1738042561945 0.8675000071525574 58
1738042561946 0.8685547113418579 59
1738042561947 0.8704687356948853 60
1738042561948 0.8685156106948853 61
1738042561949 0.870312511920929 62
1738042561950 0.8696093559265137 63
1738042561951 0.8702734112739563 64
1738042561952 0.870312511920929 65
1738042561953 0.8726171851158142 66
1738042561954 0.8696093559265137 67
1738042561955 0.8703515529632568 68
1738042561956 0.8721874952316284 69
1738042561957 0.8738672137260437 70
1738042561958 0.877148449420929 71
1738042561959 0.8744140863418579 72
1738042561960 0.8747656345367432 73
1738042561960 0.8774218559265137 74
1738042561961 0.8753515481948853 75
1738042561962 0.876953125 76
1738042561963 0.8774999976158142 77
1738042561964 0.8771874904632568 78
1738042561965 0.8800390362739563 79
1738042561966 0.8787500262260437 80
1738042561967 0.8760547041893005 81
1738042561968 0.8793749809265137 82
1738042561969 0.8798437714576721 83
1738042561970 0.8792577981948853 84
