1738771132724 0.25589844584465027 0
1738771132725 0.33699217438697815 1
1738771132727 0.3828125 2
1738771132730 0.4085937440395355 3
1738771132733 0.43605467677116394 4
1738771132736 0.4464453160762787 5
1738771132739 0.46296873688697815 6
1738771132740 0.47652342915534973 7
1738771132742 0.4866015613079071 8
1738771132743 0.4965234398841858 9
1738771132745 0.5065234303474426 10
1738771132746 0.5206640362739563 11
1738771132747 0.5210937261581421 12
1738771132749 0.5325781106948853 13
1738771132750 0.5408594012260437 14
1738771132751 0.5484765768051147 15
1738771132753 0.5468359589576721 16
1738771132754 0.552539050579071 17
1738771132757 0.5636327862739563 18
1738771132759 0.5648437738418579 19
1738771132762 0.570117175579071 20
1738771132764 0.5738281011581421 21
1738771132765 0.5822656154632568 22
1738771132767 0.5810546875 23
1738771132770 0.5892578363418579 24
1738771132772 0.5830078125 25
1738771132774 0.5921875238418579 26
1738771132775 0.5942578315734863 27
1738771132777 0.5992578268051147 28
1738771132779 0.6041015386581421 29
1738771132780 0.6086719036102295 30
1738771132782 0.612500011920929 31
1738771132785 0.6152734160423279 32
1738771132787 0.6154687404632568 33
1738771132788 0.6188281178474426 34
1738771132790 0.6207812428474426 35
1738771132791 0.6244140863418579 36
1738771132792 0.628710925579071 37
1738771132794 0.6346094012260437 38
1738771132795 0.6339452862739563 39
1738771132797 0.6393749713897705 40
1738771132798 0.6410156488418579 41
1738771132799 0.6405859589576721 42
1738771132800 0.645703136920929 43
1738771132802 0.6489062309265137 44
1738771132803 0.6473047137260437 45
1738771132804 0.6494140625 46
1738771132805 0.6481249928474426 47
1738771132806 0.6496875286102295 48
1738771132808 0.6563671827316284 49
1738771132809 0.6584765911102295 50
1738771132810 0.6611718535423279 51
1738771132811 0.6681249737739563 52
1738771132812 0.6668750047683716 53
1738771132814 0.6756250262260437 54
1738771132815 0.667773425579071 55
1738771132816 0.6715624928474426 56
1738771132817 0.6729297041893005 57
1738771132819 0.674023449420929 58
1738771132820 0.6785937547683716 59
1738771132821 0.6782812476158142 60
1738771132823 0.6796093583106995 61
1738771132824 0.6839452981948853 62
1738771132825 0.6808202862739563 63
1738771132826 0.6891015768051147 64
1738771132828 0.6883984208106995 65
1738771132829 0.6917968988418579 66
1738771132830 0.6891796588897705 67
1738771132831 0.6938672065734863 68
1738771132832 0.6913281083106995 69
1738771132834 0.6962890625 70
1738771132835 0.6940234303474426 71
1738771132836 0.6987500190734863 72
1738771132837 0.702343761920929 73
1738771132838 0.6994922161102295 74
1738771132840 0.6970312595367432 75
1738771132841 0.7032031416893005 76
1738771132842 0.7038671970367432 77
1738771132843 0.7074609398841858 78
1738771132844 0.7062890529632568 79
1738771132846 0.7099218964576721 80
1738771132847 0.708984375 81
1738771132848 0.7128124833106995 82
1738771132849 0.7152343988418579 83
1738771132851 0.7162109613418579 84
1738771132852 0.7144922018051147 85
1738771132853 0.7168750166893005 86
1738771132854 0.7189062237739563 87
1738771132855 0.7196875214576721 88
1738771132857 0.7186328172683716 89
1738771132858 0.7216796875 90
1738771132859 0.7219921946525574 91
1738771132860 0.7233593463897705 92
1738771132862 0.7218359112739563 93
1738771132863 0.7291796803474426 94
1738771132865 0.7295312285423279 95
1738771132866 0.7242968678474426 96
1738771132868 0.7273828387260437 97
1738771132869 0.7354297041893005 98
1738771132870 0.7308984398841858 99
1738771132872 0.7316015362739563 100
1738771132874 0.7321093678474426 101
1738771132875 0.7321093678474426 102
1738771132878 0.7311328053474426 103
1738771132881 0.7298046946525574 104
1738771132883 0.7295703291893005 105
1738771132886 0.7367968559265137 106
1738771132888 0.7331249713897705 107
1738771132891 0.7373046875 108
1738771132893 0.7423046827316284 109
1738771132895 0.7388281226158142 110
1738771132897 0.7406250238418579 111
1738771132900 0.7441796660423279 112
1738771132902 0.743945300579071 113
1738771132905 0.7484765648841858 114
1738771132908 0.739453136920929 115
1738771132911 0.7469921708106995 116
1738771132913 0.7397656440734863 117
1738771132916 0.7466406226158142 118
1738771132919 0.7474609613418579 119
