1738771132724 1.865216851234436 0
1738771132725 1.6306759119033813 1
1738771132727 1.550246000289917 2
1738771132730 1.4983404874801636 3
1738771132733 1.4373462200164795 4
1738771132736 1.403691291809082 5
1738771132739 1.365296483039856 6
1738771132740 1.3397157192230225 7
1738771132742 1.3094727993011475 8
1738771132743 1.2903653383255005 9
1738771132745 1.2666354179382324 10
1738771132746 1.2400591373443604 11
1738771132747 1.2324057817459106 12
1738771132749 1.2131932973861694 13
1738771132750 1.1942487955093384 14
1738771132751 1.1767314672470093 15
1738771132753 1.1733072996139526 16
1738771132754 1.1523603200912476 17
1738771132757 1.1395732164382935 18
1738771132759 1.1360341310501099 19
1738771132762 1.1225923299789429 20
1738771132764 1.1060682535171509 21
1738771132765 1.088364839553833 22
1738771132767 1.0910518169403076 23
1738771132770 1.0814502239227295 24
1738771132772 1.0827792882919312 25
1738771132774 1.062269926071167 26
1738771132775 1.058333158493042 27
1738771132777 1.040922999382019 28
1738771132779 1.0418505668640137 29
1738771132780 1.0249907970428467 30
1738771132782 1.023577094078064 31
1738771132785 1.0176551342010498 32
1738771132787 1.0068243741989136 33
1738771132788 1.0115289688110352 34
1738771132790 0.9996957182884216 35
1738771132791 0.9972853660583496 36
1738771132792 0.9838434457778931 37
1738771132794 0.9760561585426331 38
1738771132795 0.9639187455177307 39
1738771132797 0.9578993320465088 40
1738771132798 0.9588607549667358 41
1738771132799 0.9570586681365967 42
1738771132800 0.9500290155410767 43
1738771132802 0.9432966709136963 44
1738771132803 0.9367120862007141 45
1738771132804 0.9360526204109192 46
1738771132805 0.9375532269477844 47
1738771132806 0.9302412271499634 48
1738771132808 0.9160993099212646 49
1738771132809 0.9125593304634094 50
1738771132810 0.9055575728416443 51
1738771132811 0.9013012647628784 52
1738771132812 0.8995091319084167 53
1738771132814 0.887745201587677 54
1738771132815 0.8929903507232666 55
1738771132816 0.8852246999740601 56
1738771132817 0.8817124962806702 57
1738771132819 0.878387987613678 58
1738771132820 0.8716294765472412 59
1738771132821 0.8665927052497864 60
1738771132823 0.861367404460907 61
1738771132824 0.8597477078437805 62
1738771132825 0.8679829239845276 63
1738771132826 0.8489787578582764 64
1738771132828 0.8461399674415588 65
1738771132829 0.8488941788673401 66
1738771132830 0.8448641896247864 67
1738771132831 0.8305445909500122 68
1738771132832 0.8375032544136047 69
1738771132834 0.8334574103355408 70
1738771132835 0.8319814205169678 71
1738771132836 0.8244495987892151 72
1738771132837 0.821317732334137 73
1738771132838 0.8217705488204956 74
1738771132840 0.8217583298683167 75
1738771132841 0.8175854682922363 76
1738771132842 0.8131375908851624 77
1738771132843 0.800597608089447 78
1738771132844 0.8056618571281433 79
1738771132846 0.8026738166809082 80
1738771132847 0.8009254932403564 81
1738771132848 0.7945049405097961 82
1738771132849 0.7940216660499573 83
1738771132851 0.7874624729156494 84
1738771132852 0.7818677425384521 85
1738771132853 0.7924976944923401 86
1738771132854 0.7791622877120972 87
1738771132855 0.7777363657951355 88
1738771132857 0.7806729078292847 89
1738771132858 0.7689864635467529 90
1738771132859 0.771676242351532 91
1738771132860 0.7688788771629333 92
1738771132862 0.7756083607673645 93
1738771132863 0.757388174533844 94
1738771132865 0.7571706175804138 95
1738771132866 0.7596172094345093 96
1738771132868 0.7662069797515869 97
1738771132869 0.7438642978668213 98
1738771132870 0.7524207830429077 99
1738771132872 0.745677649974823 100
1738771132874 0.747214674949646 101
1738771132875 0.7473341226577759 102
1738771132878 0.7494072914123535 103
1738771132881 0.7475169897079468 104
1738771132883 0.7434396147727966 105
1738771132886 0.7355452179908752 106
1738771132888 0.749112069606781 107
1738771132891 0.7374809980392456 108
1738771132893 0.7227363586425781 109
1738771132895 0.7305493354797363 110
1738771132897 0.7269592881202698 111
1738771132900 0.7256262302398682 112
1738771132902 0.7263075113296509 113
1738771132905 0.7096088528633118 114
1738771132908 0.7220746874809265 115
1738771132911 0.7143693566322327 116
1738771132913 0.7259489297866821 117
1738771132916 0.7100538015365601 118
1738771132919 0.7088506817817688 119
