1738371010886 2.463165521621704 0
1738371010888 1.8922542333602905 1
1738371010889 1.779554009437561 2
1738371010890 1.6819519996643066 3
1738371010892 1.583544135093689 4
1738371010893 1.5115257501602173 5
1738371010895 1.4545495510101318 6
1738371010896 1.400436282157898 7
1738371010898 1.3517907857894897 8
1738371010899 1.2932357788085938 9
1738371010901 1.246303915977478 10
1738371010902 1.1948505640029907 11
1738371010903 1.1331422328948975 12
1738371010904 1.075011968612671 13
1738371010906 1.023532748222351 14
1738371010907 0.9927892088890076 15
1738371010909 0.9612169861793518 16
1738371010911 0.9237269759178162 17
1738371010912 0.8695310950279236 18
1738371010913 0.8356330990791321 19
1738371010915 0.7938748002052307 20
1738371010916 0.7727437615394592 21
1738371010917 0.7417276501655579 22
1738371010918 0.7066608667373657 23
1738371010919 0.6909116506576538 24
1738371010921 0.6642417907714844 25
1738371010923 0.643398642539978 26
1738371010924 0.631863534450531 27
1738371010925 0.6192822456359863 28
1738371010927 0.5997915863990784 29
1738371010929 0.5804469585418701 30
1738371010930 0.5661741495132446 31
1738371010931 0.5622913837432861 32
1738371010933 0.5565793514251709 33
1738371010935 0.5475971102714539 34
1738371010936 0.5265474915504456 35
1738371010938 0.5162020325660706 36
1738371010940 0.5133004188537598 37
1738371010942 0.5072157382965088 38
1738371010944 0.5010485649108887 39
1738371010946 0.4888059198856354 40
1738371010948 0.4803833067417145 41
1738371010950 0.4762685000896454 42
1738371010952 0.4734492897987366 43
1738371010954 0.46490761637687683 44
1738371010956 0.4570557773113251 45
1738371010958 0.4598098397254944 46
1738371010960 0.4523557424545288 47
1738371010962 0.4439292550086975 48
1738371010963 0.43327444791793823 49
1738371010964 0.43710562586784363 50
1738371010966 0.4275493323802948 51
1738371010968 0.4255710542201996 52
1738371010970 0.4179939329624176 53
1738371010972 0.4116840660572052 54
1738371010974 0.41530510783195496 55
1738371010976 0.4068600535392761 56
1738371010978 0.4049340486526489 57
1738371010980 0.4069693088531494 58
1738371010982 0.40207576751708984 59
1738371010983 0.3965742588043213 60
1738371010984 0.3844704329967499 61
1738371010986 0.38825052976608276 62
1738371010987 0.39025765657424927 63
1738371010988 0.38519591093063354 64
1738371010989 0.37718409299850464 65
1738371010990 0.37553244829177856 66
1738371010991 0.37798160314559937 67
1738371010993 0.3713605999946594 68
1738371010994 0.37136271595954895 69
1738371010995 0.36886200308799744 70
1738371010996 0.3641541302204132 71
1738371010997 0.3560307025909424 72
1738371010998 0.3555954098701477 73
1738371011000 0.363844096660614 74
1738371011001 0.3565443754196167 75
1738371011002 0.35333386063575745 76
1738371011003 0.3458043336868286 77
1738371011004 0.3454674780368805 78
1738371011005 0.34941279888153076 79
1738371011007 0.3411450982093811 80
1738371011008 0.3416040539741516 81
1738371011009 0.33911293745040894 82
1738371011010 0.3372578024864197 83
1738371011011 0.33683377504348755 84
1738371011012 0.32777082920074463 85
1738371011013 0.3371746838092804 86
1738371011015 0.3282574415206909 87
1738371011016 0.326702356338501 88
1738371011017 0.3278661072254181 89
1738371011018 0.32361578941345215 90
1738371011019 0.3221474885940552 91
1738371011020 0.32420241832733154 92
1738371011022 0.32169249653816223 93
1738371011023 0.3200913965702057 94
1738371011024 0.3145570456981659 95
1738371011025 0.31874799728393555 96
1738371011026 0.32057979702949524 97
1738371011027 0.30463066697120667 98
1738371011029 0.30765679478645325 99
1738371011030 0.3030652403831482 100
1738371011031 0.3029085099697113 101
1738371011032 0.30417296290397644 102
1738371011033 0.30363208055496216 103
1738371011034 0.3027741014957428 104
1738371011036 0.30442818999290466 105
1738371011037 0.2985372543334961 106
1738371011038 0.29919326305389404 107
1738371011039 0.30267372727394104 108
1738371011040 0.2999045252799988 109
1738371011041 0.29406169056892395 110
1738371011043 0.2949739694595337 111
1738371011044 0.30056285858154297 112
1738371011045 0.29012033343315125 113
1738371011046 0.29061898589134216 114
1738371011047 0.2938714921474457 115
1738371011048 0.29418259859085083 116
1738371011050 0.2823532819747925 117
1738371011051 0.2878364324569702 118
