1738371010886 0.18542969226837158 0
1738371010888 0.21976561844348907 1
1738371010889 0.26597654819488525 2
1738371010890 0.29765623807907104 3
1738371010892 0.33574217557907104 4
1738371010893 0.3694140613079071 5
1738371010895 0.4022265672683716 6
1738371010896 0.43531250953674316 7
1738371010898 0.46460938453674316 8
1738371010899 0.48679688572883606 9
1738371010901 0.5074218511581421 10
1738371010902 0.5321093797683716 11
1738371010903 0.560742199420929 12
1738371010904 0.5873827934265137 13
1738371010906 0.6104687452316284 14
1738371010907 0.6320703029632568 15
1738371010909 0.6496875286102295 16
1738371010911 0.6667578220367432 17
1738371010912 0.6966406106948853 18
1738371010913 0.7133984565734863 19
1738371010915 0.7262890338897705 20
1738371010916 0.740429699420929 21
1738371010917 0.7544140815734863 22
1738371010918 0.7682031393051147 23
1738371010919 0.7749218940734863 24
1738371010921 0.7838671803474426 25
1738371010923 0.7925781011581421 26
1738371010924 0.7969531416893005 27
1738371010925 0.8023437261581421 28
1738371010927 0.8121093511581421 29
1738371010929 0.8174218535423279 30
1738371010930 0.8212890625 31
1738371010931 0.8235546946525574 32
1738371010933 0.8280859589576721 33
1738371010935 0.8277343511581421 34
1738371010936 0.8354296684265137 35
1738371010938 0.8383593559265137 36
1738371010940 0.8412500023841858 37
1738371010942 0.8426172137260437 38
1738371010944 0.8453515768051147 39
1738371010946 0.8474218845367432 40
1738371010948 0.8549609184265137 41
1738371010950 0.8560937643051147 42
1738371010952 0.8553906083106995 43
1738371010954 0.8558202981948853 44
1738371010956 0.8610937595367432 45
1738371010958 0.8600000143051147 46
1738371010960 0.8623437285423279 47
1738371010962 0.8645312786102295 48
1738371010963 0.8668749928474426 49
1738371010964 0.8680859208106995 50
1738371010966 0.8719921708106995 51
1738371010968 0.8709765672683716 52
1738371010970 0.8723828196525574 53
1738371010972 0.875 54
1738371010974 0.8732030987739563 55
1738371010976 0.8770703077316284 56
1738371010978 0.875781238079071 57
1738371010980 0.8770703077316284 58
1738371010982 0.8775390386581421 59
1738371010983 0.8811328411102295 60
1738371010984 0.8843749761581421 61
1738371010986 0.8809375166893005 62
1738371010987 0.8808984160423279 63
1738371010988 0.8854296803474426 64
1738371010989 0.885546863079071 65
1738371010990 0.8875781297683716 66
1738371010991 0.8871484398841858 67
1738371010993 0.8891406059265137 68
1738371010994 0.8876953125 69
1738371010995 0.890429675579071 70
1738371010996 0.8916406035423279 71
1738371010997 0.8928515911102295 72
1738371010998 0.8931640386581421 73
1738371011000 0.8920702934265137 74
1738371011001 0.8929296731948853 75
1738371011002 0.8955468535423279 76
1738371011003 0.8955859541893005 77
1738371011004 0.8973437547683716 78
1738371011005 0.8953515887260437 79
1738371011007 0.8981249928474426 80
1738371011008 0.8986718654632568 81
1738371011009 0.8989453315734863 82
1738371011010 0.8973437547683716 83
1738371011011 0.9008593559265137 84
1738371011012 0.9029296636581421 85
1738371011013 0.8982031345367432 86
1738371011015 0.9024999737739563 87
1738371011016 0.9018750190734863 88
1738371011017 0.9031640887260437 89
1738371011018 0.9029687643051147 90
1738371011019 0.9040625095367432 91
1738371011020 0.903124988079071 92
1738371011022 0.9047656059265137 93
1738371011023 0.9049218893051147 94
1738371011024 0.9061328172683716 95
1738371011025 0.9062109589576721 96
1738371011026 0.9022656083106995 97
1738371011027 0.9098437428474426 98
1738371011029 0.9089453220367432 99
1738371011030 0.9105468988418579 100
1738371011031 0.9090625047683716 101
1738371011032 0.9076952934265137 102
1738371011033 0.9099218845367432 103
1738371011034 0.9086718559265137 104
1738371011036 0.9092578291893005 105
1738371011037 0.9106249809265137 106
1738371011038 0.9107812643051147 107
1738371011039 0.9121484160423279 108
1738371011040 0.9112499952316284 109
1738371011041 0.9112499952316284 110
1738371011043 0.9111718535423279 111
1738371011044 0.9135546684265137 112
1738371011045 0.9125000238418579 113
1738371011046 0.9141796827316284 114
1738371011047 0.9137109518051147 115
1738371011048 0.9153906106948853 116
1738371011050 0.9157031178474426 117
1738371011051 0.9157421588897705 118
