1738444841607 2.1327974796295166 0
1738444841610 2.1306161880493164 1
1738444841611 2.2083194255828857 2
1738444841612 1.8930010795593262 3
1738444841614 62.50383377075195 4
1738444841617 10.929862976074219 5
1738444841620 5.3436174392700195 6
1738444841622 4.145838737487793 7
1738444841624 3.4870150089263916 8
1738444841626 3.075125217437744 9
1738444841628 2.970775842666626 10
1738444841629 3.144634485244751 11
1738444841630 2.7902626991271973 12
1738444841634 2.862029790878296 13
1738444841636 2.2713706493377686 14
1738444841639 2.5253634452819824 15
1738444841641 2.304842948913574 16
1738444841643 2.131512403488159 17
1738444841645 2.191695213317871 18
1738444841648 2.0936429500579834 19
1738444841650 1.9818005561828613 20
1738444841652 2.0080695152282715 21
1738444841655 2.1265573501586914 22
1738444841658 2.055227756500244 23
1738444841659 2.7861905097961426 24
1738444841661 169.62181091308594 25
1738444841664 26.482351303100586 26
1738444841667 7.98629903793335 27
1738444841671 5.9758405685424805 28
1738444841674 4.822601795196533 29
1738444841677 4.078516006469727 30
1738444841679 3.535505771636963 31
1738444841680 3.156325340270996 32
1738444841684 2.960650682449341 33
1738444841685 2.68040132522583 34
1738444841687 4.417680740356445 35
1738444841688 4.2051286697387695 36
1738444841690 2.624537706375122 37
1738444841692 2.374357223510742 38
1738444841693 2.711578607559204 39
1738444841695 4.181128025054932 40
1738444841697 2.943887710571289 41
1738444841699 2.079815626144409 42
1738444841702 1.9915603399276733 43
1738444841704 2.0461506843566895 44
1738444841706 2.456775188446045 45
1738444841708 2.1865274906158447 46
1738444841710 1.9611785411834717 47
1738444841711 2.1187288761138916 48
1738444841712 2.360795497894287 49
1738444841714 2.110293388366699 50
1738444841716 1.9853544235229492 51
1738444841719 2.0667002201080322 52
1738444841720 29.033910751342773 53
1738444841721 117.82028198242188 54
1738444841723 8.279119491577148 55
1738444841724 5.513800144195557 56
1738444841725 4.353349208831787 57
1738444841727 3.6967427730560303 58
1738444841728 3.2630538940429688 59
1738444841729 2.9482598304748535 60
1738444841730 3.042919397354126 61
1738444841733 3.1578736305236816 62
1738444841735 2.5685393810272217 63
1738444841736 2.840423822402954 64
1738444841737 3.598299264907837 65
1738444841739 2.2692790031433105 66
1738444841741 2.1575002670288086 67
1738444841742 2.108525037765503 68
1738444841743 2.4911508560180664 69
1738444841744 2.378293037414551 70
1738444841745 2.1439456939697266 71
1738444841747 4.453292369842529 72
1738444841749 2.6780436038970947 73
1738444841751 2.0269012451171875 74
1738444841753 1.9686431884765625 75
1738444841754 1.961220383644104 76
1738444841755 1.9354091882705688 77
1738444841757 1.947980523109436 78
1738444841758 1.9434733390808105 79
1738444841759 1.961804986000061 80
1738444841760 1.9254615306854248 81
1738444841762 2.001248359680176 82
1738444841763 132.74461364746094 83
1738444841765 21.111591339111328 84
1738444841767 7.302043437957764 85
1738444841769 5.401884078979492 86
1738444841770 4.349274158477783 87
1738444841772 3.664907217025757 88
1738444841773 3.20552921295166 89
1738444841774 2.8593361377716064 90
1738444841776 2.625218152999878 91
1738444841777 2.4513254165649414 92
1738444841778 2.3985822200775146 93
1738444841779 2.5782227516174316 94
1738444841780 3.2818028926849365 95
1738444841783 2.4809534549713135 96
1738444841785 2.1058003902435303 97
1738444841786 2.1429648399353027 98
1738444841788 2.5613977909088135 99
1738444841789 2.070094347000122 100
1738444841791 1.9858827590942383 101
1738444841792 1.9842332601547241 102
1738444841793 2.0148608684539795 103
1738444841794 2.038335084915161 104
1738444841795 1.9838588237762451 105
1738444841797 1.9717686176300049 106
1738444841799 2.106809616088867 107
1738444841802 41.130096435546875 108
1738444841804 71.98847961425781 109
1738444841805 5.706618785858154 110
1738444841807 4.009626865386963 111
1738444841808 3.3324878215789795 112
1738444841810 2.937652587890625 113
1738444841812 2.657712936401367 114
1738444841814 2.507728338241577 115
1738444841816 2.463362216949463 116
1738444841818 2.7157070636749268 117
1738444841820 2.76545786857605 118
1738444841821 3.0565261840820312 119
