1738444841607 0.18753905594348907 0
1738444841610 0.19738280773162842 1
1738444841611 0.17761719226837158 2
1738444841612 0.2105078101158142 3
1738444841614 0.1763281226158142 4
1738444841617 0.16906249523162842 5
1738444841620 0.17042969167232513 6
1738444841622 0.1724218726158142 7
1738444841624 0.16367188096046448 8
1738444841626 0.16800780594348907 9
1738444841628 0.17199218273162842 10
1738444841629 0.16648437082767487 11
1738444841630 0.1675390601158142 12
1738444841634 0.1707421839237213 13
1738444841636 0.16933593153953552 14
1738444841639 0.171875 15
1738444841641 0.17015625536441803 16
1738444841643 0.16875000298023224 17
1738444841645 0.17113281786441803 18
1738444841648 0.16691406071186066 19
1738444841650 0.1708984375 20
1738444841652 0.1724218726158142 21
1738444841655 0.171875 22
1738444841658 0.1711718738079071 23
1738444841659 0.1674218773841858 24
1738444841661 0.16835936903953552 25
1738444841664 0.1701953113079071 26
1738444841667 0.16785156726837158 27
1738444841671 0.1697656214237213 28
1738444841674 0.16855469346046448 29
1738444841677 0.1655859351158142 30
1738444841679 0.17003905773162842 31
1738444841680 0.16886718571186066 32
1738444841684 0.1658593714237213 33
1738444841685 0.16402344405651093 34
1738444841687 0.17031249403953552 35
1738444841688 0.162109375 36
1738444841690 0.16566406190395355 37
1738444841692 0.16750000417232513 38
1738444841693 0.1689453125 39
1738444841695 0.1664453148841858 40
1738444841697 0.17125000059604645 41
1738444841699 0.1689453125 42
1738444841702 0.16472655534744263 43
1738444841704 0.16828125715255737 44
1738444841706 0.16453124582767487 45
1738444841708 0.16414062678813934 46
1738444841710 0.17023438215255737 47
1738444841711 0.17058593034744263 48
1738444841712 0.16800780594348907 49
1738444841714 0.17371094226837158 50
1738444841716 0.1721484363079071 51
1738444841719 0.17449218034744263 52
1738444841720 0.1682421863079071 53
1738444841721 0.16374999284744263 54
1738444841723 0.1723046898841858 55
1738444841724 0.16703124344348907 56
1738444841725 0.1685156226158142 57
1738444841727 0.16796875 58
1738444841728 0.16882812976837158 59
1738444841729 0.16539062559604645 60
1738444841730 0.16871093213558197 61
1738444841733 0.16347655653953552 62
1738444841735 0.16835936903953552 63
1738444841736 0.16968749463558197 64
1738444841737 0.16660156846046448 65
1738444841739 0.1650390625 66
1738444841741 0.16734375059604645 67
1738444841742 0.16886718571186066 68
1738444841743 0.16968749463558197 69
1738444841744 0.16515624523162842 70
1738444841745 0.1710546910762787 71
1738444841747 0.17414063215255737 72
1738444841749 0.16347655653953552 73
1738444841751 0.16707031428813934 74
1738444841753 0.17054687440395355 75
1738444841754 0.17156249284744263 76
1738444841755 0.1766015589237213 77
1738444841757 0.17414063215255737 78
1738444841758 0.1886328160762787 79
1738444841759 0.1733984351158142 80
1738444841760 0.18480469286441803 81
1738444841762 0.1870703101158142 82
1738444841763 0.16718749701976776 83
1738444841765 0.16457031667232513 84
1738444841767 0.16132812201976776 85
1738444841769 0.17097656428813934 86
1738444841770 0.16382811963558197 87
1738444841772 0.16855469346046448 88
1738444841773 0.1675390601158142 89
1738444841774 0.16710937023162842 90
1738444841776 0.1714453101158142 91
1738444841777 0.1661718785762787 92
1738444841778 0.1667187511920929 93
1738444841779 0.1693750023841858 94
1738444841780 0.1735546886920929 95
1738444841783 0.17136718332767487 96
1738444841785 0.16886718571186066 97
1738444841786 0.16710937023162842 98
1738444841788 0.16746093332767487 99
1738444841789 0.16902343928813934 100
1738444841791 0.1662890613079071 101
1738444841792 0.1681250035762787 102
1738444841793 0.16941405832767487 103
1738444841794 0.16625000536441803 104
1738444841795 0.16761718690395355 105
1738444841797 0.17636719346046448 106
1738444841799 0.1735546886920929 107
1738444841802 0.16859374940395355 108
1738444841804 0.1657421886920929 109
1738444841805 0.17000000178813934 110
1738444841807 0.16929687559604645 111
1738444841808 0.17054687440395355 112
1738444841810 0.16863280534744263 113
1738444841812 0.17499999701976776 114
1738444841814 0.16242188215255737 115
1738444841816 0.16925781965255737 116
1738444841818 0.16562500596046448 117
1738444841820 0.17687499523162842 118
1738444841821 0.1706250011920929 119
