1738631861292 0.5237890481948853 0
1738631861295 0.6383984088897705 1
1738631861297 0.6895312666893005 2
1738631861299 0.7184765338897705 3
1738631861301 0.7407031059265137 4
1738631861303 0.751171886920929 5
1738631861305 0.7615625262260437 6
1738631861307 0.7674219012260437 7
1738631861309 0.7798437476158142 8
1738631861311 0.7841406464576721 9
1738631861313 0.7863671779632568 10
1738631861314 0.792187511920929 11
1738631861315 0.7992968559265137 12
1738631861316 0.8034765720367432 13
1738631861317 0.8040624856948853 14
1738631861318 0.8101953268051147 15
1738631861319 0.815234363079071 16
1738631861320 0.8121093511581421 17
1738631861321 0.8139062523841858 18
1738631861323 0.8174999952316284 19
1738631861324 0.8221484422683716 20
1738631861325 0.8202734589576721 21
1738631861327 0.8250781297683716 22
1738631861328 0.8248437643051147 23
1738631861329 0.8220312595367432 24
1738631861330 0.8239452838897705 25
1738631861331 0.8305078148841858 26
1738631861332 0.8282421827316284 27
1738631861333 0.8324609398841858 28
1738631861334 0.8315625190734863 29
1738631861335 0.8309765458106995 30
1738631861336 0.8341405987739563 31
1738631861337 0.8334765434265137 32
1738631861339 0.8349609375 33
1738631861340 0.8360156416893005 34
1738631861341 0.8373437523841858 35
1738631861342 0.8396875262260437 36
1738631861343 0.838671863079071 37
1738631861344 0.839648425579071 38
1738631861345 0.8389453291893005 39
1738631861346 0.8442578315734863 40
1738631861347 0.8399999737739563 41
1738631861348 0.8411718606948853 42
1738631861350 0.8470312356948853 43
1738631861351 0.8409374952316284 44
1738631861352 0.8444140553474426 45
1738631861353 0.8467187285423279 46
1738631861354 0.8427734375 47
1738631861355 0.8425390720367432 48
1738631861356 0.8439062237739563 49
1738631861357 0.8453906178474426 50
1738631861358 0.8511328101158142 51
1738631861359 0.8501172065734863 52
1738631861360 0.8471093773841858 53
1738631861361 0.8466015458106995 54
1738631861362 0.8459374904632568 55
1738631861364 0.8461718559265137 56
1738631861365 0.8518359661102295 57
1738631861366 0.847851574420929 58
1738631861367 0.8484765887260437 59
1738631861368 0.8484765887260437 60
1738631861369 0.845898449420929 61
1738631861370 0.8525000214576721 62
1738631861371 0.8534374833106995 63
1738631861372 0.8530859351158142 64
1738631861373 0.8537499904632568 65
1738631861374 0.8557812571525574 66
1738631861375 0.8498437404632568 67
1738631861376 0.8586328029632568 68
1738631861377 0.8529297113418579 69
1738631861378 0.8567578196525574 70
1738631861379 0.8536718487739563 71
1738631861380 0.8534374833106995 72
1738631861382 0.8530468940734863 73
1738631861383 0.8580077886581421 74
1738631861384 0.8538281321525574 75
1738631861385 0.8550390601158142 76
1738631861386 0.8559765815734863 77
1738631861387 0.8553125262260437 78
1738631861388 0.8588671684265137 79
1738631861389 0.8525390625 80
1738631861390 0.8588281273841858 81
1738631861391 0.857226550579071 82
1738631861392 0.8589843511581421 83
1738631861393 0.8606250286102295 84
1738631861394 0.852734386920929 85
1738631861395 0.8558593988418579 86
1738631861396 0.8597265481948853 87
1738631861397 0.8579297065734863 88
1738631861399 0.857617199420929 89
1738631861400 0.8580859303474426 90
1738631861401 0.8614062666893005 91
1738631861402 0.8632422089576721 92
1738631861403 0.8603125214576721 93
1738631861404 0.859179675579071 94
1738631861405 0.8581249713897705 95
1738631861406 0.8598046898841858 96
1738631861407 0.8632031083106995 97
1738631861408 0.8637109398841858 98
1738631861409 0.8633984327316284 99
1738631861410 0.8633593916893005 100
1738631861411 0.863085925579071 101
1738631861412 0.8632422089576721 102
1738631861413 0.8600780963897705 103
1738631861414 0.8628125190734863 104
1738631861415 0.8619140386581421 105
1738631861416 0.86328125 106
1738631861418 0.8596875071525574 107
1738631861419 0.8657812476158142 108
1738631861420 0.8628906011581421 109
1738631861421 0.8627734184265137 110
1738631861422 0.8622265458106995 111
1738631861423 0.8653905987739563 112
1738631861424 0.8638281226158142 113
1738631861425 0.8667968511581421 114
1738631861426 0.8651953339576721 115
1738631861427 0.8618359565734863 116
1738631861428 0.8650000095367432 117
1738631861429 0.8653515577316284 118
1738631861430 0.8650781512260437 119
