1738631861292 1.238050103187561 0
1738631861295 0.9740850329399109 1
1738631861297 0.8597627878189087 2
1738631861299 0.7879878878593445 3
1738631861301 0.7339859008789062 4
1738631861303 0.703542172908783 5
1738631861305 0.6832436323165894 6
1738631861307 0.6565549373626709 7
1738631861309 0.6324342489242554 8
1738631861311 0.6179918050765991 9
1738631861313 0.6151681542396545 10
1738631861314 0.6044275760650635 11
1738631861315 0.5792484879493713 12
1738631861316 0.5695973038673401 13
1738631861317 0.5720126628875732 14
1738631861318 0.5599536299705505 15
1738631861319 0.5468671321868896 16
1738631861320 0.5509941577911377 17
1738631861321 0.5405673980712891 18
1738631861323 0.5369898080825806 19
1738631861324 0.5236161947250366 20
1738631861325 0.533052921295166 21
1738631861327 0.5237658023834229 22
1738631861328 0.5082057118415833 23
1738631861329 0.515159547328949 24
1738631861330 0.5120881199836731 25
1738631861331 0.5071315169334412 26
1738631861332 0.510980486869812 27
1738631861333 0.49738380312919617 28
1738631861334 0.4971054792404175 29
1738631861335 0.4968172311782837 30
1738631861336 0.4968149662017822 31
1738631861337 0.4937892258167267 32
1738631861339 0.48397907614707947 33
1738631861340 0.4871601164340973 34
1738631861341 0.4848404824733734 35
1738631861342 0.47557318210601807 36
1738631861343 0.47438815236091614 37
1738631861344 0.4777826964855194 38
1738631861345 0.4800358712673187 39
1738631861346 0.46520668268203735 40
1738631861347 0.4772226810455322 41
1738631861348 0.46820950508117676 42
1738631861350 0.462951123714447 43
1738631861351 0.46849358081817627 44
1738631861352 0.46078455448150635 45
1738631861353 0.4562931954860687 46
1738631861354 0.46601754426956177 47
1738631861355 0.46195441484451294 48
1738631861356 0.46386080980300903 49
1738631861357 0.4682873487472534 50
1738631861358 0.45195841789245605 51
1738631861359 0.44652479887008667 52
1738631861360 0.4525843560695648 53
1738631861361 0.44974902272224426 54
1738631861362 0.4593384563922882 55
1738631861364 0.45118239521980286 56
1738631861365 0.4446444809436798 57
1738631861366 0.4499758780002594 58
1738631861367 0.45196399092674255 59
1738631861368 0.44862183928489685 60
1738631861369 0.4567398726940155 61
1738631861370 0.4431746006011963 62
1738631861371 0.43755924701690674 63
1738631861372 0.43804609775543213 64
1738631861373 0.4417855441570282 65
1738631861374 0.4345168173313141 66
1738631861375 0.44712573289871216 67
1738631861376 0.42457282543182373 68
1738631861377 0.4394088387489319 69
1738631861378 0.43616944551467896 70
1738631861379 0.4397730231285095 71
1738631861380 0.4414239823818207 72
1738631861382 0.43782150745391846 73
1738631861383 0.4223981499671936 74
1738631861384 0.43446385860443115 75
1738631861385 0.4309251010417938 76
1738631861386 0.4325907826423645 77
1738631861387 0.4355572462081909 78
1738631861388 0.41776707768440247 79
1738631861389 0.4387904405593872 80
1738631861390 0.42880570888519287 81
1738631861391 0.42398905754089355 82
1738631861392 0.42668965458869934 83
1738631861393 0.41575226187705994 84
1738631861394 0.43611013889312744 85
1738631861395 0.43256184458732605 86
1738631861396 0.4165741801261902 87
1738631861397 0.42122188210487366 88
1738631861399 0.42486321926116943 89
1738631861400 0.42271095514297485 90
1738631861401 0.4199313223361969 91
1738631861402 0.41379764676094055 92
1738631861403 0.42117130756378174 93
1738631861404 0.4240899682044983 94
1738631861405 0.42601990699768066 95
1738631861406 0.4227833151817322 96
1738631861407 0.40682220458984375 97
1738631861408 0.41105327010154724 98
1738631861409 0.41666415333747864 99
1738631861410 0.40808865427970886 100
1738631861411 0.4098382890224457 101
1738631861412 0.40963372588157654 102
1738631861413 0.41308602690696716 103
1738631861414 0.41371849179267883 104
1738631861415 0.4146232604980469 105
1738631861416 0.4081767797470093 106
1738631861418 0.4205018877983093 107
1738631861419 0.4067760407924652 108
1738631861420 0.41516372561454773 109
1738631861421 0.40550145506858826 110
1738631861422 0.41473689675331116 111
1738631861423 0.4035009443759918 112
1738631861424 0.4063778221607208 113
1738631861425 0.4008583426475525 114
1738631861426 0.41626250743865967 115
1738631861427 0.40966761112213135 116
1738631861428 0.40265122056007385 117
1738631861429 0.4026290476322174 118
1738631861430 0.40620070695877075 119
