1738772021004 22.179811477661133 0
1738772021006 4.591816425323486 1
1738772021007 4.509090423583984 2
1738772021008 4.256896018981934 3
1738772021010 4.239992141723633 4
1738772021011 4.2129387855529785 5
1738772021012 4.14517068862915 6
1738772021014 4.108503341674805 7
1738772021016 4.039931774139404 8
1738772021017 4.070148468017578 9
1738772021018 4.0991058349609375 10
1738772021020 4.033926963806152 11
1738772021021 4.0143327713012695 12
1738772021022 3.9926657676696777 13
1738772021023 3.9909355640411377 14
1738772021024 4.020723342895508 15
1738772021026 4.015973091125488 16
1738772021027 4.025793075561523 17
1738772021028 3.985914707183838 18
1738772021029 3.9707508087158203 19
1738772021030 3.9530346393585205 20
1738772021032 3.935511589050293 21
1738772021034 3.914837121963501 22
1738772021035 3.9170525074005127 23
1738772021036 3.902893304824829 24
1738772021037 3.9120547771453857 25
1738772021039 3.9561007022857666 26
1738772021040 3.962853193283081 27
1738772021041 3.9291465282440186 28
1738772021042 3.9186017513275146 29
1738772021043 3.874025821685791 30
1738772021045 3.9374377727508545 31
1738772021046 3.9147589206695557 32
1738772021047 3.9387545585632324 33
1738772021049 3.911355972290039 34
1738772021050 3.9279263019561768 35
1738772021051 3.904292583465576 36
1738772021052 3.9072844982147217 37
1738772021054 3.922293186187744 38
1738772021055 3.991868495941162 39
1738772021056 3.963020086288452 40
1738772021057 3.996185064315796 41
1738772021058 3.9265124797821045 42
1738772021060 3.937845230102539 43
1738772021061 3.914851427078247 44
1738772021062 3.9113857746124268 45
1738772021063 3.9212160110473633 46
1738772021065 3.9217963218688965 47
1738772021066 3.9188928604125977 48
1738772021068 3.938113212585449 49
1738772021070 3.923532009124756 50
1738772021072 3.9470715522766113 51
1738772021074 3.975386142730713 52
1738772021075 3.902634620666504 53
1738772021077 3.9163706302642822 54
1738772021078 3.9230780601501465 55
1738772021079 3.905885934829712 56
1738772021080 3.9019458293914795 57
1738772021081 3.9059903621673584 58
1738772021083 3.9080114364624023 59
1738772021084 3.901466131210327 60
1738772021085 3.9231526851654053 61
1738772021086 3.9186184406280518 62
1738772021087 3.930680274963379 63
1738772021088 3.86933970451355 64
1738772021089 3.9389820098876953 65
1738772021091 3.8988029956817627 66
1738772021092 3.8880999088287354 67
1738772021093 3.8792757987976074 68
1738772021094 3.8655307292938232 69
1738772021095 3.8919734954833984 70
1738772021096 3.9034039974212646 71
1738772021098 3.9169301986694336 72
1738772021099 3.9265804290771484 73
1738772021100 3.9167075157165527 74
1738772021101 3.884377956390381 75
1738772021102 3.929263114929199 76
1738772021103 3.919663667678833 77
1738772021105 3.885455846786499 78
1738772021106 3.920766592025757 79
1738772021107 3.9086251258850098 80
1738772021108 3.9064581394195557 81
1738772021109 3.9009172916412354 82
1738772021110 3.9169116020202637 83
1738772021111 3.9287307262420654 84
1738772021113 3.929630756378174 85
1738772021114 3.9499120712280273 86
1738772021115 3.886092185974121 87
1738772021116 3.8954126834869385 88
1738772021117 3.9109716415405273 89
1738772021118 3.904294013977051 90
1738772021120 3.9037671089172363 91
1738772021121 3.884126663208008 92
1738772021122 3.9249913692474365 93
1738772021123 3.8817760944366455 94
1738772021124 3.9158976078033447 95
1738772021125 3.889444351196289 96
1738772021127 3.846519708633423 97
1738772021128 3.8817648887634277 98
1738772021129 3.9424448013305664 99
1738772021130 3.908083438873291 100
1738772021132 3.9129152297973633 101
1738772021133 3.939985752105713 102
1738772021134 3.882408380508423 103
1738772021135 3.8939690589904785 104
1738772021136 3.9132742881774902 105
1738772021137 3.907259941101074 106
1738772021139 3.9000301361083984 107
1738772021140 3.9385111331939697 108
1738772021141 3.9030022621154785 109
1738772021142 3.9230117797851562 110
1738772021143 3.9306695461273193 111
1738772021144 3.9011340141296387 112
1738772021145 3.9682562351226807 113
1738772021147 3.9793756008148193 114
1738772021148 3.9292871952056885 115
1738772021149 3.9270331859588623 116
1738772021150 3.942772150039673 117
1738772021151 3.923006534576416 118
1738772021152 3.9116384983062744 119
