1738772021004 0.2717968821525574 0
1738772021006 0.2942187488079071 1
1738772021007 0.3373437523841858 2
1738772021008 0.34984374046325684 3
1738772021010 0.3472656309604645 4
1738772021011 0.36027345061302185 5
1738772021012 0.3546484410762787 6
1738772021014 0.3504296839237213 7
1738772021016 0.34019529819488525 8
1738772021017 0.34378907084465027 9
1738772021018 0.3557421863079071 10
1738772021020 0.3500390648841858 11
1738772021021 0.34941405057907104 12
1738772021022 0.36320313811302185 13
1738772021023 0.35816407203674316 14
1738772021024 0.36085936427116394 15
1738772021026 0.35359373688697815 16
1738772021027 0.35554686188697815 17
1738772021028 0.36015623807907104 18
1738772021029 0.36625000834465027 19
1738772021030 0.35593751072883606 20
1738772021032 0.35738280415534973 21
1738772021034 0.35902345180511475 22
1738772021035 0.3678515553474426 23
1738772021036 0.3612109422683716 24
1738772021037 0.3648437559604645 25
1738772021039 0.3641015589237213 26
1738772021040 0.36082032322883606 27
1738772021041 0.35566407442092896 28
1738772021042 0.3519531190395355 29
1738772021043 0.3638281226158142 30
1738772021045 0.3621484339237213 31
1738772021046 0.3656640648841858 32
1738772021047 0.3547656238079071 33
1738772021049 0.3562890589237213 34
1738772021050 0.36250001192092896 35
1738772021051 0.3669140636920929 36
1738772021052 0.3670312464237213 37
1738772021054 0.3620312511920929 38
1738772021055 0.3570312559604645 39
1738772021056 0.3504296839237213 40
1738772021057 0.35570311546325684 41
1738772021058 0.3568750023841858 42
1738772021060 0.35441407561302185 43
1738772021061 0.3563281297683716 44
1738772021062 0.3635937571525574 45
1738772021063 0.35843750834465027 46
1738772021065 0.36292970180511475 47
1738772021066 0.36097657680511475 48
1738772021068 0.3546484410762787 49
1738772021070 0.3599609434604645 50
1738772021072 0.3568359315395355 51
1738772021074 0.36128905415534973 52
1738772021075 0.3561718761920929 53
1738772021077 0.3585546910762787 54
1738772021078 0.3501953184604645 55
1738772021079 0.36031249165534973 56
1738772021080 0.3601953089237213 57
1738772021081 0.34937500953674316 58
1738772021083 0.35207030177116394 59
1738772021084 0.34980469942092896 60
1738772021085 0.35402342677116394 61
1738772021086 0.3553124964237213 62
1738772021087 0.3638281226158142 63
1738772021088 0.3670312464237213 64
1738772021089 0.3532031178474426 65
1738772021091 0.34925782680511475 66
1738772021092 0.3473437428474426 67
1738772021093 0.34871092438697815 68
1738772021094 0.35624998807907104 69
1738772021095 0.35160157084465027 70
1738772021096 0.3597656190395355 71
1738772021098 0.3455468714237213 72
1738772021099 0.3478125035762787 73
1738772021100 0.3555859327316284 74
1738772021101 0.3567578196525574 75
1738772021102 0.34914061427116394 76
1738772021103 0.3617578148841858 77
1738772021105 0.35597655177116394 78
1738772021106 0.36351561546325684 79
1738772021107 0.36421874165534973 80
1738772021108 0.3606249988079071 81
1738772021109 0.3526562452316284 82
1738772021110 0.35152342915534973 83
1738772021111 0.35960936546325684 84
1738772021113 0.32804688811302185 85
1738772021114 0.35007813572883606 86
1738772021115 0.3551562428474426 87
1738772021116 0.3521484434604645 88
1738772021117 0.35542967915534973 89
1738772021118 0.3639843761920929 90
1738772021120 0.3558984398841858 91
1738772021121 0.3614453077316284 92
1738772021122 0.35718750953674316 93
1738772021123 0.3606640696525574 94
1738772021124 0.35359373688697815 95
1738772021125 0.36097657680511475 96
1738772021127 0.35984376072883606 97
1738772021128 0.35789063572883606 98
1738772021129 0.35691407322883606 99
1738772021130 0.3578515648841858 100
1738772021132 0.35679686069488525 101
1738772021133 0.36027345061302185 102
1738772021134 0.36531248688697815 103
1738772021135 0.36265623569488525 104
1738772021136 0.359375 105
1738772021137 0.3568359315395355 106
1738772021139 0.35609376430511475 107
1738772021140 0.3589453101158142 108
1738772021141 0.35945311188697815 109
1738772021142 0.35843750834465027 110
1738772021143 0.36324217915534973 111
1738772021144 0.3621875047683716 112
1738772021145 0.3531250059604645 113
1738772021147 0.3635546863079071 114
1738772021148 0.35402342677116394 115
1738772021149 0.3638671934604645 116
1738772021150 0.36281248927116394 117
1738772021151 0.37019529938697815 118
1738772021152 0.36042967438697815 119
