1738434079494 1.754399061203003 0
1738434079495 1.5190849304199219 1
1738434079497 1.4542951583862305 2
1738434079498 1.417721152305603 3
1738434079499 1.3915798664093018 4
1738434079501 1.359381914138794 5
1738434079502 1.3462345600128174 6
1738434079504 1.3348149061203003 7
1738434079505 1.3297247886657715 8
1738434079507 1.3220173120498657 9
1738434079508 1.3192943334579468 10
1738434079510 1.307429313659668 11
1738434079512 1.3015446662902832 12
1738434079513 1.2905479669570923 13
1738434079514 1.302188754081726 14
1738434079515 1.2782142162322998 15
1738434079516 1.2735779285430908 16
1738434079518 1.2778289318084717 17
1738434079519 1.284785270690918 18
1738434079520 1.2670401334762573 19
1738434079521 1.2732644081115723 20
1738434079522 1.2676714658737183 21
1738434079523 1.275691270828247 22
1738434079525 1.2580524682998657 23
1738434079526 1.2738373279571533 24
1738434079528 1.2639751434326172 25
1738434079529 1.264075517654419 26
1738434079531 1.2548736333847046 27
1738434079532 1.2503490447998047 28
1738434079534 1.25435209274292 29
1738434079535 1.2563655376434326 30
1738434079537 1.254960060119629 31
1738434079538 1.245632529258728 32
1738434079540 1.2412312030792236 33
1738434079541 1.2458120584487915 34
1738434079543 1.2452374696731567 35
1738434079544 1.242287516593933 36
1738434079546 1.2403136491775513 37
1738434079548 1.2387391328811646 38
1738434079550 1.2368531227111816 39
1738434079551 1.2383066415786743 40
1738434079552 1.2425198554992676 41
1738434079554 1.2279390096664429 42
1738434079555 1.2210572957992554 43
1738434079557 1.225184679031372 44
1738434079558 1.2432286739349365 45
1738434079560 1.2312618494033813 46
1738434079562 1.2128608226776123 47
1738434079563 1.230485200881958 48
1738434079565 1.22700035572052 49
1738434079566 1.2215964794158936 50
1738434079567 1.2219823598861694 51
1738434079569 1.2177948951721191 52
1738434079570 1.2120100259780884 53
1738434079572 1.2176992893218994 54
1738434079574 1.2207913398742676 55
1738434079575 1.2110145092010498 56
1738434079576 1.2172935009002686 57
1738434079577 1.229755163192749 58
1738434079579 1.2201277017593384 59
1738434079580 1.213898777961731 60
1738434079582 1.2105908393859863 61
1738434079584 1.217291235923767 62
1738434079586 1.223609447479248 63
1738434079587 1.2147258520126343 64
1738434079588 1.2129979133605957 65
1738434079590 1.2156754732131958 66
1738434079592 1.2150049209594727 67
1738434079594 1.2124184370040894 68
1738434079595 1.2094688415527344 69
1738434079596 1.2139101028442383 70
1738434079598 1.2071120738983154 71
1738434079599 1.2015538215637207 72
1738434079600 1.1996841430664062 73
1738434079602 1.2094568014144897 74
1738434079603 1.2047441005706787 75
1738434079605 1.208294153213501 76
1738434079606 1.2024365663528442 77
1738434079608 1.2082700729370117 78
1738434079610 1.2063343524932861 79
1738434079611 1.1978946924209595 80
1738434079613 1.2044897079467773 81
1738434079614 1.2049142122268677 82
1738434079615 1.2030607461929321 83
1738434079617 1.2056025266647339 84
1738434079618 1.199340581893921 85
1738434079619 1.2039850950241089 86
1738434079621 1.205450415611267 87
1738434079622 1.2065199613571167 88
1738434079623 1.1980949640274048 89
1738434079625 1.1955692768096924 90
1738434079626 1.2065234184265137 91
1738434079627 1.198598027229309 92
1738434079629 1.1950191259384155 93
1738434079631 1.1887574195861816 94
1738434079632 1.1975592374801636 95
1738434079633 1.1939176321029663 96
1738434079635 1.1977673768997192 97
1738434079636 1.1966867446899414 98
1738434079638 1.202043056488037 99
1738434079639 1.2023952007293701 100
1738434079640 1.1834455728530884 101
1738434079642 1.1894574165344238 102
1738434079643 1.1918734312057495 103
1738434079644 1.19422447681427 104
1738434079646 1.1972858905792236 105
1738434079647 1.1956722736358643 106
1738434079649 1.1910300254821777 107
1738434079650 1.1841930150985718 108
1738434079652 1.1850571632385254 109
1738434079654 1.1980156898498535 110
1738434079655 1.1938872337341309 111
1738434079656 1.1825313568115234 112
1738434079657 1.198228120803833 113
1738434079658 1.193671703338623 114
1738434079660 1.199040174484253 115
1738434079661 1.189986228942871 116
1738434079662 1.1872458457946777 117
1738434079663 1.189644455909729 118
1738434079665 1.176935076713562 119
