1738434079494 0.27953124046325684 0
1738434079495 0.38441407680511475 1
1738434079497 0.4185546934604645 2
1738434079498 0.4380468726158142 3
1738434079499 0.4588671922683716 4
1738434079501 0.47035157680511475 5
1738434079502 0.47359374165534973 6
1738434079504 0.48070311546325684 7
1738434079505 0.48472654819488525 8
1738434079507 0.4856249988079071 9
1738434079508 0.49464842677116394 10
1738434079510 0.4983593821525574 11
1738434079512 0.49562498927116394 12
1738434079513 0.5034375190734863 13
1738434079514 0.4992968738079071 14
1738434079515 0.5057812333106995 15
1738434079516 0.5134375095367432 16
1738434079518 0.5127734541893005 17
1738434079519 0.5092577934265137 18
1738434079520 0.5169922113418579 19
1738434079521 0.512499988079071 20
1738434079522 0.5166797041893005 21
1738434079523 0.5157812237739563 22
1738434079525 0.5209375023841858 23
1738434079526 0.5142187476158142 24
1738434079528 0.5177343487739563 25
1738434079529 0.5217187404632568 26
1738434079531 0.5219922065734863 27
1738434079532 0.5242968797683716 28
1738434079534 0.5218359231948853 29
1738434079535 0.5225390791893005 30
1738434079537 0.5213281512260437 31
1738434079538 0.5277343988418579 32
1738434079540 0.5287109613418579 33
1738434079541 0.5223437547683716 34
1738434079543 0.5270312428474426 35
1738434079544 0.522265613079071 36
1738434079546 0.5293750166893005 37
1738434079548 0.5269140601158142 38
1738434079550 0.5275781154632568 39
1738434079551 0.5260937213897705 40
1738434079552 0.525390625 41
1738434079554 0.5325000286102295 42
1738434079555 0.5367187261581421 43
1738434079557 0.5332421660423279 44
1738434079558 0.524609386920929 45
1738434079560 0.5322265625 46
1738434079562 0.5375390648841858 47
1738434079563 0.5321093797683716 48
1738434079565 0.530078113079071 49
1738434079566 0.5372655987739563 50
1738434079567 0.5314062237739563 51
1738434079569 0.5343359112739563 52
1738434079570 0.5348827838897705 53
1738434079572 0.5323827862739563 54
1738434079574 0.5348827838897705 55
1738434079575 0.536914050579071 56
1738434079576 0.539257824420929 57
1738434079577 0.5261328220367432 58
1738434079579 0.532421886920929 59
1738434079580 0.5347265601158142 60
1738434079582 0.5330469012260437 61
1738434079584 0.5342187285423279 62
1738434079586 0.5301172137260437 63
1738434079587 0.5334765911102295 64
1738434079588 0.5382031202316284 65
1738434079590 0.5375390648841858 66
1738434079592 0.5320703387260437 67
1738434079594 0.5420312285423279 68
1738434079595 0.5369921922683716 69
1738434079596 0.5355859398841858 70
1738434079598 0.5350390672683716 71
1738434079599 0.5373828411102295 72
1738434079600 0.5400390625 73
1738434079602 0.5392968654632568 74
1738434079603 0.5394140481948853 75
1738434079605 0.5400390625 76
1738434079606 0.5456249713897705 77
1738434079608 0.5403515696525574 78
1738434079610 0.5378124713897705 79
1738434079611 0.5385546684265137 80
1738434079613 0.536914050579071 81
1738434079614 0.5422265529632568 82
1738434079615 0.5372655987739563 83
1738434079617 0.5416406393051147 84
1738434079618 0.5405859351158142 85
1738434079619 0.5390234589576721 86
1738434079621 0.5372655987739563 87
1738434079622 0.5383984446525574 88
1738434079623 0.5393750071525574 89
1738434079625 0.5419921875 90
1738434079626 0.5344140529632568 91
1738434079627 0.5427343845367432 92
1738434079629 0.5445703268051147 93
1738434079631 0.5448437333106995 94
1738434079632 0.5430468916893005 95
1738434079633 0.5467968583106995 96
1738434079635 0.5429297089576721 97
1738434079636 0.540820300579071 98
1738434079638 0.5400000214576721 99
1738434079639 0.5396875143051147 100
1738434079640 0.5455859303474426 101
1738434079642 0.5494140386581421 102
1738434079643 0.5446875095367432 103
1738434079644 0.5459374785423279 104
1738434079646 0.5441015362739563 105
1738434079647 0.5418750047683716 106
1738434079649 0.541015625 107
1738434079650 0.5446875095367432 108
1738434079652 0.5439843535423279 109
1738434079654 0.5416796803474426 110
1738434079655 0.5446484088897705 111
1738434079656 0.5456249713897705 112
1738434079657 0.5430077910423279 113
1738434079658 0.5399218797683716 114
1738434079660 0.5425781011581421 115
1738434079661 0.5456640720367432 116
1738434079662 0.5485546588897705 117
1738434079663 0.5438671708106995 118
1738434079665 0.5472656488418579 119
