1738038455590 0.4067968726158142 0
1738038455591 0.5975390672683716 1
1738038455592 0.6882030963897705 2
1738038455593 0.7264453172683716 3
1738038455594 0.7441796660423279 4
1738038455595 0.7649609446525574 5
1738038455596 0.7708984613418579 6
1738038455598 0.7791796922683716 7
1738038455600 0.7866015434265137 8
1738038455601 0.7918750047683716 9
1738038455602 0.7969531416893005 10
1738038455603 0.7996484637260437 11
1738038455605 0.8093359470367432 12
1738038455606 0.8085547089576721 13
1738038455608 0.8097265362739563 14
1738038455609 0.8189452886581421 15
1738038455610 0.8243359327316284 16
1738038455611 0.824414074420929 17
1738038455612 0.8299999833106995 18
1738038455614 0.827929675579071 19
1738038455616 0.8318750262260437 20
1738038455617 0.8389843702316284 21
1738038455618 0.8394922018051147 22
1738038455619 0.8425390720367432 23
1738038455620 0.8403515815734863 24
1738038455621 0.8424999713897705 25
1738038455623 0.8490625023841858 26
1738038455624 0.8531640768051147 27
1738038455625 0.8521875143051147 28
1738038455626 0.8561328053474426 29
1738038455627 0.8590234518051147 30
1738038455628 0.8597656488418579 31
1738038455630 0.8551172018051147 32
1738038455631 0.8598046898841858 33
1738038455632 0.8633984327316284 34
1738038455633 0.8656250238418579 35
1738038455635 0.8653125166893005 36
1738038455636 0.864453136920929 37
1738038455637 0.8678515553474426 38
1738038455638 0.865429699420929 39
1738038455639 0.8719140887260437 40
1738038455640 0.8681640625 41
1738038455641 0.873242199420929 42
1738038455642 0.8712109327316284 43
1738038455643 0.8753906488418579 44
1738038455645 0.8741796612739563 45
1738038455646 0.8748437762260437 46
1738038455647 0.8758984208106995 47
1738038455648 0.8751562237739563 48
1738038455649 0.8782421946525574 49
1738038455650 0.8720703125 50
1738038455651 0.8782421946525574 51
1738038455652 0.8761327862739563 52
1738038455653 0.8802734613418579 53
1738038455655 0.8815234303474426 54
1738038455656 0.8794921636581421 55
1738038455657 0.8833593726158142 56
1738038455658 0.8820703029632568 57
1738038455659 0.8793359398841858 58
1738038455660 0.8819140791893005 59
1738038455661 0.881054699420929 60
1738038455662 0.8843749761581421 61
1738038455664 0.8847265839576721 62
