1738038455590 1.5326076745986938 0
1738038455591 1.079107642173767 1
1738038455592 0.8803372979164124 2
1738038455593 0.783596932888031 3
1738038455594 0.7323164343833923 4
1738038455595 0.6862411499023438 5
1738038455596 0.6573226451873779 6
1738038455598 0.640013575553894 7
1738038455600 0.6075750589370728 8
1738038455601 0.5925053954124451 9
1738038455602 0.5776593089103699 10
1738038455603 0.5627124309539795 11
1738038455605 0.5437997579574585 12
1738038455606 0.5347906947135925 13
1738038455608 0.5370562672615051 14
1738038455609 0.5105616450309753 15
1738038455610 0.5011547803878784 16
1738038455611 0.49698397517204285 17
1738038455612 0.4838719964027405 18
1738038455614 0.4886331856250763 19
1738038455616 0.47476303577423096 20
1738038455617 0.4572370648384094 21
1738038455618 0.45135632157325745 22
1738038455619 0.45346707105636597 23
1738038455620 0.4499867260456085 24
1738038455621 0.446742981672287 25
1738038455623 0.42174458503723145 26
1738038455624 0.4198257029056549 27
1738038455625 0.4130725562572479 28
1738038455626 0.4104623794555664 29
1738038455627 0.4011780917644501 30
1738038455628 0.3974016308784485 31
1738038455630 0.40618640184402466 32
1738038455631 0.38953059911727905 33
1738038455632 0.38531550765037537 34
1738038455633 0.3757548928260803 35
1738038455635 0.3750004172325134 36
1738038455636 0.37567684054374695 37
1738038455637 0.367390900850296 38
1738038455638 0.37556102871894836 39
1738038455639 0.3599809408187866 40
1738038455640 0.37349820137023926 41
1738038455641 0.3507830798625946 42
1738038455642 0.3577391505241394 43
1738038455643 0.34645572304725647 44
1738038455645 0.34568271040916443 45
1738038455646 0.3471401333808899 46
1738038455647 0.3400714099407196 47
1738038455648 0.34447476267814636 48
1738038455649 0.33729514479637146 49
1738038455650 0.3523169755935669 50
1738038455651 0.33427193760871887 51
1738038455652 0.33718812465667725 52
1738038455653 0.3266710937023163 53
1738038455655 0.3277415931224823 54
1738038455656 0.32948410511016846 55
1738038455657 0.3175261616706848 56
1738038455658 0.32024142146110535 57
1738038455659 0.32680320739746094 58
1738038455660 0.32276347279548645 59
1738038455661 0.3241787850856781 60
1738038455662 0.30964818596839905 61
1738038455664 0.3144570291042328 62
