1739072748324 0.43128907680511475 0
1739072748327 0.6429687738418579 1
1739072748328 0.7557031512260437 2
1739072748329 0.8104687333106995 3
1739072748331 0.8394140601158142 4
1739072748332 0.8656250238418579 5
1739072748334 0.8779296875 6
1739072748336 0.8869531154632568 7
1739072748337 0.8936328291893005 8
1739072748338 0.9030468463897705 9
1739072748340 0.9106249809265137 10
1739072748341 0.9105077981948853 11
1739072748342 0.9189843535423279 12
1739072748343 0.9227734208106995 13
1739072748344 0.9237499833106995 14
1739072748345 0.9309765696525574 15
1739072748346 0.9348828196525574 16
1739072748348 0.9379296898841858 17
1739072748350 0.9283593893051147 18
1739072748351 0.9321484565734863 19
1739072748353 0.9378125071525574 20
1739072748355 0.940625011920929 21
1739072748356 0.9420312643051147 22
1739072748357 0.9460546970367432 23
1739072748358 0.9484765529632568 24
1739072748359 0.9499609470367432 25
1739072748360 0.9492577910423279 26
1739072748362 0.9507031440734863 27
1739072748363 0.9508593678474426 28
1739072748364 0.94921875 29
1739072748366 0.9417187571525574 30
1739072748367 0.9565234184265137 31
1739072748369 0.9573827981948853 32
1739072748370 0.959179699420929 33
1739072748371 0.9573047161102295 34
1739072748372 0.9559375047683716 35
1739072748374 0.9586328268051147 36
1739072748375 0.9599609375 37
1739072748376 0.9624999761581421 38
1739072748377 0.9609375 39
1739072748378 0.9617578387260437 40
1739072748379 0.9635937213897705 41
1739072748380 0.964648425579071 42
1739072748382 0.9629687666893005 43
1739072748384 0.963085949420929 44
1739072748385 0.966015636920929 45
1739072748386 0.9646875262260437 46
1739072748388 0.9637109637260437 47
1739072748389 0.9678515791893005 48
1739072748390 0.9674609303474426 49
1739072748391 0.9660937786102295 50
1739072748392 0.967578113079071 51
1739072748394 0.9669530987739563 52
1739072748395 0.965624988079071 53
1739072748396 0.9704296588897705 54
1739072748397 0.9646875262260437 55
1739072748398 0.9703124761581421 56
1739072748400 0.9694140553474426 57
1739072748401 0.9726172089576721 58
1739072748403 0.9690234661102295 59
1739072748404 0.9696875214576721 60
1739072748406 0.9729687571525574 61
1739072748407 0.9715625047683716 62
1739072748408 0.9705469012260437 63
1739072748409 0.9674218893051147 64
1739072748410 0.9721093773841858 65
1739072748411 0.9731249809265137 66
1739072748413 0.9717187285423279 67
1739072748414 0.9720703363418579 68
1739072748415 0.971484363079071 69
1739072748416 0.9742968678474426 70
1739072748418 0.9740234613418579 71
1739072748419 0.9762109518051147 72
1739072748420 0.9760937690734863 73
1739072748421 0.9746875166893005 74
1739072748422 0.9729687571525574 75
1739072748423 0.974414050579071 76
1739072748424 0.9750000238418579 77
1739072748425 0.975781261920929 78
1739072748427 0.9775390625 79
1739072748428 0.9745703339576721 80
1739072748430 0.9719140529632568 81
1739072748432 0.9765234589576721 82
1739072748433 0.980664074420929 83
1739072748434 0.9780077934265137 84
1739072748435 0.9774609208106995 85
1739072748436 0.9713281393051147 86
1739072748437 0.9745312333106995 87
1739072748438 0.9787890911102295 88
1739072748439 0.9788281321525574 89
1739072748441 0.981249988079071 90
1739072748442 0.9784374833106995 91
1739072748443 0.9782812595367432 92
1739072748444 0.9789062738418579 93
1739072748445 0.9776562452316284 94
1739072748446 0.9760937690734863 95
1739072748448 0.9782812595367432 96
1739072748449 0.9810156226158142 97
1739072748450 0.9795703291893005 98
1739072748451 0.9819140434265137 99
1739072748452 0.9793750047683716 100
1739072748453 0.9792187213897705 101
1739072748455 0.9743359088897705 102
1739072748456 0.9809374809265137 103
1739072748457 0.9815624952316284 104
1739072748458 0.981249988079071 105
1739072748460 0.9797656536102295 106
1739072748461 0.9799218773841858 107
1739072748462 0.98046875 108
1739072748463 0.981640636920929 109
1739072748464 0.9770703315734863 110
1739072748465 0.9797265529632568 111
1739072748467 0.9801952838897705 112
1739072748468 0.9821484088897705 113
1739072748469 0.9795703291893005 114
1739072748470 0.980664074420929 115
1739072748472 0.9817578196525574 116
1739072748473 0.9834765791893005 117
1739072748474 0.9813671708106995 118
1739072748475 0.9813671708106995 119
