1739072748324 1.4793182611465454 0
1739072748327 0.9949540495872498 1
1739072748328 0.725045382976532 2
1739072748329 0.5875023007392883 3
1739072748331 0.4977478086948395 4
1739072748332 0.42401888966560364 5
1739072748334 0.38889044523239136 6
1739072748336 0.3610656261444092 7
1739072748337 0.3390215337276459 8
1739072748338 0.31438374519348145 9
1739072748340 0.28818732500076294 10
1739072748341 0.28570204973220825 11
1739072748342 0.26221293210983276 12
1739072748343 0.2471485584974289 13
1739072748344 0.24520261585712433 14
1739072748345 0.22492903470993042 15
1739072748346 0.21070468425750732 16
1739072748348 0.20648443698883057 17
1739072748350 0.22837334871292114 18
1739072748351 0.2208261638879776 19
1739072748353 0.20784364640712738 20
1739072748355 0.19013138115406036 21
1739072748356 0.19011658430099487 22
1739072748357 0.17896990478038788 23
1739072748358 0.17510132491588593 24
1739072748359 0.16792011260986328 25
1739072748360 0.16625560820102692 26
1739072748362 0.16520501673221588 27
1739072748363 0.1606626659631729 28
1739072748364 0.16870179772377014 29
1739072748366 0.19529367983341217 30
1739072748367 0.1429848074913025 31
1739072748369 0.13953742384910583 32
1739072748370 0.13914808630943298 33
1739072748371 0.14528149366378784 34
1739072748372 0.14457373321056366 35
1739072748374 0.1377543807029724 36
1739072748375 0.13601402938365936 37
1739072748376 0.12717419862747192 38
1739072748377 0.13402150571346283 39
1739072748378 0.12322571128606796 40
1739072748379 0.12112104147672653 41
1739072748380 0.12069188058376312 42
1739072748382 0.13274596631526947 43
1739072748384 0.1276477426290512 44
1739072748385 0.11218353360891342 45
1739072748386 0.11290958523750305 46
1739072748388 0.11851713806390762 47
1739072748389 0.11269307881593704 48
1739072748390 0.11211475729942322 49
1739072748391 0.11380377411842346 50
1739072748392 0.11449985206127167 51
1739072748394 0.11083374917507172 52
1739072748395 0.11391841620206833 53
1739072748396 0.09944744408130646 54
1739072748397 0.12089122831821442 55
1739072748398 0.10505080223083496 56
1739072748400 0.09984917938709259 57
1739072748401 0.09142067283391953 58
1739072748403 0.10373938828706741 59
1739072748404 0.10120855271816254 60
1739072748406 0.09134075790643692 61
1739072748407 0.09826234728097916 62
1739072748408 0.09656223654747009 63
1739072748409 0.1094999760389328 64
1739072748410 0.09341523796319962 65
1739072748411 0.0881817638874054 66
1739072748413 0.09509105980396271 67
1739072748414 0.09153958410024643 68
1739072748415 0.09829289466142654 69
1739072748416 0.08616883307695389 70
1739072748418 0.08916513621807098 71
1739072748419 0.08577007055282593 72
1739072748420 0.08197134733200073 73
1739072748421 0.08673308044672012 74
1739072748422 0.09361714124679565 75
1739072748423 0.08467937260866165 76
1739072748424 0.08496624231338501 77
1739072748425 0.08405187726020813 78
1739072748427 0.07753611356019974 79
1739072748428 0.08461140841245651 80
1739072748430 0.09454535692930222 81
1739072748432 0.08382664620876312 82
1739072748433 0.07077536731958389 83
1739072748434 0.07717564702033997 84
1739072748435 0.07880690693855286 85
1739072748436 0.09549926966428757 86
1739072748437 0.08818424493074417 87
1739072748438 0.0734952911734581 88
1739072748439 0.071597620844841 89
1739072748441 0.06734265387058258 90
1739072748442 0.07270567119121552 91
1739072748443 0.07879826426506042 92
1739072748444 0.07075421512126923 93
1739072748445 0.07368016988039017 94
1739072748446 0.07953416556119919 95
1739072748448 0.07594477385282516 96
1739072748449 0.06780698150396347 97
1739072748450 0.07194016128778458 98
1739072748451 0.0629517138004303 99
1739072748452 0.07203441113233566 100
1739072748453 0.07161826640367508 101
1739072748455 0.08843306452035904 102
1739072748456 0.06476976722478867 103
1739072748457 0.06674332171678543 104
1739072748458 0.06581775099039078 105
1739072748460 0.07193709164857864 106
1739072748461 0.06659746170043945 107
1739072748462 0.06779418140649796 108
1739072748463 0.06693021208047867 109
1739072748464 0.07877685874700546 110
1739072748465 0.07050754874944687 111
1739072748467 0.06916260719299316 112
1739072748468 0.06309115141630173 113
1739072748469 0.07144573330879211 114
1739072748470 0.06518496572971344 115
1739072748472 0.06504390388727188 116
1739072748473 0.05936349555850029 117
1739072748474 0.06837175041437149 118
1739072748475 0.06264211982488632 119
