1738770474610 1.2504924535751343 0
1738770474612 0.9930596947669983 1
1738770474613 0.895341157913208 2
1738770474615 0.8342238664627075 3
1738770474616 0.7920448184013367 4
1738770474618 0.7501757740974426 5
1738770474619 0.7303888201713562 6
1738770474621 0.704780638217926 7
1738770474622 0.6844231486320496 8
1738770474624 0.6563684344291687 9
1738770474625 0.6426809430122375 10
1738770474626 0.628522515296936 11
1738770474628 0.6263750195503235 12
1738770474630 0.6089739203453064 13
1738770474631 0.5849622488021851 14
1738770474632 0.5858438611030579 15
1738770474634 0.5797982811927795 16
1738770474635 0.5859098434448242 17
1738770474636 0.5697397589683533 18
1738770474637 0.5561030507087708 19
1738770474639 0.5552581548690796 20
1738770474640 0.553551435470581 21
1738770474641 0.5586015582084656 22
1738770474642 0.5327730178833008 23
1738770474644 0.5371164083480835 24
1738770474645 0.5226151943206787 25
1738770474646 0.5174286365509033 26
1738770474648 0.5066283941268921 27
1738770474649 0.5202531218528748 28
1738770474650 0.5078494548797607 29
1738770474651 0.5067188739776611 30
1738770474653 0.5029981732368469 31
1738770474654 0.5066367983818054 32
1738770474655 0.511667013168335 33
1738770474656 0.49515801668167114 34
1738770474657 0.4954243004322052 35
1738770474659 0.4822904169559479 36
1738770474660 0.49500080943107605 37
1738770474661 0.484183669090271 38
1738770474662 0.4939866364002228 39
1738770474664 0.48308876156806946 40
1738770474665 0.49563732743263245 41
1738770474666 0.47427940368652344 42
1738770474668 0.47546741366386414 43
1738770474669 0.46961143612861633 44
1738770474670 0.4745446741580963 45
1738770474671 0.45785045623779297 46
1738770474672 0.4700849652290344 47
1738770474673 0.46140873432159424 48
1738770474675 0.4672966003417969 49
1738770474676 0.4787566065788269 50
1738770474677 0.46197640895843506 51
1738770474678 0.4581296145915985 52
1738770474679 0.45732608437538147 53
1738770474680 0.45797809958457947 54
1738770474682 0.4701160490512848 55
1738770474683 0.4505721926689148 56
1738770474684 0.4438813030719757 57
1738770474685 0.45735445618629456 58
1738770474686 0.4453461170196533 59
1738770474687 0.4580669105052948 60
1738770474689 0.447413831949234 61
1738770474690 0.44211632013320923 62
1738770474691 0.4435860514640808 63
1738770474692 0.4450189173221588 64
1738770474693 0.4437156617641449 65
1738770474695 0.4403812885284424 66
1738770474696 0.44140979647636414 67
1738770474697 0.4442138373851776 68
1738770474698 0.4483707547187805 69
1738770474699 0.4378708302974701 70
1738770474700 0.44230908155441284 71
1738770474702 0.43880775570869446 72
1738770474703 0.444352388381958 73
1738770474704 0.4426661729812622 74
1738770474705 0.4383746087551117 75
1738770474706 0.4429250955581665 76
1738770474707 0.43637099862098694 77
1738770474708 0.43391162157058716 78
1738770474710 0.43625977635383606 79
1738770474711 0.4333222210407257 80
1738770474712 0.43304443359375 81
1738770474713 0.42701756954193115 82
1738770474714 0.43659281730651855 83
1738770474715 0.42738792300224304 84
1738770474717 0.4247507154941559 85
1738770474718 0.4227553606033325 86
1738770474719 0.4252476394176483 87
1738770474720 0.4252571761608124 88
1738770474721 0.4224063754081726 89
1738770474722 0.41868239641189575 90
1738770474723 0.4306343197822571 91
1738770474725 0.42231473326683044 92
1738770474726 0.42357975244522095 93
1738770474727 0.41911065578460693 94
1738770474728 0.42312490940093994 95
1738770474729 0.42249009013175964 96
1738770474730 0.4173084497451782 97
1738770474732 0.42060473561286926 98
1738770474733 0.41159382462501526 99
1738770474734 0.42446842789649963 100
1738770474736 0.41642871499061584 101
1738770474737 0.41146957874298096 102
1738770474738 0.411159485578537 103
1738770474739 0.41368353366851807 104
1738770474741 0.4099026620388031 105
1738770474742 0.41196882724761963 106
1738770474743 0.41430598497390747 107
1738770474744 0.4151793420314789 108
1738770474745 0.40972113609313965 109
1738770474747 0.41132453083992004 110
1738770474748 0.4133578836917877 111
1738770474749 0.41031578183174133 112
1738770474750 0.4072686731815338 113
1738770474751 0.41581612825393677 114
1738770474752 0.4032205641269684 115
1738770474754 0.4104829728603363 116
1738770474755 0.3979722559452057 117
1738770474756 0.41302815079689026 118
1738770474757 0.4035077393054962 119
