1738770474610 0.5104296803474426 0
1738770474612 0.6219921708106995 1
1738770474613 0.6695312261581421 2
1738770474615 0.6944140791893005 3
1738770474616 0.7135156393051147 4
1738770474618 0.7313281297683716 5
1738770474619 0.7432422041893005 6
1738770474621 0.7507030963897705 7
1738770474622 0.761523425579071 8
1738770474624 0.7725390791893005 9
1738770474625 0.777148425579071 10
1738770474626 0.782421886920929 11
1738770474628 0.7839062213897705 12
1738770474630 0.7901172041893005 13
1738770474631 0.8000781536102295 14
1738770474632 0.7981250286102295 15
1738770474634 0.8000390529632568 16
1738770474635 0.7963281273841858 17
1738770474636 0.8048437237739563 18
1738770474637 0.8099218606948853 19
1738770474639 0.8093359470367432 20
1738770474640 0.8121093511581421 21
1738770474641 0.8098046779632568 22
1738770474642 0.8192968964576721 23
1738770474644 0.8153515458106995 24
1738770474645 0.8214062452316284 25
1738770474646 0.8231250047683716 26
1738770474648 0.8245702981948853 27
1738770474649 0.8216406106948853 28
1738770474650 0.8288671970367432 29
1738770474651 0.8249218463897705 30
1738770474653 0.8289843797683716 31
1738770474654 0.8286328315734863 32
1738770474655 0.8287109136581421 33
1738770474656 0.8307421803474426 34
1738770474657 0.8347265720367432 35
1738770474659 0.8362109661102295 36
1738770474660 0.8323827981948853 37
1738770474661 0.8355468511581421 38
1738770474662 0.8337500095367432 39
1738770474664 0.8353124856948853 40
1738770474665 0.8322656154632568 41
1738770474666 0.8370702862739563 42
1738770474668 0.8379296660423279 43
1738770474669 0.841796875 44
1738770474670 0.8404296636581421 45
1738770474671 0.8455859422683716 46
1738770474672 0.840039074420929 47
1738770474673 0.8425390720367432 48
1738770474675 0.8405078053474426 49
1738770474676 0.837109386920929 50
1738770474677 0.8450000286102295 51
1738770474678 0.8432031273841858 52
1738770474679 0.8450781106948853 53
1738770474680 0.8460937738418579 54
1738770474682 0.8385937213897705 55
1738770474683 0.8490625023841858 56
1738770474684 0.8491015434265137 57
1738770474685 0.8466796875 58
1738770474686 0.8518359661102295 59
1738770474687 0.8469140529632568 60
1738770474689 0.8483984470367432 61
1738770474690 0.8492187261581421 62
1738770474691 0.8506249785423279 63
1738770474692 0.8505859375 64
1738770474693 0.8487499952316284 65
1738770474695 0.8521093726158142 66
1738770474696 0.8506249785423279 67
1738770474697 0.8503515720367432 68
1738770474698 0.8506249785423279 69
1738770474699 0.8511718511581421 70
1738770474700 0.8525390625 71
1738770474702 0.8522655963897705 72
1738770474703 0.8482812643051147 73
1738770474704 0.850781261920929 74
1738770474705 0.8518750071525574 75
1738770474706 0.8501172065734863 76
1738770474707 0.8523828387260437 77
1738770474708 0.8543359637260437 78
1738770474710 0.8557812571525574 79
1738770474711 0.8523828387260437 80
1738770474712 0.8531640768051147 81
1738770474713 0.8557422161102295 82
1738770474714 0.8525000214576721 83
1738770474715 0.8573437333106995 84
1738770474717 0.857421875 85
1738770474718 0.8556249737739563 86
1738770474719 0.8543359637260437 87
1738770474720 0.8562890887260437 88
1738770474721 0.8565624952316284 89
1738770474722 0.8614843487739563 90
1738770474723 0.8567578196525574 91
1738770474725 0.8590234518051147 92
1738770474726 0.8578125238418579 93
1738770474727 0.8587890863418579 94
1738770474728 0.8578515648841858 95
1738770474729 0.8584374785423279 96
1738770474730 0.8604687452316284 97
1738770474732 0.854687511920929 98
1738770474733 0.8586719036102295 99
1738770474734 0.8598437309265137 100
1738770474736 0.8598828315734863 101
1738770474737 0.8642968535423279 102
1738770474738 0.8616015911102295 103
1738770474739 0.8612499833106995 104
1738770474741 0.8624218702316284 105
1738770474742 0.8623046875 106
1738770474743 0.8603515625 107
1738770474744 0.8597656488418579 108
1738770474745 0.8635156154632568 109
1738770474747 0.8598828315734863 110
1738770474748 0.8618359565734863 111
1738770474749 0.8627734184265137 112
1738770474750 0.8616406321525574 113
1738770474751 0.8616796731948853 114
1738770474752 0.8649609088897705 115
1738770474754 0.8633593916893005 116
1738770474755 0.8646093606948853 117
1738770474756 0.8617187738418579 118
1738770474757 0.8638671636581421 119
