1738637021642 0.44691407680511475 0
1738637021644 0.659375011920929 1
1738637021645 0.7685156464576721 2
1738637021647 0.8182812333106995 3
1738637021648 0.8542187213897705 4
1738637021650 0.877734363079071 5
1738637021651 0.8907812237739563 6
1738637021653 0.8997265696525574 7
1738637021654 0.9117968678474426 8
1738637021656 0.9174218773841858 9
1738637021657 0.9253515601158142 10
1738637021658 0.9255468845367432 11
1738637021660 0.9311327934265137 12
1738637021662 0.9347265362739563 13
1738637021663 0.9367969036102295 14
1738637021664 0.9402734637260437 15
1738637021666 0.9418749809265137 16
1738637021667 0.9427734613418579 17
1738637021668 0.9453125 18
1738637021669 0.9419140815734863 19
1738637021670 0.9506640434265137 20
1738637021671 0.9505859613418579 21
1738637021672 0.9527734518051147 22
1738637021673 0.9551171660423279 23
1738637021675 0.9510937333106995 24
1738637021676 0.955859363079071 25
1738637021677 0.9559765458106995 26
1738637021678 0.9588671922683716 27
1738637021680 0.9592187404632568 28
1738637021681 0.9541406035423279 29
1738637021682 0.9599999785423279 30
1738637021683 0.958789050579071 31
1738637021684 0.9636328220367432 32
1738637021685 0.9635156393051147 33
1738637021686 0.962695300579071 34
1738637021687 0.9612500071525574 35
1738637021688 0.9632031321525574 36
1738637021690 0.9681249856948853 37
1738637021691 0.9657421708106995 38
1738637021692 0.9619140625 39
1738637021693 0.9659374952316284 40
1738637021694 0.9725000262260437 41
1738637021695 0.9700000286102295 42
1738637021696 0.9660937786102295 43
1738637021698 0.9681249856948853 44
1738637021699 0.9708593487739563 45
1738637021700 0.969921886920929 46
1738637021701 0.9693359136581421 47
1738637021702 0.9728906154632568 48
1738637021703 0.9697656035423279 49
1738637021704 0.9751562476158142 50
1738637021705 0.9725781083106995 51
1738637021706 0.9723437428474426 52
1738637021708 0.9709765911102295 53
1738637021709 0.9742578268051147 54
1738637021710 0.974414050579071 55
1738637021711 0.9721484184265137 56
1738637021712 0.9728906154632568 57
1738637021713 0.9722656011581421 58
1738637021714 0.9752734303474426 59
1738637021715 0.9744921922683716 60
1738637021716 0.9755859375 61
1738637021717 0.9759765863418579 62
1738637021718 0.9764453172683716 63
1738637021719 0.9774609208106995 64
1738637021720 0.9768750071525574 65
1738637021722 0.9762109518051147 66
1738637021723 0.9751172065734863 67
1738637021724 0.9782031178474426 68
1738637021725 0.979296863079071 69
1738637021726 0.975390613079071 70
1738637021727 0.9795312285423279 71
1738637021728 0.9795703291893005 72
1738637021729 0.9781249761581421 73
1738637021730 0.9765234589576721 74
1738637021732 0.9788281321525574 75
1738637021733 0.9810156226158142 76
1738637021734 0.9800390601158142 77
1738637021735 0.9767187237739563 78
1738637021736 0.9783984422683716 79
1738637021737 0.9775781035423279 80
1738637021738 0.9818750023841858 81
1738637021739 0.9780468940734863 82
1738637021740 0.9801172018051147 83
1738637021741 0.9798437356948853 84
1738637021742 0.98046875 85
1738637021743 0.9819140434265137 86
1738637021744 0.9793750047683716 87
1738637021746 0.9828906059265137 88
1738637021747 0.9817968606948853 89
1738637021748 0.9805859327316284 90
1738637021749 0.9820312261581421 91
1738637021750 0.9831640720367432 92
1738637021751 0.9827343821525574 93
1738637021752 0.9809765815734863 94
1738637021753 0.9821875095367432 95
1738637021754 0.9807812571525574 96
1738637021755 0.9805077910423279 97
1738637021756 0.985156238079071 98
1738637021758 0.9836719036102295 99
1738637021759 0.9832422137260437 100
1738637021760 0.9821484088897705 101
1738637021761 0.9831640720367432 102
1738637021762 0.9825780987739563 103
1738637021763 0.9830468893051147 104
1738637021764 0.9823437333106995 105
1738637021765 0.983203113079071 106
1738637021766 0.9815234541893005 107
1738637021767 0.9827734231948853 108
1738637021768 0.9853906035423279 109
1738637021769 0.9848828315734863 110
1738637021771 0.9857422113418579 111
1738637021772 0.9841406345367432 112
1738637021773 0.9817578196525574 113
1738637021774 0.9851953387260437 114
1738637021775 0.9861719012260437 115
1738637021776 0.9835546612739563 116
1738637021777 0.9844921827316284 117
1738637021778 0.9829297065734863 118
1738637021779 0.9842968583106995 119
