1738637021642 1.430769920349121 0
1738637021644 0.9184858798980713 1
1738637021645 0.6753594279289246 2
1738637021647 0.5488717555999756 3
1738637021648 0.4461333155632019 4
1738637021650 0.38099563121795654 5
1738637021651 0.3473794460296631 6
1738637021653 0.3225557804107666 7
1738637021654 0.2827429473400116 8
1738637021656 0.2665691673755646 9
1738637021657 0.24637609720230103 10
1738637021658 0.23465918004512787 11
1738637021660 0.22595591843128204 12
1738637021662 0.21336424350738525 13
1738637021663 0.2068191021680832 14
1738637021664 0.1923171579837799 15
1738637021666 0.1903303563594818 16
1738637021667 0.18683278560638428 17
1738637021668 0.1749313324689865 18
1738637021669 0.19116376340389252 19
1738637021670 0.16824956238269806 20
1738637021671 0.16457761824131012 21
1738637021672 0.15706980228424072 22
1738637021673 0.14931897819042206 23
1738637021675 0.15984661877155304 24
1738637021676 0.14797668159008026 25
1738637021677 0.14728018641471863 26
1738637021678 0.1348736435174942 27
1738637021680 0.13321933150291443 28
1738637021681 0.15133832395076752 29
1738637021682 0.13211266696453094 30
1738637021683 0.13584288954734802 31
1738637021684 0.12309125065803528 32
1738637021685 0.12120972573757172 33
1738637021686 0.12899638712406158 34
1738637021687 0.1364637166261673 35
1738637021688 0.12319150567054749 36
1738637021690 0.11158547550439835 37
1738637021691 0.11605457216501236 38
1738637021692 0.1257077306509018 39
1738637021693 0.115383081138134 40
1738637021694 0.09569855779409409 41
1738637021695 0.10150299221277237 42
1738637021696 0.11423025280237198 43
1738637021698 0.10614389181137085 44
1738637021699 0.09736473113298416 45
1738637021700 0.10165967047214508 46
1738637021701 0.10604564845561981 47
1738637021702 0.09421723335981369 48
1738637021703 0.10338844358921051 49
1738637021704 0.08722032606601715 50
1738637021705 0.09421294927597046 51
1738637021706 0.09776336699724197 52
1738637021708 0.10159360617399216 53
1738637021709 0.08841367065906525 54
1738637021710 0.08771634846925735 55
1738637021711 0.09546930342912674 56
1738637021712 0.09144731611013412 57
1738637021713 0.09660575538873672 58
1738637021714 0.08566571027040482 59
1738637021715 0.08538342267274857 60
1738637021716 0.08198615908622742 61
1738637021717 0.08029482513666153 62
1738637021718 0.08158908784389496 63
1738637021719 0.07729770988225937 64
1738637021720 0.07533922791481018 65
1738637021722 0.08427289873361588 66
1738637021723 0.08643655478954315 67
1738637021724 0.07833024114370346 68
1738637021725 0.07305862009525299 69
1738637021726 0.08668821305036545 70
1738637021727 0.06855694204568863 71
1738637021728 0.06988979876041412 72
1738637021729 0.07601313292980194 73
1738637021730 0.08741757273674011 74
1738637021732 0.06947244703769684 75
1738637021733 0.0656089261174202 76
1738637021734 0.07109368592500687 77
1738637021735 0.07936836034059525 78
1738637021736 0.07564639300107956 79
1738637021737 0.07830758392810822 80
1738637021738 0.06505952030420303 81
1738637021739 0.07420013099908829 82
1738637021740 0.06732508540153503 83
1738637021741 0.0706791803240776 84
1738637021742 0.068641297519207 85
1738637021743 0.06838414818048477 86
1738637021744 0.071599580347538 87
1738637021746 0.05793588608503342 88
1738637021747 0.06227976456284523 89
1738637021748 0.0706358253955841 90
1738637021749 0.06197474151849747 91
1738637021750 0.05982082337141037 92
1738637021751 0.06305594742298126 93
1738637021752 0.068215511739254 94
1738637021753 0.06300488114356995 95
1738637021754 0.06670971214771271 96
1738637021755 0.06607446819543839 97
1738637021756 0.05287846177816391 98
1738637021758 0.056885696947574615 99
1738637021759 0.057708606123924255 100
1738637021760 0.06658069789409637 101
1738637021761 0.058121491223573685 102
1738637021762 0.05840061604976654 103
1738637021763 0.06471030414104462 104
1738637021764 0.06530556827783585 105
1738637021765 0.057649657130241394 106
1738637021766 0.06321558356285095 107
1738637021767 0.0620594397187233 108
1738637021768 0.050428394228219986 109
1738637021769 0.05194111168384552 110
1738637021771 0.050710488110780716 111
1738637021772 0.05776761472225189 112
1738637021773 0.06376387923955917 113
1738637021774 0.051251109689474106 114
1738637021775 0.05279441177845001 115
1738637021776 0.06407921016216278 116
1738637021777 0.05521900951862335 117
1738637021778 0.06084893271327019 118
1738637021779 0.05710317939519882 119
