1738044421417 0.2828125059604645 0
1738044421418 0.41816407442092896 1
1738044421419 0.48042967915534973 2
1738044421420 0.5271875262260437 3
1738044421421 0.5797265768051147 4
1738044421423 0.623828113079071 5
1738044421424 0.6522265672683716 6
1738044421425 0.6434765458106995 7
1738044421426 0.6711719036102295 8
1738044421427 0.6908984184265137 9
1738044421428 0.7071874737739563 10
1738044421429 0.728320300579071 11
1738044421430 0.7383202910423279 12
1738044421432 0.7466796636581421 13
1738044421433 0.7529296875 14
1738044421434 0.7601953148841858 15
1738044421436 0.7653124928474426 16
1738044421437 0.771289050579071 17
1738044421438 0.7814843654632568 18
1738044421439 0.7827734351158142 19
1738044421440 0.7871875166893005 20
1738044421441 0.7900000214576721 21
1738044421442 0.7983202934265137 22
1738044421443 0.8014062643051147 23
1738044421444 0.8014453053474426 24
1738044421445 0.8062890768051147 25
1738044421446 0.8079296946525574 26
1738044421447 0.8097265362739563 27
1738044421448 0.8121484518051147 28
1738044421449 0.8143359422683716 29
1738044421451 0.8170312643051147 30
1738044421452 0.8196094036102295 31
1738044421453 0.8229687213897705 32
1738044421454 0.8191015720367432 33
1738044421455 0.827929675579071 34
1738044421456 0.8267577886581421 35
1738044421457 0.8217577934265137 36
1738044421458 0.83203125 37
1738044421459 0.8304687738418579 38
1738044421460 0.8367968797683716 39
1738044421461 0.8306249976158142 40
1738044421462 0.8325781226158142 41
1738044421463 0.8396093845367432 42
1738044421464 0.8373437523841858 43
1738044421465 0.8408203125 44
1738044421466 0.8452734351158142 45
1738044421467 0.8450781106948853 46
1738044421468 0.8409765362739563 47
1738044421469 0.8433984518051147 48
1738044421471 0.8401952981948853 49
1738044421472 0.8460937738418579 50
1738044421473 0.8480468988418579 51
1738044421474 0.8493359088897705 52
1738044421475 0.8504297137260437 53
1738044421476 0.8527734279632568 54
1738044421477 0.8523046970367432 55
1738044421478 0.8532812595367432 56
1738044421479 0.8525781035423279 57
1738044421480 0.8536718487739563 58
1738044421481 0.8564453125 59
1738044421482 0.8596875071525574 60
1738044421483 0.8586719036102295 61
1738044421484 0.8592968583106995 62
1738044421485 0.8602734208106995 63
1738044421486 0.8593359589576721 64
1738044421487 0.8623437285423279 65
1738044421488 0.8608593940734863 66
1738044421489 0.8578125238418579 67
1738044421490 0.862500011920929 68
1738044421490 0.866406261920929 69
1738044421491 0.8638671636581421 70
1738044421492 0.8642968535423279 71
