1738044421417 1.780501127243042 0
1738044421418 1.4872732162475586 1
1738044421419 1.3377233743667603 2
1738044421420 1.2266697883605957 3
1738044421421 1.1277037858963013 4
1738044421423 1.035152554512024 5
1738044421424 0.9737651944160461 6
1738044421425 0.9986409544944763 7
1738044421426 0.9295758605003357 8
1738044421427 0.8752732276916504 9
1738044421428 0.8461944460868835 10
1738044421429 0.7947016358375549 11
1738044421430 0.783362627029419 12
1738044421432 0.7582106590270996 13
1738044421433 0.7392789721488953 14
1738044421434 0.7105600237846375 15
1738044421436 0.690580427646637 16
1738044421437 0.6830844283103943 17
1738044421438 0.6613790392875671 18
1738044421439 0.6496639847755432 19
1738044421440 0.6439851522445679 20
1738044421441 0.631169319152832 21
1738044421442 0.6168618202209473 22
1738044421443 0.6019802689552307 23
1738044421444 0.6006988883018494 24
1738044421445 0.5889846086502075 25
1738044421446 0.5783488154411316 26
1738044421447 0.5797950625419617 27
1738044421448 0.5688222646713257 28
1738044421449 0.5608663558959961 29
1738044421451 0.5484581589698792 30
1738044421452 0.5437685251235962 31
1738044421453 0.537318766117096 32
1738044421454 0.5408156514167786 33
1738044421455 0.5225200653076172 34
1738044421456 0.5171974301338196 35
1738044421457 0.5338790416717529 36
1738044421458 0.5046966075897217 37
1738044421459 0.5081527233123779 38
1738044421460 0.49548327922821045 39
1738044421461 0.5131145119667053 40
1738044421462 0.5060601234436035 41
1738044421463 0.4822565019130707 42
1738044421464 0.48844245076179504 43
1738044421465 0.4821280539035797 44
1738044421466 0.4655698537826538 45
1738044421467 0.4667227864265442 46
1738044421468 0.47607457637786865 47
1738044421469 0.4769062101840973 48
1738044421471 0.481416255235672 49
1738044421472 0.4648573696613312 50
1738044421473 0.45944103598594666 51
1738044421474 0.45130419731140137 52
1738044421475 0.45444202423095703 53
1738044421476 0.4408981204032898 54
1738044421477 0.4462961256504059 55
1738044421478 0.44612860679626465 56
1738044421479 0.4411599040031433 57
1738044421480 0.4428807199001312 58
1738044421481 0.4272574484348297 59
1738044421482 0.4216751158237457 60
1738044421483 0.4274475872516632 61
1738044421484 0.4258189797401428 62
1738044421485 0.4237082302570343 63
1738044421486 0.41780468821525574 64
1738044421487 0.41041621565818787 65
1738044421488 0.4164479374885559 66
1738044421489 0.43093058466911316 67
1738044421490 0.4101946949958801 68
1738044421490 0.4040575325489044 69
1738044421491 0.4062564969062805 70
1738044421492 0.4066028892993927 71
