1738027465244 0.3723437488079071 0
1738027465247 0.5588281154632568 1
1738027465248 0.6354687213897705 2
1738027465249 0.6704687476158142 3
1738027465250 0.6973437666893005 4
1738027465252 0.7192187309265137 5
1738027465254 0.7343359589576721 6
1738027465256 0.752148449420929 7
1738027465258 0.7617577910423279 8
1738027465259 0.7688671946525574 9
1738027465261 0.7778906226158142 10
1738027465262 0.7787500023841858 11
1738027465263 0.7921484112739563 12
1738027465264 0.7956640720367432 13
1738027465265 0.7951562404632568 14
1738027465266 0.7898046970367432 15
1738027465268 0.8024609088897705 16
1738027465270 0.8019921779632568 17
1738027465271 0.8119531273841858 18
1738027465273 0.8157812356948853 19
1738027465274 0.8111718893051147 20
1738027465275 0.8181250095367432 21
1738027465276 0.8187109231948853 22
1738027465277 0.8228515386581421 23
1738027465278 0.8241797089576721 24
1738027465279 0.8190624713897705 25
1738027465280 0.8221484422683716 26
1738027465281 0.8258593678474426 27
1738027465282 0.8270702958106995 28
1738027465283 0.8351171612739563 29
1738027465284 0.8340625166893005 30
1738027465287 0.8315625190734863 31
1738027465288 0.8379687666893005 32
1738027465289 0.8407421708106995 33
1738027465290 0.837109386920929 34
1738027465291 0.8437890410423279 35
1738027465292 0.8454687595367432 36
1738027465293 0.8442187309265137 37
1738027465294 0.8481640815734863 38
1738027465295 0.8487499952316284 39
1738027465296 0.8499609231948853 40
1738027465297 0.8453124761581421 41
1738027465298 0.8531640768051147 42
1738027465299 0.8512109518051147 43
1738027465300 0.8550000190734863 44
1738027465301 0.848828136920929 45
1738027465303 0.8567968606948853 46
1738027465305 0.85546875 47
1738027465307 0.8575780987739563 48
1738027465308 0.8535937666893005 49
1738027465309 0.8571093678474426 50
1738027465310 0.8551562428474426 51
1738027465311 0.8610546588897705 52
1738027465312 0.8639062643051147 53
1738027465313 0.8596093654632568 54
1738027465314 0.8588671684265137 55
1738027465315 0.8617578148841858 56
1738027465316 0.863085925579071 57
1738027465316 0.8641015887260437 58
1738027465317 0.8629297018051147 59
1738027465319 0.8610156178474426 60
1738027465320 0.858593761920929 61
1738027465321 0.860546886920929 62
1738027465322 0.8657422065734863 63
1738027465324 0.8629687428474426 64
1738027465325 0.8664453029632568 65
1738027465326 0.8654687404632568 66
1738027465327 0.8631250262260437 67
1738027465328 0.8545312285423279 68
1738027465329 0.8597265481948853 69
1738027465330 0.8656250238418579 70
1738027465331 0.8653125166893005 71
