1738027465244 1.675717830657959 0
1738027465247 1.2208433151245117 1
1738027465248 1.0554804801940918 2
1738027465249 0.9793407917022705 3
1738027465250 0.9148452877998352 4
1738027465252 0.8687835931777954 5
1738027465254 0.8182015419006348 6
1738027465256 0.7742751836776733 7
1738027465258 0.7409664392471313 8
1738027465259 0.7286760210990906 9
1738027465261 0.7022971510887146 10
1738027465262 0.7059715390205383 11
1738027465263 0.6532871127128601 12
1738027465264 0.6451184153556824 13
1738027465265 0.6395079493522644 14
1738027465266 0.6710289716720581 15
1738027465268 0.6294018030166626 16
1738027465270 0.6210044622421265 17
1738027465271 0.5982702970504761 18
1738027465273 0.5960146188735962 19
1738027465274 0.6046242117881775 20
1738027465275 0.5822417140007019 21
1738027465276 0.5769346356391907 22
1738027465277 0.5566411018371582 23
1738027465278 0.5593088269233704 24
1738027465279 0.5705110430717468 25
1738027465280 0.5600428581237793 26
1738027465281 0.5445185303688049 27
1738027465282 0.537030041217804 28
1738027465283 0.5206689238548279 29
1738027465284 0.5255077481269836 30
1738027465287 0.5316338539123535 31
1738027465288 0.518627405166626 32
1738027465289 0.5141040682792664 33
1738027465290 0.5212818384170532 34
1738027465291 0.5005460977554321 35
1738027465292 0.4934203028678894 36
1738027465293 0.4968508780002594 37
1738027465294 0.4861258566379547 38
1738027465295 0.4792047142982483 39
1738027465296 0.4764007329940796 40
1738027465297 0.49706321954727173 41
1738027465298 0.4710298180580139 42
1738027465299 0.4741555452346802 43
1738027465300 0.4613877832889557 44
1738027465301 0.4745577275753021 45
1738027465303 0.46050435304641724 46
1738027465305 0.45643413066864014 47
1738027465307 0.4472816586494446 48
1738027465308 0.46202048659324646 49
1738027465309 0.4473794102668762 50
1738027465310 0.4503369629383087 51
1738027465311 0.43570655584335327 52
1738027465312 0.429992139339447 53
1738027465313 0.4420313239097595 54
1738027465314 0.440989226102829 55
1738027465315 0.43226078152656555 56
1738027465316 0.43285462260246277 57
1738027465316 0.43039608001708984 58
1738027465317 0.42823290824890137 59
1738027465319 0.43833741545677185 60
1738027465320 0.4483211636543274 61
1738027465321 0.4321307837963104 62
1738027465322 0.4186502695083618 63
1738027465324 0.42731884121894836 64
1738027465325 0.4229743480682373 65
1738027465326 0.418208509683609 66
1738027465327 0.4403892457485199 67
1738027465328 0.45855697989463806 68
1738027465329 0.43848514556884766 69
1738027465330 0.42538151144981384 70
1738027465331 0.42702946066856384 71
