1738117312906 0.4329296946525574 0
1738117312907 0.6120703220367432 1
1738117312909 0.6791015863418579 2
1738117312910 0.7232812643051147 3
1738117312913 0.7498828172683716 4
1738117312915 0.7641797065734863 5
1738117312917 0.7788671851158142 6
1738117312920 0.7833593487739563 7
1738117312922 0.8013671636581421 8
1738117312924 0.8006250262260437 9
1738117312925 0.8116015791893005 10
1738117312926 0.8151953220367432 11
1738117312927 0.8196874856948853 12
1738117312928 0.824999988079071 13
1738117312930 0.8264453411102295 14
1738117312931 0.8340234160423279 15
1738117312932 0.8342187404632568 16
1738117312933 0.8405859470367432 17
1738117312935 0.8399609327316284 18
1738117312937 0.8432031273841858 19
1738117312939 0.8469531536102295 20
1738117312941 0.8427343964576721 21
1738117312942 0.8503124713897705 22
1738117312944 0.8515625 23
1738117312946 0.8532421588897705 24
1738117312948 0.8546484112739563 25
1738117312950 0.8576562404632568 26
1738117312952 0.8609765768051147 27
1738117312954 0.8570312261581421 28
1738117312956 0.8604687452316284 29
1738117312958 0.8599218726158142 30
1738117312959 0.8665234446525574 31
1738117312961 0.8642968535423279 32
1738117312962 0.8651171922683716 33
1738117312963 0.8676562309265137 34
1738117312964 0.867382824420929 35
1738117312965 0.8687890768051147 36
1738117312966 0.8643749952316284 37
1738117312968 0.8736327886581421 38
1738117312969 0.8696484565734863 39
1738117312970 0.8745703101158142 40
1738117312971 0.8720312714576721 41
1738117312972 0.8758203387260437 42
1738117312973 0.8763281106948853 43
1738117312975 0.8753515481948853 44
1738117312976 0.8794140815734863 45
1738117312977 0.8781640529632568 46
1738117312978 0.8822656273841858 47
1738117312979 0.8817577958106995 48
1738117312980 0.8821094036102295 49
1738117312982 0.8862109184265137 50
1738117312983 0.8807812333106995 51
1738117312984 0.8866015672683716 52
1738117312985 0.8888280987739563 53
1738117312986 0.8876171708106995 54
1738117312987 0.8892187476158142 55
1738117312989 0.8873828053474426 56
1738117312990 0.8962500095367432 57
1738117312991 0.893750011920929 58
1738117312992 0.8968359231948853 59
1738117312993 0.8942968845367432 60
1738117312994 0.8993750214576721 61
1738117312996 0.8963281512260437 62
1738117312997 0.8970312476158142 63
1738117312998 0.9022656083106995 64
1738117312999 0.8987500071525574 65
1738117313000 0.9022265672683716 66
