1738117312906 1.7511078119277954 0
1738117312907 1.1517903804779053 1
1738117312909 0.9475858211517334 2
1738117312910 0.8182685375213623 3
1738117312913 0.7402356863021851 4
1738117312915 0.6906187534332275 5
1738117312917 0.649689793586731 6
1738117312920 0.6297609806060791 7
1738117312922 0.5848932862281799 8
1738117312924 0.576978325843811 9
1738117312925 0.5463618040084839 10
1738117312926 0.5357811450958252 11
1738117312927 0.5229350924491882 12
1738117312928 0.5072243809700012 13
1738117312930 0.5005230903625488 14
1738117312931 0.4822281002998352 15
1738117312932 0.47895172238349915 16
1738117312933 0.4564739465713501 17
1738117312935 0.465482622385025 18
1738117312937 0.4491652250289917 19
1738117312939 0.445097416639328 20
1738117312941 0.4477721154689789 21
1738117312942 0.4275776147842407 22
1738117312944 0.432003378868103 23
1738117312946 0.42255279421806335 24
1738117312948 0.41571494936943054 25
1738117312950 0.41011932492256165 26
1738117312952 0.4028942883014679 27
1738117312954 0.40953171253204346 28
1738117312956 0.3944731652736664 29
1738117312958 0.39703264832496643 30
1738117312959 0.380736768245697 31
1738117312961 0.3875626027584076 32
1738117312962 0.38444384932518005 33
1738117312963 0.3799338936805725 34
1738117312964 0.3790295422077179 35
1738117312965 0.3724595606327057 36
1738117312966 0.3804284334182739 37
1738117312968 0.3579893112182617 38
1738117312969 0.3727336823940277 39
1738117312970 0.3592289388179779 40
1738117312971 0.36239832639694214 41
1738117312972 0.35420310497283936 42
1738117312973 0.3476000130176544 43
1738117312975 0.35579410195350647 44
1738117312976 0.3466387987136841 45
1738117312977 0.3481368124485016 46
1738117312978 0.337675005197525 47
1738117312979 0.3420275151729584 48
1738117312980 0.3344371020793915 49
1738117312982 0.328246533870697 50
1738117312983 0.33810707926750183 51
1738117312984 0.3256019353866577 52
1738117312985 0.32252752780914307 53
1738117312986 0.32282406091690063 54
1738117312987 0.32482337951660156 55
1738117312989 0.32320472598075867 56
1738117312990 0.31226542592048645 57
1738117312991 0.31564590334892273 58
1738117312992 0.30731648206710815 59
1738117312993 0.30867189168930054 60
1738117312994 0.2983984053134918 61
1738117312996 0.30249443650245667 62
1738117312997 0.30717507004737854 63
1738117312998 0.29668039083480835 64
1738117312999 0.2996421158313751 65
1738117313000 0.2918565273284912 66
