1738448225090 0.16570311784744263 0
1738448225093 0.16804687678813934 1
1738448225096 0.1626562476158142 2
1738448225098 0.16957031190395355 3
1738448225100 0.1662890613079071 4
1738448225102 0.16496093571186066 5
1738448225104 0.16890625655651093 6
1738448225105 0.16441406309604645 7
1738448225107 0.16425780951976776 8
1738448225108 0.16679687798023224 9
1738448225109 0.16613280773162842 10
1738448225111 0.16953125596046448 11
1738448225113 0.1658593714237213 12
1738448225115 0.16445311903953552 13
1738448225117 0.16984374821186066 14
1738448225118 0.16789062321186066 15
1738448225120 0.16374999284744263 16
1738448225121 0.16789062321186066 17
1738448225123 0.17054687440395355 18
1738448225124 0.1658593714237213 19
1738448225125 0.1675390601158142 20
1738448225127 0.16710937023162842 21
1738448225128 0.16703124344348907 22
1738448225130 0.16453124582767487 23
1738448225132 0.16765624284744263 24
1738448225134 0.1694921851158142 25
1738448225135 0.16890625655651093 26
1738448225136 0.16746093332767487 27
1738448225138 0.16464844346046448 28
1738448225139 0.16882812976837158 29
1738448225141 0.16796875 30
1738448225142 0.1669921875 31
1738448225143 0.16578124463558197 32
1738448225145 0.16199219226837158 33
1738448225146 0.16660156846046448 34
1738448225148 0.16675780713558197 35
1738448225149 0.16632813215255737 36
1738448225151 0.16746093332767487 37
1738448225152 0.166015625 38
1738448225153 0.1661718785762787 39
1738448225155 0.16765624284744263 40
1738448225156 0.16718749701976776 41
1738448225158 0.17023438215255737 42
1738448225159 0.16695313155651093 43
1738448225160 0.16640624403953552 44
1738448225162 0.1682421863079071 45
1738448225163 0.16582031548023224 46
1738448225165 0.16898436844348907 47
1738448225166 0.1689453125 48
1738448225167 0.1706250011920929 49
1738448225169 0.16796875 50
1738448225170 0.16953125596046448 51
1738448225172 0.1642187535762787 52
1738448225173 0.16816405951976776 53
1738448225174 0.1692187488079071 54
1738448225176 0.1694921851158142 55
1738448225177 0.1625390648841858 56
1738448225178 0.16535156965255737 57
1738448225180 0.1672656238079071 58
1738448225181 0.16757813096046448 59
1738448225183 0.1654687523841858 60
1738448225184 0.1657421886920929 61
1738448225185 0.1643359363079071 62
1738448225187 0.16539062559604645 63
1738448225188 0.1651953160762787 64
1738448225189 0.16589844226837158 65
1738448225191 0.1664453148841858 66
1738448225192 0.16933593153953552 67
1738448225194 0.16777344048023224 68
1738448225195 0.16359375417232513 69
1738448225196 0.1671484410762787 70
1738448225198 0.16777344048023224 71
1738448225199 0.1676953136920929 72
1738448225201 0.16410155594348907 73
1738448225202 0.16492187976837158 74
1738448225203 0.16679687798023224 75
1738448225205 0.16394531726837158 76
1738448225206 0.16609375178813934 77
1738448225207 0.16339844465255737 78
1738448225209 0.17050781846046448 79
1738448225210 0.1668359339237213 80
1738448225212 0.1703515648841858 81
1738448225213 0.16527344286441803 82
1738448225214 0.16222655773162842 83
1738448225216 0.16734375059604645 84
1738448225217 0.16582031548023224 85
1738448225219 0.1714453101158142 86
1738448225220 0.16597656905651093 87
1738448225221 0.1667187511920929 88
1738448225223 0.17136718332767487 89
1738448225224 0.16882812976837158 90
1738448225225 0.16652344167232513 91
1738448225227 0.1622656285762787 92
1738448225228 0.16124999523162842 93
1738448225230 0.16304688155651093 94
1738448225231 0.16386719048023224 95
1738448225232 0.16648437082767487 96
1738448225234 0.17054687440395355 97
1738448225235 0.16738280653953552 98
1738448225236 0.1697656214237213 99
1738448225238 0.16582031548023224 100
1738448225239 0.17042969167232513 101
1738448225241 0.16960936784744263 102
1738448225242 0.16269531846046448 103
1738448225243 0.16675780713558197 104
1738448225245 0.16785156726837158 105
1738448225246 0.16929687559604645 106
1738448225248 0.16542968153953552 107
1738448225249 0.16613280773162842 108
1738448225250 0.1706250011920929 109
1738448225252 0.16722656786441803 110
1738448225253 0.1647656261920929 111
1738448225255 0.16652344167232513 112
1738448225256 0.16554687917232513 113
1738448225257 0.16511718928813934 114
1738448225259 0.16523437201976776 115
1738448225260 0.16761718690395355 116
1738448225261 0.1714453101158142 117
1738448225263 0.16972656548023224 118
1738448225264 0.1633593738079071 119
