1738448225090 22.944448471069336 0
1738448225093 17.77027702331543 1
1738448225096 16.683557510375977 2
1738448225098 16.875816345214844 3
1738448225100 16.46483612060547 4
1738448225102 15.955533027648926 5
1738448225104 16.477981567382812 6
1738448225105 16.359325408935547 7
1738448225107 15.722012519836426 8
1738448225108 16.0421085357666 9
1738448225109 16.593420028686523 10
1738448225111 16.468217849731445 11
1738448225113 15.981744766235352 12
1738448225115 16.13848114013672 13
1738448225117 16.0490665435791 14
1738448225118 15.890484809875488 15
1738448225120 16.362878799438477 16
1738448225121 16.418025970458984 17
1738448225123 15.723776817321777 18
1738448225124 15.706273078918457 19
1738448225125 15.969417572021484 20
1738448225127 16.023712158203125 21
1738448225128 15.937716484069824 22
1738448225130 16.219789505004883 23
1738448225132 16.240636825561523 24
1738448225134 15.884382247924805 25
1738448225135 16.021970748901367 26
1738448225136 16.189115524291992 27
1738448225138 15.862071990966797 28
1738448225139 15.975507736206055 29
1738448225141 15.920777320861816 30
1738448225142 16.0856876373291 31
1738448225143 15.684589385986328 32
1738448225145 15.761399269104004 33
1738448225146 16.503232955932617 34
1738448225148 16.401226043701172 35
1738448225149 15.51899528503418 36
1738448225151 15.623259544372559 37
1738448225152 15.788077354431152 38
1738448225153 16.05953025817871 39
1738448225155 16.109621047973633 40
1738448225156 16.154491424560547 41
1738448225158 15.756606101989746 42
1738448225159 15.705592155456543 43
1738448225160 16.41185188293457 44
1738448225162 16.099397659301758 45
1738448225163 15.753558158874512 46
1738448225165 16.22631072998047 47
1738448225166 15.947752952575684 48
1738448225167 15.669407844543457 49
1738448225169 15.805283546447754 50
1738448225170 15.798318862915039 51
1738448225172 16.278793334960938 52
1738448225173 15.970941543579102 53
1738448225174 16.2574462890625 54
1738448225176 16.098560333251953 55
1738448225177 15.8395357131958 56
1738448225178 15.968436241149902 57
1738448225180 16.161287307739258 58
1738448225181 16.436616897583008 59
1738448225183 16.430068969726562 60
1738448225184 15.886229515075684 61
1738448225185 15.85338020324707 62
1738448225187 15.998186111450195 63
1738448225188 16.291072845458984 64
1738448225189 15.812549591064453 65
1738448225191 15.781454086303711 66
1738448225192 16.352628707885742 67
1738448225194 16.1458797454834 68
1738448225195 15.90186882019043 69
1738448225196 15.685149192810059 70
1738448225198 15.841141700744629 71
1738448225199 15.609681129455566 72
1738448225201 15.966021537780762 73
1738448225202 16.16783905029297 74
1738448225203 16.034440994262695 75
1738448225205 15.394421577453613 76
1738448225206 15.951915740966797 77
1738448225207 16.920879364013672 78
1738448225209 15.739910125732422 79
1738448225210 15.526851654052734 80
1738448225212 15.499415397644043 81
1738448225213 16.14745330810547 82
1738448225214 16.00672149658203 83
1738448225216 15.990365028381348 84
1738448225217 16.110633850097656 85
1738448225219 15.638086318969727 86
1738448225220 15.940678596496582 87
1738448225221 16.166353225708008 88
1738448225223 15.906773567199707 89
1738448225224 15.771784782409668 90
1738448225225 15.855338096618652 91
1738448225227 16.058923721313477 92
1738448225228 15.76456069946289 93
1738448225230 15.950250625610352 94
1738448225231 16.00591278076172 95
1738448225232 16.437545776367188 96
1738448225234 16.136526107788086 97
1738448225235 16.173261642456055 98
1738448225236 16.24077796936035 99
1738448225238 15.947003364562988 100
1738448225239 16.14702796936035 101
1738448225241 15.919605255126953 102
1738448225242 15.934525489807129 103
1738448225243 16.13951301574707 104
1738448225245 16.043745040893555 105
1738448225246 15.93786334991455 106
1738448225248 15.820291519165039 107
1738448225249 16.15732192993164 108
1738448225250 16.088455200195312 109
1738448225252 15.750528335571289 110
1738448225253 16.142322540283203 111
1738448225255 17.019454956054688 112
1738448225256 15.955832481384277 113
1738448225257 15.805959701538086 114
1738448225259 16.13435935974121 115
1738448225260 16.468814849853516 116
1738448225261 16.022233963012695 117
1738448225263 15.890190124511719 118
1738448225264 15.78723430633545 119
