1738447682564 0.27980467677116394 0
1738447682566 0.39625000953674316 1
1738447682568 0.4466015696525574 2
1738447682569 0.45679688453674316 3
1738447682571 0.4698437452316284 4
1738447682573 0.48234376311302185 5
1738447682575 0.48640623688697815 6
1738447682576 0.4962109327316284 7
1738447682578 0.5035937428474426 8
1738447682579 0.5031640529632568 9
1738447682581 0.5139843821525574 10
1738447682582 0.5205468535423279 11
1738447682584 0.5199999809265137 12
1738447682585 0.5192187428474426 13
1738447682587 0.5196874737739563 14
1738447682589 0.5254687666893005 15
1738447682591 0.5262500047683716 16
1738447682592 0.5225781202316284 17
1738447682594 0.5205468535423279 18
1738447682595 0.5302343964576721 19
1738447682597 0.531054675579071 20
1738447682598 0.5348827838897705 21
1738447682599 0.5328124761581421 22
1738447682601 0.5326562523841858 23
1738447682602 0.5341015458106995 24
1738447682604 0.5346093773841858 25
1738447682606 0.5355468988418579 26
1738447682607 0.5321484208106995 27
1738447682609 0.541210949420929 28
1738447682610 0.5389062762260437 29
1738447682612 0.5435937643051147 30
1738447682613 0.5339453220367432 31
1738447682614 0.5396093726158142 32
1738447682616 0.5408984422683716 33
1738447682617 0.5429297089576721 34
1738447682619 0.5409765839576721 35
1738447682620 0.5423046946525574 36
1738447682622 0.5427343845367432 37
1738447682623 0.5418359637260437 38
1738447682624 0.5432422161102295 39
1738447682626 0.5462499856948853 40
1738447682627 0.5448828339576721 41
1738447682629 0.5471093654632568 42
1738447682630 0.5390625 43
1738447682631 0.5458202958106995 44
1738447682633 0.5517578125 45
1738447682634 0.5475780963897705 46
1738447682636 0.548046886920929 47
1738447682637 0.5455468893051147 48
1738447682638 0.5531640648841858 49
1738447682640 0.5459374785423279 50
1738447682641 0.5479687452316284 51
1738447682643 0.5528905987739563 52
1738447682644 0.5486719012260437 53
1738447682645 0.5498828291893005 54
1738447682647 0.5497656464576721 55
1738447682648 0.5523437261581421 56
1738447682649 0.5517187714576721 57
1738447682651 0.5478906035423279 58
1738447682652 0.551562488079071 59
1738447682654 0.5517968535423279 60
1738447682655 0.554492175579071 61
1738447682656 0.5595312714576721 62
1738447682658 0.5546484589576721 63
1738447682659 0.5538281202316284 64
1738447682661 0.5528125166893005 65
1738447682662 0.5551953315734863 66
1738447682663 0.5549218654632568 67
1738447682665 0.5484374761581421 68
1738447682666 0.5573828220367432 69
1738447682668 0.5551953315734863 70
1738447682669 0.5579687356948853 71
1738447682670 0.553515613079071 72
1738447682672 0.5604296922683716 73
1738447682673 0.5533202886581421 74
1738447682674 0.5564844012260437 75
1738447682676 0.5569140911102295 76
1738447682677 0.5621093511581421 77
1738447682679 0.5525781512260437 78
1738447682680 0.5550390481948853 79
1738447682681 0.5614452958106995 80
1738447682683 0.5628906488418579 81
1738447682684 0.5560547113418579 82
1738447682685 0.5599609613418579 83
1738447682687 0.5557031035423279 84
1738447682688 0.5589452981948853 85
1738447682689 0.5585156083106995 86
1738447682691 0.555859386920929 87
1738447682692 0.5585547089576721 88
1738447682694 0.5602734088897705 89
1738447682695 0.5606250166893005 90
1738447682696 0.5686718821525574 91
1738447682698 0.558789074420929 92
1738447682699 0.5596484541893005 93
1738447682700 0.5616796612739563 94
1738447682702 0.5569531321525574 95
1738447682703 0.5625781416893005 96
1738447682704 0.5584375262260437 97
1738447682706 0.5649609565734863 98
1738447682707 0.5613672137260437 99
1738447682709 0.5625781416893005 100
1738447682710 0.561718761920929 101
1738447682711 0.5673437714576721 102
1738447682713 0.5653515458106995 103
1738447682714 0.5576562285423279 104
1738447682716 0.5525781512260437 105
1738447682717 0.568554699420929 106
1738447682719 0.5595312714576721 107
1738447682720 0.5648828148841858 108
1738447682721 0.5645703077316284 109
1738447682723 0.5643359422683716 110
1738447682725 0.5622265338897705 111
1738447682728 0.5686718821525574 112
1738447682730 0.5650781393051147 113
1738447682732 0.5627734661102295 114
1738447682734 0.5614452958106995 115
1738447682736 0.56640625 116
1738447682737 0.5631640553474426 117
1738447682739 0.5608984231948853 118
1738447682740 0.5624609589576721 119
