1738447682564 1.755861759185791 0
1738447682566 1.508931279182434 1
1738447682568 1.4266315698623657 2
1738447682569 1.4003063440322876 3
1738447682571 1.3689063787460327 4
1738447682573 1.3472204208374023 5
1738447682575 1.3318814039230347 6
1738447682576 1.3197728395462036 7
1738447682578 1.2992753982543945 8
1738447682579 1.301506757736206 9
1738447682581 1.2769891023635864 10
1738447682582 1.2801976203918457 11
1738447682584 1.2634027004241943 12
1738447682585 1.2691212892532349 13
1738447682587 1.2618992328643799 14
1738447682589 1.2533496618270874 15
1738447682591 1.248914361000061 16
1738447682592 1.2541399002075195 17
1738447682594 1.2646667957305908 18
1738447682595 1.245154857635498 19
1738447682597 1.2374199628829956 20
1738447682598 1.228520393371582 21
1738447682599 1.2262269258499146 22
1738447682601 1.2308413982391357 23
1738447682602 1.2312941551208496 24
1738447682604 1.2320116758346558 25
1738447682606 1.226077675819397 26
1738447682607 1.2253738641738892 27
1738447682609 1.2120784521102905 28
1738447682610 1.2204002141952515 29
1738447682612 1.2041794061660767 30
1738447682613 1.2212004661560059 31
1738447682614 1.216620922088623 32
1738447682616 1.20993173122406 33
1738447682617 1.2125414609909058 34
1738447682619 1.208250880241394 35
1738447682620 1.2059738636016846 36
1738447682622 1.2023993730545044 37
1738447682623 1.2021690607070923 38
1738447682624 1.1992671489715576 39
1738447682626 1.1990700960159302 40
1738447682627 1.2006534337997437 41
1738447682629 1.199631929397583 42
1738447682630 1.2090781927108765 43
1738447682631 1.1914337873458862 44
1738447682633 1.1828739643096924 45
1738447682634 1.1916635036468506 46
1738447682636 1.1947365999221802 47
1738447682637 1.1960431337356567 48
1738447682638 1.1875673532485962 49
1738447682640 1.1928502321243286 50
1738447682641 1.1908458471298218 51
1738447682643 1.1864020824432373 52
1738447682644 1.1895887851715088 53
1738447682645 1.19325590133667 54
1738447682647 1.1864006519317627 55
1738447682648 1.1832062005996704 56
1738447682649 1.1787903308868408 57
1738447682651 1.1860209703445435 58
1738447682652 1.1833984851837158 59
1738447682654 1.1800156831741333 60
1738447682655 1.1780444383621216 61
1738447682656 1.163732647895813 62
1738447682658 1.17987060546875 63
1738447682659 1.175673007965088 64
1738447682661 1.1749720573425293 65
1738447682662 1.1706018447875977 66
1738447682663 1.1726067066192627 67
1738447682665 1.1772595643997192 68
1738447682666 1.1680415868759155 69
1738447682668 1.1806201934814453 70
1738447682669 1.1736663579940796 71
1738447682670 1.1719714403152466 72
1738447682672 1.1621296405792236 73
1738447682673 1.1741583347320557 74
1738447682674 1.1701911687850952 75
1738447682676 1.1692489385604858 76
1738447682677 1.162796974182129 77
1738447682679 1.1700584888458252 78
1738447682680 1.1713083982467651 79
1738447682681 1.160752773284912 80
1738447682683 1.1622217893600464 81
1738447682684 1.1763375997543335 82
1738447682685 1.1649699211120605 83
1738447682687 1.1745084524154663 84
1738447682688 1.1687989234924316 85
1738447682689 1.1691721677780151 86
1738447682691 1.1594061851501465 87
1738447682692 1.1686294078826904 88
1738447682694 1.1606040000915527 89
1738447682695 1.160210371017456 90
1738447682696 1.1473621129989624 91
1738447682698 1.1599888801574707 92
1738447682699 1.170770525932312 93
1738447682700 1.1555825471878052 94
1738447682702 1.1676356792449951 95
1738447682703 1.1632294654846191 96
1738447682704 1.1653506755828857 97
1738447682706 1.1600372791290283 98
1738447682707 1.1621171236038208 99
1738447682709 1.1595762968063354 100
1738447682710 1.1616147756576538 101
1738447682711 1.1505862474441528 102
1738447682713 1.1591293811798096 103
1738447682714 1.1637626886367798 104
1738447682716 1.1769649982452393 105
1738447682717 1.1459770202636719 106
1738447682719 1.1585959196090698 107
1738447682720 1.1543561220169067 108
1738447682721 1.1620855331420898 109
1738447682723 1.1516164541244507 110
1738447682725 1.1581432819366455 111
1738447682728 1.1392719745635986 112
1738447682730 1.151612639427185 113
1738447682732 1.1596816778182983 114
1738447682734 1.1530475616455078 115
1738447682736 1.1500767469406128 116
1738447682737 1.1542978286743164 117
1738447682739 1.1542068719863892 118
1738447682740 1.149921178817749 119
