1738434394220 3.849928379058838 0
1738434394222 2.9026498794555664 1
1738434394223 3.0480759143829346 2
1738434394225 2.6051297187805176 3
1738434394227 2.90158748626709 4
1738434394230 2.484463930130005 5
1738434394233 2.149951696395874 6
1738434394235 2.2683002948760986 7
1738434394237 2.603640556335449 8
1738434394239 2.9168856143951416 9
1738434394241 2.370861530303955 10
1738434394243 2.141608715057373 11
1738434394245 2.1654531955718994 12
1738434394246 2.515096664428711 13
1738434394247 2.5836379528045654 14
1738434394249 2.3392810821533203 15
1738434394250 2.253068447113037 16
1738434394251 2.3018884658813477 17
1738434394252 2.35438871383667 18
1738434394253 2.4269931316375732 19
1738434394255 2.627786636352539 20
1738434394256 2.3232645988464355 21
1738434394258 2.1387524604797363 22
1738434394259 2.3353705406188965 23
1738434394260 2.2878341674804688 24
1738434394261 2.658116340637207 25
1738434394262 2.65693998336792 26
1738434394264 2.144509792327881 27
1738434394265 2.2022550106048584 28
1738434394266 2.302013874053955 29
1738434394267 12.868729591369629 30
1738434394268 36.04218673706055 31
1738434394269 1.982694387435913 32
1738434394270 1.9556972980499268 33
1738434394272 1.9502630233764648 34
1738434394273 1.948058009147644 35
1738434394275 1.9400264024734497 36
1738434394276 1.9615710973739624 37
1738434394278 1.967066764831543 38
1738434394280 1.9582079648971558 39
1738434394282 1.9712753295898438 40
1738434394284 1.9566333293914795 41
1738434394286 1.9741557836532593 42
1738434394288 1.9930915832519531 43
1738434394289 1.9836337566375732 44
1738434394291 1.9838240146636963 45
1738434394293 1.9735243320465088 46
1738434394295 1.982336401939392 47
1738434394297 1.9780519008636475 48
1738434394299 2.02809739112854 49
1738434394301 2.060713291168213 50
1738434394303 2.0725784301757812 51
1738434394304 2.1094970703125 52
1738434394306 2.29604434967041 53
1738434394308 2.3899691104888916 54
1738434394310 2.403487205505371 55
1738434394312 2.209815502166748 56
1738434394314 2.155867338180542 57
1738434394316 2.1807334423065186 58
1738434394318 2.2612154483795166 59
1738434394320 2.19626522064209 60
1738434394321 2.3024067878723145 61
1738434394323 2.8857927322387695 62
1738434394325 2.613940715789795 63
1738434394327 2.5850985050201416 64
1738434394329 2.7254958152770996 65
1738434394331 2.6589386463165283 66
1738434394333 2.184905529022217 67
1738434394335 2.345512628555298 68
1738434394337 2.989781379699707 69
1738434394338 3.1228232383728027 70
1738434394340 2.1595659255981445 71
1738434394342 2.2425129413604736 72
1738434394344 2.2842559814453125 73
1738434394346 2.688354730606079 74
1738434394348 2.649873971939087 75
1738434394350 2.7077527046203613 76
1738434394352 2.3360915184020996 77
1738434394354 2.391676664352417 78
1738434394356 2.589092493057251 79
1738434394357 27.251798629760742 80
1738434394359 14.199206352233887 81
1738434394361 1.961296558380127 82
1738434394363 1.9554972648620605 83
1738434394365 1.932845115661621 84
1738434394367 1.9309269189834595 85
1738434394369 1.9456367492675781 86
1738434394371 1.9393728971481323 87
1738434394372 1.9777554273605347 88
1738434394374 1.943945050239563 89
1738434394376 1.953687310218811 90
1738434394378 1.9509490728378296 91
1738434394380 1.9922361373901367 92
1738434394382 2.0095057487487793 93
1738434394384 1.9620916843414307 94
1738434394385 1.9784843921661377 95
1738434394387 1.9668411016464233 96
1738434394389 1.9800835847854614 97
1738434394391 1.9949378967285156 98
1738434394392 2.1090357303619385 99
1738434394394 2.1557440757751465 100
1738434394396 2.187843084335327 101
1738434394398 2.2631359100341797 102
1738434394400 2.2606585025787354 103
1738434394402 2.273897647857666 104
1738434394404 2.1477468013763428 105
1738434394405 2.273643732070923 106
1738434394407 2.2944998741149902 107
1738434394409 2.2059664726257324 108
1738434394411 2.3076698780059814 109
1738434394413 2.260065793991089 110
1738434394415 2.460676670074463 111
1738434394417 2.7877025604248047 112
1738434394419 2.6107003688812256 113
1738434394421 2.501103401184082 114
1738434394423 2.6125106811523438 115
1738434394424 2.6089065074920654 116
1738434394426 2.4881813526153564 117
1738434394428 2.9784135818481445 118
1738434394430 2.3798017501831055 119
