1738434394220 0.17679686844348907 0
1738434394222 0.1762109398841858 1
1738434394223 0.17488281428813934 2
1738434394225 0.1700781285762787 3
1738434394227 0.17070312798023224 4
1738434394230 0.16695313155651093 5
1738434394233 0.16929687559604645 6
1738434394235 0.17292968928813934 7
1738434394237 0.1655859351158142 8
1738434394239 0.16566406190395355 9
1738434394241 0.16886718571186066 10
1738434394243 0.16738280653953552 11
1738434394245 0.16593749821186066 12
1738434394246 0.17082031071186066 13
1738434394247 0.16917969286441803 14
1738434394249 0.16625000536441803 15
1738434394250 0.1692187488079071 16
1738434394251 0.1640625 17
1738434394252 0.16277343034744263 18
1738434394253 0.16902343928813934 19
1738434394255 0.17000000178813934 20
1738434394256 0.16675780713558197 21
1738434394258 0.16535156965255737 22
1738434394259 0.16550780832767487 23
1738434394260 0.16664062440395355 24
1738434394261 0.16757813096046448 25
1738434394262 0.16761718690395355 26
1738434394264 0.16902343928813934 27
1738434394265 0.16414062678813934 28
1738434394266 0.1644921898841858 29
1738434394267 0.1662890613079071 30
1738434394268 0.16859374940395355 31
1738434394269 0.1654687523841858 32
1738434394270 0.1636328101158142 33
1738434394272 0.16710937023162842 34
1738434394273 0.1619531214237213 35
1738434394275 0.16523437201976776 36
1738434394276 0.1674218773841858 37
1738434394278 0.16468749940395355 38
1738434394280 0.16792969405651093 39
1738434394282 0.16820313036441803 40
1738434394284 0.16249999403953552 41
1738434394286 0.16496093571186066 42
1738434394288 0.16785156726837158 43
1738434394289 0.16660156846046448 44
1738434394291 0.16945312917232513 45
1738434394293 0.16523437201976776 46
1738434394295 0.1639062464237213 47
1738434394297 0.16808593273162842 48
1738434394299 0.1646093726158142 49
1738434394301 0.16609375178813934 50
1738434394303 0.16410155594348907 51
1738434394304 0.169921875 52
1738434394306 0.1694921851158142 53
1738434394308 0.17292968928813934 54
1738434394310 0.1657421886920929 55
1738434394312 0.16804687678813934 56
1738434394314 0.17207030951976776 57
1738434394316 0.16968749463558197 58
1738434394318 0.16847656667232513 59
1738434394320 0.16613280773162842 60
1738434394321 0.1685156226158142 61
1738434394323 0.16968749463558197 62
1738434394325 0.16523437201976776 63
1738434394327 0.1675390601158142 64
1738434394329 0.16367188096046448 65
1738434394331 0.16828125715255737 66
1738434394333 0.16648437082767487 67
1738434394335 0.16773436963558197 68
1738434394337 0.16285155713558197 69
1738434394338 0.16691406071186066 70
1738434394340 0.1676953136920929 71
1738434394342 0.1654687523841858 72
1738434394344 0.1642187535762787 73
1738434394346 0.16667968034744263 74
1738434394348 0.16804687678813934 75
1738434394350 0.17042969167232513 76
1738434394352 0.16863280534744263 77
1738434394354 0.16746093332767487 78
1738434394356 0.1665624976158142 79
1738434394357 0.16640624403953552 80
1738434394359 0.1665624976158142 81
1738434394361 0.1672656238079071 82
1738434394363 0.16660156846046448 83
1738434394365 0.16988281905651093 84
1738434394367 0.16625000536441803 85
1738434394369 0.1676953136920929 86
1738434394371 0.16996093094348907 87
1738434394372 0.16750000417232513 88
1738434394374 0.16789062321186066 89
1738434394376 0.16785156726837158 90
1738434394378 0.16906249523162842 91
1738434394380 0.1686718761920929 92
1738434394382 0.16718749701976776 93
1738434394384 0.16984374821186066 94
1738434394385 0.1704687476158142 95
1738434394387 0.16730469465255737 96
1738434394389 0.1721484363079071 97
1738434394391 0.1654687523841858 98
1738434394392 0.1655859351158142 99
1738434394394 0.16832031309604645 100
1738434394396 0.16273437440395355 101
1738434394398 0.17054687440395355 102
1738434394400 0.16718749701976776 103
1738434394402 0.16785156726837158 104
1738434394404 0.16597656905651093 105
1738434394405 0.16605468094348907 106
1738434394407 0.16675780713558197 107
1738434394409 0.16703124344348907 108
1738434394411 0.1678124964237213 109
1738434394413 0.16640624403953552 110
1738434394415 0.16578124463558197 111
1738434394417 0.16957031190395355 112
1738434394419 0.16484375298023224 113
1738434394421 0.1707421839237213 114
1738434394423 0.16687500476837158 115
1738434394424 0.16984374821186066 116
1738434394426 0.16914062201976776 117
1738434394428 0.1692187488079071 118
1738434394430 0.16859374940395355 119
