1738430203818 1.6610373258590698 0
1738430203819 1.4259165525436401 1
1738430203820 1.346975564956665 2
1738430203822 1.3017767667770386 3
1738430203823 1.2829610109329224 4
1738430203824 1.265282154083252 5
1738430203825 1.2475121021270752 6
1738430203826 1.2366448640823364 7
1738430203828 1.2212620973587036 8
1738430203830 1.225391149520874 9
1738430203831 1.2178066968917847 10
1738430203833 1.192427158355713 11
1738430203834 1.2030267715454102 12
1738430203836 1.1773966550827026 13
1738430203837 1.2003446817398071 14
1738430203838 1.1830127239227295 15
1738430203839 1.177107334136963 16
1738430203840 1.1783043146133423 17
1738430203841 1.1677613258361816 18
1738430203843 1.1658437252044678 19
1738430203845 1.170111894607544 20
1738430203847 1.158697485923767 21
1738430203848 1.154595136642456 22
1738430203849 1.1534308195114136 23
1738430203851 1.152177333831787 24
1738430203852 1.149703860282898 25
1738430203853 1.1403130292892456 26
1738430203854 1.145742416381836 27
1738430203855 1.1520158052444458 28
1738430203856 1.1407992839813232 29
1738430203857 1.137112021446228 30
1738430203858 1.153124213218689 31
1738430203859 1.1316124200820923 32
1738430203861 1.1466455459594727 33
