1738430203818 0.39527344703674316 0
1738430203819 0.49703124165534973 1
1738430203820 0.5306249856948853 2
1738430203822 0.5441015362739563 3
1738430203823 0.5608593821525574 4
1738430203824 0.5622656345367432 5
1738430203825 0.5768359303474426 6
1738430203826 0.5826562643051147 7
1738430203828 0.5883593559265137 8
1738430203830 0.5881249904632568 9
1738430203831 0.5924218893051147 10
1738430203833 0.6012499928474426 11
1738430203834 0.6014062762260437 12
1738430203836 0.608203113079071 13
1738430203837 0.604296863079071 14
1738430203838 0.6086328029632568 15
1738430203839 0.6128125190734863 16
1738430203840 0.6119531393051147 17
1738430203841 0.6197265386581421 18
1738430203843 0.6197265386581421 19
1738430203845 0.6178905963897705 20
1738430203847 0.6187890768051147 21
1738430203848 0.6219531297683716 22
1738430203849 0.6234765648841858 23
1738430203851 0.6286718845367432 24
1738430203852 0.6271874904632568 25
1738430203853 0.6298828125 26
1738430203854 0.6287500262260437 27
1738430203855 0.6263672113418579 28
1738430203856 0.630859375 29
1738430203857 0.632031261920929 30
1738430203858 0.6234765648841858 31
1738430203859 0.6339062452316284 32
1738430203861 0.6313281059265137 33
