1738770600466 0.45875000953674316 0
1738770600468 0.547656238079071 1
1738770600469 0.5777734518051147 2
1738770600470 0.5983984470367432 3
1738770600472 0.6253515481948853 4
1738770600473 0.6302343606948853 5
1738770600474 0.6475781202316284 6
1738770600477 0.6542187333106995 7
1738770600478 0.6624609231948853 8
1738770600479 0.6700780987739563 9
1738770600481 0.6767187714576721 10
1738770600482 0.6786327958106995 11
1738770600483 0.6860937476158142 12
1738770600484 0.6919531226158142 13
1738770600486 0.689648449420929 14
1738770600487 0.6960546970367432 15
1738770600488 0.7005468606948853 16
1738770600489 0.7100781202316284 17
1738770600490 0.7109375 18
1738770600492 0.7086328268051147 19
1738770600493 0.7165625095367432 20
1738770600494 0.7166796922683716 21
1738770600496 0.7210546731948853 22
1738770600497 0.7237499952316284 23
1738770600499 0.7204687595367432 24
1738770600500 0.7240234613418579 25
1738770600501 0.7259374856948853 26
1738770600502 0.7311718463897705 27
1738770600503 0.7292187213897705 28
1738770600505 0.7342968583106995 29
1738770600506 0.7305077910423279 30
1738770600507 0.736132800579071 31
1738770600508 0.7278906106948853 32
1738770600509 0.7398437261581421 33
1738770600511 0.7381640672683716 34
1738770600512 0.7376171946525574 35
1738770600513 0.7432031035423279 36
1738770600514 0.7381640672683716 37
1738770600515 0.7398828268051147 38
1738770600516 0.7393749952316284 39
1738770600518 0.7446874976158142 40
1738770600519 0.7431250214576721 41
1738770600520 0.7442187666893005 42
1738770600521 0.7483203411102295 43
1738770600522 0.7444531321525574 44
1738770600524 0.7431250214576721 45
1738770600525 0.7446093559265137 46
1738770600526 0.7503125071525574 47
1738770600527 0.7465234398841858 48
1738770600528 0.7525390386581421 49
1738770600529 0.7451562285423279 50
1738770600531 0.7496874928474426 51
1738770600532 0.7484765648841858 52
1738770600533 0.7523437738418579 53
1738770600534 0.7591406106948853 54
1738770600535 0.7500781416893005 55
1738770600536 0.7543359398841858 56
1738770600538 0.755078136920929 57
1738770600539 0.7553906440734863 58
1738770600540 0.7530078291893005 59
1738770600541 0.7556250095367432 60
1738770600542 0.7582421898841858 61
1738770600543 0.7552734613418579 62
1738770600545 0.7575781345367432 63
1738770600546 0.7595312595367432 64
1738770600547 0.755859375 65
1738770600548 0.7567968964576721 66
1738770600549 0.7617577910423279 67
1738770600550 0.755664050579071 68
1738770600551 0.7568749785423279 69
1738770600553 0.763671875 70
1738770600554 0.7616797089576721 71
1738770600555 0.7646874785423279 72
1738770600556 0.7647656202316284 73
1738770600557 0.7572265863418579 74
1738770600558 0.7594531178474426 75
1738770600559 0.7602734565734863 76
1738770600561 0.7604296803474426 77
1738770600562 0.7644140720367432 78
1738770600563 0.7650781273841858 79
1738770600564 0.758984386920929 80
1738770600565 0.7662500143051147 81
1738770600566 0.7633593678474426 82
1738770600568 0.7644922137260437 83
1738770600569 0.7637109160423279 84
1738770600570 0.7668359279632568 85
1738770600571 0.767773449420929 86
1738770600572 0.7642577886581421 87
1738770600573 0.7643749713897705 88
1738770600574 0.7638280987739563 89
1738770600576 0.7676953077316284 90
1738770600577 0.763867199420929 91
1738770600578 0.7717187404632568 92
1738770600579 0.7683203220367432 93
1738770600580 0.7676953077316284 94
1738770600581 0.773632824420929 95
1738770600582 0.7657421827316284 96
1738770600584 0.774218738079071 97
1738770600585 0.7709375023841858 98
1738770600586 0.7706249952316284 99
1738770600587 0.7711718678474426 100
1738770600588 0.7651953101158142 101
1738770600589 0.7645702958106995 102
1738770600591 0.7721874713897705 103
1738770600592 0.7703906297683716 104
1738770600593 0.7680078148841858 105
1738770600594 0.7670702934265137 106
1738770600595 0.7690234184265137 107
1738770600597 0.7682812213897705 108
1738770600598 0.7703515887260437 109
1738770600599 0.7699609398841858 110
1738770600600 0.7691015601158142 111
1738770600601 0.7706249952316284 112
1738770600602 0.7721874713897705 113
1738770600603 0.7702343463897705 114
1738770600605 0.7741405963897705 115
1738770600606 0.7676953077316284 116
1738770600607 0.7747656106948853 117
1738770600608 0.7723827958106995 118
1738770600609 0.7723047137260437 119
