1738770600466 1.375552773475647 0
1738770600468 1.1863524913787842 1
1738770600469 1.1147879362106323 2
1738770600470 1.0659747123718262 3
1738770600472 1.0079253911972046 4
1738770600473 0.9999759197235107 5
1738770600474 0.9663581252098083 6
1738770600477 0.9520408511161804 7
1738770600478 0.9282201528549194 8
1738770600479 0.9100127220153809 9
1738770600481 0.9048605561256409 10
1738770600482 0.8973398804664612 11
1738770600483 0.8810468912124634 12
1738770600484 0.8580644130706787 13
1738770600486 0.8606445789337158 14
1738770600487 0.8538861274719238 15
1738770600488 0.8463188409805298 16
1738770600489 0.8258434534072876 17
1738770600490 0.8202334642410278 18
1738770600492 0.8265123963356018 19
1738770600493 0.8111365437507629 20
1738770600494 0.80840665102005 21
1738770600496 0.7946550846099854 22
1738770600497 0.7937884330749512 23
1738770600499 0.7987213134765625 24
1738770600500 0.7948006391525269 25
1738770600501 0.7828361392021179 26
1738770600502 0.7808617353439331 27
1738770600503 0.7709713578224182 28
1738770600505 0.7656146287918091 29
1738770600506 0.7692963480949402 30
1738770600507 0.7601495981216431 31
1738770600508 0.781592607498169 32
1738770600509 0.758760929107666 33
1738770600511 0.7538994550704956 34
1738770600512 0.7557782530784607 35
1738770600513 0.7440319061279297 36
1738770600514 0.7535951733589172 37
1738770600515 0.7431989312171936 38
1738770600516 0.7472842931747437 39
1738770600518 0.7341587543487549 40
1738770600519 0.7390424609184265 41
1738770600520 0.7331464886665344 42
1738770600521 0.7310009002685547 43
1738770600522 0.740505576133728 44
1738770600524 0.7405036687850952 45
1738770600525 0.7360923290252686 46
1738770600526 0.717224657535553 47
1738770600527 0.7278270721435547 48
1738770600528 0.718637228012085 49
1738770600529 0.7249372601509094 50
1738770600531 0.725405752658844 51
1738770600532 0.7274611592292786 52
1738770600533 0.7163383364677429 53
1738770600534 0.7066067457199097 54
1738770600535 0.7228733897209167 55
1738770600536 0.7168827056884766 56
1738770600538 0.7088434100151062 57
1738770600539 0.7175363898277283 58
1738770600540 0.7125226855278015 59
1738770600541 0.7059873342514038 60
1738770600542 0.7029701471328735 61
1738770600543 0.7052111625671387 62
1738770600545 0.7071952223777771 63
1738770600546 0.6992219686508179 64
1738770600547 0.7085655927658081 65
1738770600548 0.7054405212402344 66
1738770600549 0.6867995262145996 67
1738770600550 0.7088522911071777 68
1738770600551 0.7014636993408203 69
1738770600553 0.6986701488494873 70
1738770600554 0.6901154518127441 71
1738770600555 0.6779152154922485 72
1738770600556 0.6908873915672302 73
1738770600557 0.7029960751533508 74
1738770600558 0.6966667771339417 75
1738770600559 0.6974579095840454 76
1738770600561 0.6997421383857727 77
1738770600562 0.6920197010040283 78
1738770600563 0.6869844198226929 79
1738770600564 0.6963660717010498 80
1738770600565 0.6865541934967041 81
1738770600566 0.6904430389404297 82
1738770600568 0.6888471245765686 83
1738770600569 0.6812370419502258 84
1738770600570 0.6853752136230469 85
1738770600571 0.6844292283058167 86
1738770600572 0.6865355968475342 87
1738770600573 0.683133602142334 88
1738770600574 0.6811434030532837 89
1738770600576 0.6763371825218201 90
1738770600577 0.684042751789093 91
1738770600578 0.6692028045654297 92
1738770600579 0.6731153130531311 93
1738770600580 0.6775240898132324 94
1738770600581 0.6604935526847839 95
1738770600582 0.6861283779144287 96
1738770600584 0.6633768677711487 97
1738770600585 0.6736927032470703 98
1738770600586 0.6761249303817749 99
1738770600587 0.6607328057289124 100
1738770600588 0.6829165816307068 101
1738770600589 0.6800644397735596 102
1738770600591 0.667127788066864 103
1738770600592 0.672788143157959 104
1738770600593 0.6766097545623779 105
1738770600594 0.676371693611145 106
1738770600595 0.6677159070968628 107
1738770600597 0.6720629334449768 108
1738770600598 0.6717216372489929 109
1738770600599 0.6810495853424072 110
1738770600600 0.6709003448486328 111
1738770600601 0.6696259379386902 112
1738770600602 0.6662430763244629 113
1738770600603 0.6740461587905884 114
1738770600605 0.667148768901825 115
1738770600606 0.6720387935638428 116
1738770600607 0.6614772081375122 117
1738770600608 0.6614726185798645 118
1738770600609 0.6630859971046448 119
