1738761177791 1.194847583770752 0
1738761177793 0.928255021572113 1
1738761177794 0.8202458024024963 2
1738761177795 0.7687826752662659 3
1738761177797 0.7323694825172424 4
1738761177798 0.6966098546981812 5
1738761177800 0.6573511362075806 6
1738761177802 0.6580110788345337 7
1738761177804 0.606698751449585 8
1738761177806 0.6141456961631775 9
1738761177807 0.595460832118988 10
1738761177808 0.5803263187408447 11
1738761177809 0.5781061053276062 12
1738761177810 0.5827699899673462 13
1738761177812 0.5549781322479248 14
1738761177813 0.5509815812110901 15
1738761177814 0.551658034324646 16
1738761177815 0.5459951162338257 17
1738761177816 0.5401867032051086 18
1738761177818 0.532417893409729 19
1738761177819 0.5230568051338196 20
1738761177821 0.5216991305351257 21
1738761177822 0.5092065334320068 22
1738761177823 0.5137327313423157 23
1738761177824 0.5110711455345154 24
1738761177826 0.5136313438415527 25
1738761177827 0.5037332773208618 26
1738761177828 0.5166211724281311 27
1738761177829 0.4852035641670227 28
1738761177830 0.4983172118663788 29
1738761177831 0.49554768204689026 30
1738761177833 0.4909828305244446 31
1738761177834 0.48955318331718445 32
1738761177835 0.49436667561531067 33
1738761177836 0.48554620146751404 34
1738761177837 0.4764452278614044 35
1738761177839 0.4758622646331787 36
1738761177840 0.48364681005477905 37
1738761177841 0.47317326068878174 38
1738761177842 0.4786064624786377 39
1738761177843 0.4809122383594513 40
1738761177844 0.4801163971424103 41
1738761177846 0.463344544172287 42
1738761177847 0.4618382751941681 43
1738761177848 0.4750976860523224 44
1738761177849 0.45687904953956604 45
1738761177850 0.46570175886154175 46
1738761177851 0.45893749594688416 47
1738761177853 0.4553060233592987 48
1738761177854 0.45782291889190674 49
1738761177855 0.4635934829711914 50
1738761177856 0.44041508436203003 51
1738761177857 0.45353397727012634 52
1738761177858 0.4400448203086853 53
1738761177859 0.4483397305011749 54
1738761177861 0.4623631238937378 55
1738761177862 0.4516400396823883 56
1738761177863 0.43840843439102173 57
1738761177864 0.45038023591041565 58
1738761177865 0.4449494481086731 59
1738761177866 0.4460114538669586 60
1738761177867 0.4378339350223541 61
1738761177868 0.4495687186717987 62
1738761177870 0.44327613711357117 63
1738761177871 0.43910208344459534 64
1738761177872 0.4368854761123657 65
1738761177873 0.4352443218231201 66
1738761177874 0.43779003620147705 67
1738761177875 0.4481201171875 68
1738761177876 0.43210938572883606 69
1738761177877 0.4331251382827759 70
1738761177879 0.4289472699165344 71
1738761177880 0.4328707456588745 72
1738761177881 0.43391579389572144 73
1738761177882 0.426814466714859 74
1738761177883 0.4318360388278961 75
1738761177884 0.4331637918949127 76
1738761177885 0.4362402856349945 77
1738761177886 0.4294832944869995 78
1738761177888 0.4247264564037323 79
1738761177889 0.4286259710788727 80
1738761177890 0.4342613220214844 81
1738761177891 0.4228126108646393 82
1738761177892 0.4288995862007141 83
1738761177893 0.4280552268028259 84
1738761177894 0.42214637994766235 85
1738761177895 0.42776423692703247 86
1738761177896 0.4231392741203308 87
1738761177898 0.4169931411743164 88
1738761177899 0.4123087227344513 89
1738761177900 0.42700591683387756 90
1738761177901 0.4289332628250122 91
1738761177902 0.4192037880420685 92
1738761177903 0.4220893085002899 93
1738761177904 0.4213576018810272 94
1738761177905 0.4183826744556427 95
1738761177907 0.41762641072273254 96
1738761177908 0.40334105491638184 97
1738761177909 0.4227409064769745 98
1738761177910 0.41592785716056824 99
1738761177911 0.4071561098098755 100
1738761177912 0.40765026211738586 101
1738761177913 0.41126659512519836 102
1738761177914 0.4210042655467987 103
1738761177916 0.4213244616985321 104
1738761177917 0.4103519320487976 105
1738761177918 0.4161878228187561 106
1738761177919 0.4128085672855377 107
1738761177920 0.4112352728843689 108
1738761177921 0.40615764260292053 109
1738761177923 0.4210010766983032 110
1738761177924 0.40827494859695435 111
1738761177925 0.4160099923610687 112
1738761177926 0.4088000953197479 113
1738761177927 0.4144480228424072 114
1738761177928 0.4080990254878998 115
1738761177929 0.4094662368297577 116
1738761177931 0.41199538111686707 117
1738761177932 0.41053757071495056 118
1738761177933 0.4047045111656189 119
