1738761177791 0.5396484136581421 0
1738761177793 0.6537890434265137 1
1738761177794 0.7049609422683716 2
1738761177795 0.726757824420929 3
1738761177797 0.7434375286102295 4
1738761177798 0.7567968964576721 5
1738761177800 0.7729687690734863 6
1738761177802 0.7718359231948853 7
1738761177804 0.7904687523841858 8
1738761177806 0.7896875143051147 9
1738761177807 0.7983202934265137 10
1738761177808 0.8027734160423279 11
1738761177809 0.8037890791893005 12
1738761177810 0.7982812523841858 13
1738761177812 0.8112109303474426 14
1738761177813 0.8150781393051147 15
1738761177814 0.8105078339576721 16
1738761177815 0.8145703077316284 17
1738761177816 0.8148046731948853 18
1738761177818 0.8217187523841858 19
1738761177819 0.824023425579071 20
1738761177821 0.8232812285423279 21
1738761177822 0.8282031416893005 22
1738761177823 0.8286718726158142 23
1738761177824 0.8291015625 24
1738761177826 0.8280859589576721 25
1738761177827 0.8295312523841858 26
1738761177828 0.8276562690734863 27
1738761177829 0.8374999761581421 28
1738761177830 0.8323437571525574 29
1738761177831 0.8334375023841858 30
1738761177833 0.8338671922683716 31
1738761177834 0.8376562595367432 32
1738761177835 0.8327343463897705 33
1738761177836 0.8382812738418579 34
1738761177837 0.8408593535423279 35
1738761177839 0.8428515791893005 36
1738761177840 0.8373047113418579 37
1738761177841 0.8416406512260437 38
1738761177842 0.83984375 39
1738761177843 0.8391015529632568 40
1738761177844 0.8408984541893005 41
1738761177846 0.8446875214576721 42
1738761177847 0.8485156297683716 43
1738761177848 0.8411328196525574 44
1738761177849 0.8470703363418579 45
1738761177850 0.8459765911102295 46
1738761177851 0.8468359112739563 47
1738761177853 0.8491796851158142 48
1738761177854 0.8468359112739563 49
1738761177855 0.8458203077316284 50
1738761177856 0.8530077934265137 51
1738761177857 0.8482031226158142 52
1738761177858 0.8563671708106995 53
1738761177859 0.8506640791893005 54
1738761177861 0.8446484208106995 55
1738761177862 0.8492968678474426 56
1738761177863 0.8533984422683716 57
1738761177864 0.8516406416893005 58
1738761177865 0.8520703315734863 59
1738761177866 0.852343738079071 60
1738761177867 0.8553515672683716 61
1738761177868 0.8482812643051147 62
1738761177870 0.8517968654632568 63
1738761177871 0.8557031154632568 64
1738761177872 0.8542187213897705 65
1738761177873 0.8530859351158142 66
1738761177874 0.8550000190734863 67
1738761177875 0.8515625 68
1738761177876 0.8572656512260437 69
1738761177877 0.8578906059265137 70
1738761177879 0.8596484661102295 71
1738761177880 0.8575780987739563 72
1738761177881 0.8557031154632568 73
1738761177882 0.8575390577316284 74
1738761177883 0.8563281297683716 75
1738761177884 0.8557422161102295 76
1738761177885 0.8564453125 77
1738761177886 0.8598437309265137 78
1738761177888 0.8609374761581421 79
1738761177889 0.8579297065734863 80
1738761177890 0.8548828363418579 81
1738761177891 0.8605077862739563 82
1738761177892 0.8555077910423279 83
1738761177893 0.8600390553474426 84
1738761177894 0.8589843511581421 85
1738761177895 0.8591015338897705 86
1738761177896 0.8608593940734863 87
1738761177898 0.8637109398841858 88
1738761177899 0.8641015887260437 89
1738761177900 0.8600000143051147 90
1738761177901 0.8567968606948853 91
1738761177902 0.8625390529632568 92
1738761177903 0.8603125214576721 93
1738761177904 0.8607812523841858 94
1738761177905 0.8640234470367432 95
1738761177907 0.8618359565734863 96
1738761177908 0.865039050579071 97
1738761177909 0.8614062666893005 98
1738761177910 0.8596875071525574 99
1738761177911 0.866406261920929 100
1738761177912 0.8651171922683716 101
1738761177913 0.8662109375 102
1738761177914 0.8607812523841858 103
1738761177916 0.8611719012260437 104
1738761177917 0.8656250238418579 105
1738761177918 0.8647265434265137 106
1738761177919 0.8626171946525574 107
1738761177920 0.8646484613418579 108
1738761177921 0.8660547137260437 109
1738761177923 0.8624218702316284 110
1738761177924 0.8617578148841858 111
1738761177925 0.861523449420929 112
1738761177926 0.8636327981948853 113
1738761177927 0.8631640672683716 114
1738761177928 0.8659765720367432 115
1738761177929 0.8642578125 116
1738761177931 0.8666796684265137 117
1738761177932 0.8639453053474426 118
1738761177933 0.8673046827316284 119
