1738036826280 0.4680859446525574 0
1738036826281 0.6378515362739563 1
1738036826282 0.6946094036102295 2
1738036826283 0.739062488079071 3
1738036826284 0.7574999928474426 4
1738036826285 0.7724609375 5
1738036826286 0.7806640863418579 6
1738036826287 0.7942968606948853 7
1738036826289 0.7938281297683716 8
1738036826290 0.8062499761581421 9
1738036826291 0.8012890815734863 10
1738036826292 0.8057031035423279 11
1738036826293 0.8176562786102295 12
1738036826294 0.8191797137260437 13
1738036826295 0.8244922161102295 14
1738036826297 0.827343761920929 15
1738036826299 0.8343359231948853 16
1738036826300 0.8255859613418579 17
1738036826302 0.8371484279632568 18
1738036826304 0.8393359184265137 19
1738036826305 0.8446875214576721 20
1738036826306 0.8490625023841858 21
1738036826307 0.8478906154632568 22
1738036826308 0.8510156273841858 23
1738036826309 0.8505468964576721 24
1738036826309 0.857421875 25
1738036826310 0.8558984398841858 26
1738036826311 0.8564453125 27
1738036826312 0.8606250286102295 28
1738036826314 0.8594140410423279 29
1738036826315 0.8614062666893005 30
1738036826316 0.8594531416893005 31
1738036826317 0.8680078387260437 32
1738036826319 0.8643749952316284 33
1738036826320 0.8682422041893005 34
1738036826321 0.8691015839576721 35
1738036826321 0.8711327910423279 36
1738036826322 0.874804675579071 37
1738036826323 0.8729296922683716 38
1738036826324 0.8718359470367432 39
1738036826325 0.8731250166893005 40
1738036826326 0.8685937523841858 41
1738036826327 0.8755078315734863 42
1738036826328 0.8744531273841858 43
1738036826329 0.8789843916893005 44
1738036826330 0.8827734589576721 45
1738036826331 0.8797265887260437 46
1738036826332 0.8816015720367432 47
1738036826333 0.8822265863418579 48
1738036826334 0.8817187547683716 49
1738036826335 0.8805859088897705 50
1738036826336 0.8857421875 51
1738036826337 0.8860156536102295 52
1738036826338 0.8847265839576721 53
1738036826339 0.8877343535423279 54
1738036826340 0.8835546970367432 55
1738036826341 0.8869922161102295 56
1738036826342 0.8836718797683716 57
1738036826343 0.8821484446525574 58
