1738036826280 1.400570034980774 0
1738036826281 0.983776867389679 1
1738036826282 0.8482568860054016 2
1738036826283 0.7494956254959106 3
1738036826284 0.6955316662788391 4
1738036826285 0.6566644906997681 5
1738036826286 0.629021406173706 6
1738036826287 0.597841739654541 7
1738036826289 0.5894485712051392 8
1738036826290 0.5590115189552307 9
1738036826291 0.5767059922218323 10
1738036826292 0.5566979050636292 11
1738036826293 0.5287649631500244 12
1738036826294 0.5160125494003296 13
1738036826295 0.5065150260925293 14
1738036826297 0.4963766932487488 15
1738036826299 0.48142609000205994 16
1738036826300 0.5102100968360901 17
1738036826302 0.4694350063800812 18
1738036826304 0.4678182899951935 19
1738036826305 0.4471825659275055 20
1738036826306 0.4305883049964905 21
1738036826307 0.42953959107398987 22
1738036826308 0.42236053943634033 23
1738036826309 0.4260939657688141 24
1738036826309 0.4038887917995453 25
1738036826310 0.40472957491874695 26
1738036826311 0.4026324450969696 27
1738036826312 0.39231598377227783 28
1738036826314 0.38675937056541443 29
1738036826315 0.3832454979419708 30
1738036826316 0.38936251401901245 31
1738036826317 0.3678852319717407 32
1738036826319 0.3800393342971802 33
1738036826320 0.3653979003429413 34
1738036826321 0.36127400398254395 35
1738036826321 0.35456717014312744 36
1738036826322 0.3514646291732788 37
1738036826323 0.3480489253997803 38
1738036826324 0.3476257026195526 39
1738036826325 0.34902477264404297 40
1738036826326 0.368470162153244 41
1738036826327 0.34348469972610474 42
1738036826328 0.341584712266922 43
1738036826329 0.32685795426368713 44
1738036826330 0.3252757787704468 45
1738036826331 0.3295942544937134 46
1738036826332 0.3226461410522461 47
1738036826333 0.3203217387199402 48
1738036826334 0.3208562135696411 49
1738036826335 0.3261268138885498 50
1738036826336 0.3106445074081421 51
1738036826337 0.3141668736934662 52
1738036826338 0.31452620029449463 53
1738036826339 0.30692002177238464 54
1738036826340 0.31756192445755005 55
1738036826341 0.30668288469314575 56
1738036826342 0.31860634684562683 57
1738036826343 0.3241226077079773 58
