1739140390178 0.4692968726158142 0
1739140390179 0.5531640648841858 1
1739140390181 0.5872265696525574 2
1739140390182 0.6129687428474426 3
1739140390184 0.6281640529632568 4
1739140390185 0.6397656202316284 5
1739140390187 0.6495702862739563 6
1739140390188 0.6580469012260437 7
1739140390189 0.6572656035423279 8
1739140390190 0.6656249761581421 9
1739140390191 0.6735937595367432 10
1739140390193 0.6826171875 11
1739140390194 0.6851953268051147 12
1739140390195 0.6915234327316284 13
1739140390196 0.6948437690734863 14
1739140390197 0.698437511920929 15
1739140390198 0.7039453387260437 16
1739140390200 0.7010156512260437 17
1739140390201 0.7083593606948853 18
1739140390203 0.7063671946525574 19
1739140390205 0.7039453387260437 20
1739140390206 0.7112500071525574 21
1739140390208 0.7162890434265137 22
1739140390210 0.7171875238418579 23
1739140390212 0.7139062285423279 24
1739140390214 0.7225000262260437 25
1739140390215 0.7212109565734863 26
1739140390216 0.717578113079071 27
1739140390217 0.7222656011581421 28
1739140390219 0.7267968654632568 29
1739140390220 0.7233593463897705 30
1739140390221 0.7318359613418579 31
1739140390223 0.7313671708106995 32
1739140390225 0.7289453148841858 33
1739140390227 0.7351171970367432 34
1739140390228 0.7347656488418579 35
1739140390229 0.7314453125 36
1739140390230 0.7372265458106995 37
1739140390231 0.7325000166893005 38
1739140390232 0.7377734184265137 39
1739140390233 0.7411718964576721 40
1739140390235 0.7357031106948853 41
1739140390236 0.7362109422683716 42
1739140390237 0.7440234422683716 43
1739140390238 0.7428905963897705 44
1739140390239 0.7393749952316284 45
1739140390240 0.740429699420929 46
1739140390241 0.7480859160423279 47
1739140390242 0.7455078363418579 48
1739140390243 0.7462499737739563 49
1739140390245 0.7431640625 50
1739140390246 0.7520703077316284 51
1739140390247 0.7501171827316284 52
1739140390248 0.7478906512260437 53
1739140390249 0.7495703101158142 54
1739140390250 0.7416796684265137 55
1739140390251 0.7505859136581421 56
1739140390252 0.7489452958106995 57
1739140390253 0.7518359422683716 58
1739140390255 0.7551171779632568 59
1739140390256 0.7514452934265137 60
1739140390257 0.7580859661102295 61
1739140390258 0.7536327838897705 62
1739140390259 0.7535156011581421 63
1739140390260 0.758007824420929 64
1739140390261 0.7577343583106995 65
1739140390262 0.7555859088897705 66
1739140390263 0.7607812285423279 67
1739140390265 0.7551953196525574 68
1739140390266 0.7542187571525574 69
1739140390267 0.7601562738418579 70
1739140390268 0.7581640481948853 71
1739140390269 0.763476550579071 72
1739140390271 0.7606640458106995 73
1739140390272 0.7616406083106995 74
1739140390273 0.7613672018051147 75
1739140390274 0.758593738079071 76
1739140390275 0.7619531154632568 77
1739140390276 0.7627734541893005 78
1739140390277 0.764453113079071 79
1739140390278 0.7596874833106995 80
1739140390280 0.7591797113418579 81
1739140390281 0.7631640434265137 82
1739140390282 0.7643359303474426 83
1739140390283 0.7683984637260437 84
1739140390284 0.7590234279632568 85
1739140390285 0.7663671970367432 86
1739140390287 0.7665625214576721 87
1739140390288 0.7645702958106995 88
1739140390289 0.766406238079071 89
1739140390290 0.7727734446525574 90
1739140390291 0.7684375047683716 91
1739140390292 0.7637500166893005 92
1739140390293 0.7610156536102295 93
1739140390294 0.7699218988418579 94
1739140390296 0.7652343511581421 95
1739140390297 0.7678906321525574 96
1739140390298 0.7707812786102295 97
1739140390299 0.7668750286102295 98
1739140390300 0.7683984637260437 99
1739140390301 0.7731249928474426 100
1739140390302 0.768750011920929 101
1739140390303 0.7682031393051147 102
1739140390304 0.7677343487739563 103
1739140390305 0.7691406011581421 104
1739140390307 0.7751171588897705 105
1739140390308 0.7695702910423279 106
1739140390309 0.7673046588897705 107
1739140390310 0.7682812213897705 108
1739140390311 0.7690234184265137 109
1739140390312 0.7696093916893005 110
1739140390313 0.7734375 111
1739140390314 0.7692187428474426 112
1739140390316 0.7719140648841858 113
1739140390317 0.7708203196525574 114
1739140390318 0.7743750214576721 115
1739140390319 0.7766015529632568 116
1739140390320 0.7729687690734863 117
1739140390321 0.7724609375 118
1739140390323 0.7748047113418579 119
