1739140390178 1.3559248447418213 0
1739140390179 1.1592936515808105 1
1739140390181 1.0756559371948242 2
1739140390182 1.0205090045928955 3
1739140390184 0.9824456572532654 4
1739140390185 0.9531640410423279 5
1739140390187 0.9264131188392639 6
1739140390188 0.9076279997825623 7
1739140390189 0.9157058000564575 8
1739140390190 0.8849133253097534 9
1739140390191 0.8683691620826721 10
1739140390193 0.8490236401557922 11
1739140390194 0.84688401222229 12
1739140390195 0.8355355858802795 13
1739140390196 0.8248797655105591 14
1739140390197 0.8335822820663452 15
1739140390198 0.8061992526054382 16
1739140390200 0.8092671036720276 17
1739140390201 0.7951175570487976 18
1739140390203 0.7992862462997437 19
1739140390205 0.798209547996521 20
1739140390206 0.7818207740783691 21
1739140390208 0.7682732343673706 22
1739140390210 0.7703813314437866 23
1739140390212 0.7779969573020935 24
1739140390214 0.7674227952957153 25
1739140390215 0.7640283107757568 26
1739140390216 0.7606768608093262 27
1739140390217 0.7628125548362732 28
1739140390219 0.7505183219909668 29
1739140390220 0.7537446022033691 30
1739140390221 0.7401946187019348 31
1739140390223 0.7397217750549316 32
1739140390225 0.7443728446960449 33
1739140390227 0.7342142462730408 34
1739140390228 0.7355032563209534 35
1739140390229 0.7328294515609741 36
1739140390230 0.7264426350593567 37
1739140390231 0.7333093285560608 38
1739140390232 0.7291859984397888 39
1739140390233 0.7196912169456482 40
1739140390235 0.7199718356132507 41
1739140390236 0.7311301231384277 42
1739140390237 0.7094956040382385 43
1739140390238 0.7139543890953064 44
1739140390239 0.7160447835922241 45
1739140390240 0.7064020037651062 46
1739140390241 0.7044145464897156 47
1739140390242 0.7101724147796631 48
1739140390243 0.701531171798706 49
1739140390245 0.7103732824325562 50
1739140390246 0.6897647380828857 51
1739140390247 0.6959767937660217 52
1739140390248 0.6988955736160278 53
1739140390249 0.6997718214988708 54
1739140390250 0.7112299203872681 55
1739140390251 0.6919474601745605 56
1739140390252 0.7013214826583862 57
1739140390253 0.6917223930358887 58
1739140390255 0.6883421540260315 59
1739140390256 0.6956241130828857 60
1739140390257 0.6819813251495361 61
1739140390258 0.6852567791938782 62
1739140390259 0.6915624737739563 63
1739140390260 0.6757419109344482 64
1739140390261 0.6820424795150757 65
1739140390262 0.6746578812599182 66
1739140390263 0.6740409731864929 67
1739140390265 0.6789402961730957 68
1739140390266 0.6789894104003906 69
1739140390267 0.6700257062911987 70
1739140390268 0.6759446859359741 71
1739140390269 0.6601703763008118 72
1739140390271 0.6678099632263184 73
1739140390272 0.6705765724182129 74
1739140390273 0.6707332134246826 75
1739140390274 0.667941689491272 76
1739140390275 0.6727635860443115 77
1739140390276 0.6638750433921814 78
1739140390277 0.6621508598327637 79
1739140390278 0.6644603610038757 80
1739140390280 0.6674941778182983 81
1739140390281 0.6607687473297119 82
1739140390282 0.6611164808273315 83
1739140390283 0.6497727036476135 84
1739140390284 0.6665083169937134 85
1739140390285 0.6642056107521057 86
1739140390287 0.649707019329071 87
1739140390288 0.6593287587165833 88
1739140390289 0.6596304178237915 89
1739140390290 0.6433179378509521 90
1739140390291 0.6532379984855652 91
1739140390292 0.6617856025695801 92
1739140390293 0.6690711975097656 93
1739140390294 0.6483358144760132 94
1739140390296 0.6539390683174133 95
1739140390297 0.652862012386322 96
1739140390298 0.6460506916046143 97
1739140390299 0.6536262631416321 98
1739140390300 0.6485737562179565 99
1739140390301 0.6435554623603821 100
1739140390302 0.6534870862960815 101
1739140390303 0.6477071642875671 102
1739140390304 0.6557549238204956 103
1739140390305 0.647269606590271 104
1739140390307 0.6327381730079651 105
1739140390308 0.6475787162780762 106
1739140390309 0.652713418006897 107
1739140390310 0.6467999815940857 108
1739140390311 0.6497951745986938 109
1739140390312 0.649249255657196 110
1739140390313 0.6391386985778809 111
1739140390314 0.6570487022399902 112
1739140390316 0.641969621181488 113
1739140390317 0.6443700194358826 114
1739140390318 0.6409605145454407 115
1739140390319 0.6342633366584778 116
1739140390320 0.6416031718254089 117
1739140390321 0.640329897403717 118
1739140390323 0.6370655298233032 119
