1738431025866 0.5364453196525574 0
1738431025867 0.6540234088897705 1
1738431025869 0.699023425579071 2
1738431025870 0.7243750095367432 3
1738431025871 0.7463672161102295 4
1738431025872 0.7577734589576721 5
1738431025874 0.7671484351158142 6
1738431025875 0.7766015529632568 7
1738431025877 0.7788281440734863 8
1738431025878 0.7923046946525574 9
1738431025880 0.7874218821525574 10
1738431025881 0.7963671684265137 11
1738431025882 0.8011327981948853 12
1738431025887 0.8041406273841858 13
1738431025888 0.807812511920929 14
1738431025890 0.8082031011581421 15
1738431025891 0.8138281106948853 16
1738431025892 0.8187109231948853 17
1738431025893 0.8210546970367432 18
1738431025894 0.8202734589576721 19
1738431025895 0.8217968940734863 20
1738431025896 0.8246484398841858 21
1738431025897 0.8239843845367432 22
1738431025898 0.8266797065734863 23
1738431025900 0.8271874785423279 24
1738431025901 0.8295702934265137 25
1738431025902 0.8272265791893005 26
1738431025904 0.828906238079071 27
1738431025905 0.8324609398841858 28
1738431025906 0.8333593606948853 29
1738431025907 0.8326171636581421 30
1738431025908 0.8299999833106995 31
1738431025909 0.8386328220367432 32
1738431025910 0.8360937237739563 33
1738431025911 0.8397265672683716 34
1738431025912 0.839062511920929 35
1738431025914 0.8391796946525574 36
1738431025915 0.8388281464576721 37
1738431025916 0.8362500071525574 38
1738431025917 0.8420312404632568 39
1738431025918 0.8394140601158142 40
1738431025919 0.8442968726158142 41
1738431025920 0.837109386920929 42
1738431025922 0.8403124809265137 43
1738431025923 0.8415625095367432 44
1738431025924 0.8463281393051147 45
1738431025925 0.8449609279632568 46
1738431025926 0.8482421636581421 47
1738431025927 0.8415234088897705 48
1738431025928 0.8485546708106995 49
1738431025929 0.8461718559265137 50
1738431025930 0.8509765863418579 51
1738431025931 0.848437488079071 52
1738431025932 0.8508203029632568 53
1738431025933 0.8515625 54
1738431025935 0.845898449420929 55
1738431025936 0.8472265601158142 56
1738431025937 0.8502343893051147 57
1738431025938 0.8469921946525574 58
1738431025939 0.8512499928474426 59
1738431025940 0.8463671803474426 60
1738431025941 0.8489843606948853 61
1738431025942 0.8481640815734863 62
1738431025943 0.8536718487739563 63
1738431025944 0.846484363079071 64
1738431025946 0.8512890338897705 65
1738431025947 0.8533984422683716 66
1738431025948 0.8524218797683716 67
1738431025949 0.8509765863418579 68
1738431025950 0.855273425579071 69
1738431025951 0.8537890911102295 70
1738431025952 0.8534374833106995 71
1738431025953 0.8525781035423279 72
1738431025955 0.8562890887260437 73
1738431025956 0.8519531488418579 74
1738431025957 0.854296863079071 75
1738431025958 0.852734386920929 76
1738431025959 0.853710949420929 77
1738431025960 0.8558984398841858 78
1738431025961 0.8539843559265137 79
1738431025962 0.8514453172683716 80
1738431025963 0.8592187762260437 81
1738431025964 0.8531640768051147 82
1738431025965 0.8540624976158142 83
1738431025966 0.8584765791893005 84
1738431025968 0.8602343797683716 85
1738431025969 0.8588671684265137 86
1738431025970 0.860546886920929 87
1738431025971 0.8585546612739563 88
1738431025972 0.8583593964576721 89
1738431025973 0.8576953411102295 90
1738431025974 0.8624609112739563 91
1738431025975 0.8617187738418579 92
1738431025976 0.8641406297683716 93
1738431025977 0.8577734231948853 94
1738431025978 0.8612499833106995 95
1738431025979 0.860156238079071 96
1738431025980 0.8600780963897705 97
1738431025982 0.8607422113418579 98
1738431025983 0.8613671660423279 99
1738431025984 0.8578906059265137 100
1738431025985 0.8586328029632568 101
1738431025986 0.863476574420929 102
1738431025987 0.8623046875 103
1738431025988 0.8607812523841858 104
1738431025989 0.8611719012260437 105
1738431025990 0.8598046898841858 106
1738431025991 0.8619531393051147 107
1738431025992 0.8610156178474426 108
1738431025993 0.8606250286102295 109
1738431025995 0.8612499833106995 110
1738431025996 0.8593359589576721 111
1738431025997 0.863085925579071 112
1738431025998 0.8653905987739563 113
1738431025999 0.8655859231948853 114
1738431026000 0.8623437285423279 115
1738431026001 0.8624218702316284 116
1738431026002 0.8633984327316284 117
1738431026003 0.8667187690734863 118
1738431026004 0.8659374713897705 119
