1738431025866 1.2016689777374268 0
1738431025867 0.9304850101470947 1
1738431025869 0.8340312838554382 2
1738431025870 0.7755535244941711 3
1738431025871 0.7278347015380859 4
1738431025872 0.6939483880996704 5
1738431025874 0.6669124364852905 6
1738431025875 0.6475852727890015 7
1738431025877 0.6394248604774475 8
1738431025878 0.6026123762130737 9
1738431025880 0.6153783798217773 10
1738431025881 0.5970873236656189 11
1738431025882 0.5838491320610046 12
1738431025887 0.574598491191864 13
1738431025888 0.5587937831878662 14
1738431025890 0.5593597888946533 15
1738431025891 0.5435491800308228 16
1738431025892 0.5371514558792114 17
1738431025893 0.526254415512085 18
1738431025894 0.5381219983100891 19
1738431025895 0.5267530083656311 20
1738431025896 0.5194706320762634 21
1738431025897 0.5281540155410767 22
1738431025898 0.509778618812561 23
1738431025900 0.5086991786956787 24
1738431025901 0.5074504017829895 25
1738431025902 0.5118367671966553 26
1738431025904 0.507057249546051 27
1738431025905 0.4977264106273651 28
1738431025906 0.4922317862510681 29
1738431025907 0.49135643243789673 30
1738431025908 0.4983341097831726 31
1738431025909 0.48521822690963745 32
1738431025910 0.4913542866706848 33
1738431025911 0.474751353263855 34
1738431025912 0.47504955530166626 35
1738431025914 0.4831409752368927 36
1738431025915 0.47937366366386414 37
1738431025916 0.4847524166107178 38
1738431025917 0.47201085090637207 39
1738431025918 0.47682270407676697 40
1738431025919 0.46463024616241455 41
1738431025920 0.48146969079971313 42
1738431025922 0.4721015691757202 43
1738431025923 0.4775127172470093 44
1738431025924 0.45963042974472046 45
1738431025925 0.4596409499645233 46
1738431025926 0.4542137086391449 47
1738431025927 0.46690085530281067 48
1738431025928 0.45441684126853943 49
1738431025929 0.46249333024024963 50
1738431025930 0.453619122505188 51
1738431025931 0.45050767064094543 52
1738431025932 0.44833648204803467 53
1738431025933 0.4453655183315277 54
1738431025935 0.460038423538208 55
1738431025936 0.4577402174472809 56
1738431025937 0.44784221053123474 57
1738431025938 0.4556560218334198 58
1738431025939 0.44775390625 59
1738431025940 0.45700377225875854 60
1738431025941 0.44825562834739685 61
1738431025942 0.44786643981933594 62
1738431025943 0.4371223747730255 63
1738431025944 0.45626500248908997 64
1738431025946 0.44481921195983887 65
1738431025947 0.4401983916759491 66
1738431025948 0.4468819797039032 67
1738431025949 0.44474712014198303 68
1738431025950 0.43293145298957825 69
1738431025951 0.43773356080055237 70
1738431025952 0.4371355175971985 71
1738431025953 0.43649327754974365 72
1738431025955 0.4294556677341461 73
1738431025956 0.43921419978141785 74
1738431025957 0.43799060583114624 75
1738431025958 0.437483549118042 76
1738431025959 0.43367892503738403 77
1738431025960 0.4352080523967743 78
1738431025961 0.43601757287979126 79
1738431025962 0.4416906237602234 80
1738431025963 0.424850732088089 81
1738431025964 0.43809378147125244 82
1738431025965 0.4311075508594513 83
1738431025966 0.42352813482284546 84
1738431025968 0.4179389178752899 85
1738431025969 0.4266270399093628 86
1738431025970 0.4228186011314392 87
1738431025971 0.424407958984375 88
1738431025972 0.4233228266239166 89
1738431025973 0.4272819459438324 90
1738431025974 0.4194963872432709 91
1738431025975 0.4160402715206146 92
1738431025976 0.41029810905456543 93
1738431025977 0.4285614788532257 94
1738431025978 0.4205698072910309 95
1738431025979 0.4250126779079437 96
1738431025980 0.42372429370880127 97
1738431025982 0.4200202226638794 98
1738431025983 0.41882869601249695 99
1738431025984 0.4277082085609436 100
1738431025985 0.41883036494255066 101
1738431025986 0.4168770909309387 102
1738431025987 0.4208095073699951 103
1738431025988 0.4166210889816284 104
1738431025989 0.4174497127532959 105
1738431025990 0.42683514952659607 106
1738431025991 0.413730651140213 107
1738431025992 0.41900956630706787 108
1738431025993 0.41723477840423584 109
1738431025995 0.4148906469345093 110
1738431025996 0.4233599603176117 111
1738431025997 0.41838252544403076 112
1738431025998 0.41139641404151917 113
1738431025999 0.40448787808418274 114
1738431026000 0.41307440400123596 115
1738431026001 0.4137841463088989 116
1738431026002 0.4137555658817291 117
1738431026003 0.40680500864982605 118
1738431026004 0.4017719328403473 119
