1738110310049 1.8386774063110352 0
1738110310051 1.2481367588043213 1
1738110310052 0.9686413407325745 2
1738110310054 0.8075339794158936 3
1738110310055 0.7258790731430054 4
1738110310056 0.657163679599762 5
1738110310058 0.6184074878692627 6
1738110310059 0.6004486083984375 7
1738110310061 0.563327968120575 8
1738110310062 0.5397507548332214 9
1738110310064 0.5174803733825684 10
1738110310065 0.5082346200942993 11
1738110310066 0.4948132038116455 12
1738110310067 0.4893042743206024 13
1738110310069 0.47558584809303284 14
1738110310071 0.4628656506538391 15
1738110310072 0.45815902948379517 16
1738110310074 0.4570295214653015 17
1738110310075 0.4468632638454437 18
1738110310077 0.4291875958442688 19
1738110310078 0.4395759105682373 20
1738110310079 0.4250122904777527 21
1738110310081 0.41673555970191956 22
1738110310082 0.4140509366989136 23
1738110310084 0.4220580756664276 24
1738110310086 0.40435248613357544 25
1738110310087 0.400579571723938 26
1738110310089 0.39575809240341187 27
1738110310090 0.3933590054512024 28
1738110310092 0.39262449741363525 29
1738110310093 0.37690624594688416 30
1738110310095 0.38952651619911194 31
1738110310096 0.3828224539756775 32
1738110310097 0.3761121332645416 33
