1738110310049 0.36531248688697815 0
1738110310051 0.5464453101158142 1
1738110310052 0.6619921922683716 2
1738110310054 0.7192968726158142 3
1738110310055 0.7493749856948853 4
1738110310056 0.7733593583106995 5
1738110310058 0.7920312285423279 6
1738110310059 0.7927343845367432 7
1738110310061 0.8109765648841858 8
1738110310062 0.8160937428474426 9
1738110310064 0.824999988079071 10
1738110310065 0.8291015625 11
1738110310066 0.8316015601158142 12
1738110310067 0.8336328268051147 13
1738110310069 0.8387500047683716 14
1738110310071 0.840039074420929 15
1738110310072 0.8431249856948853 16
1738110310074 0.8426952958106995 17
1738110310075 0.8494531512260437 18
1738110310077 0.8538281321525574 19
1738110310078 0.8511328101158142 20
1738110310079 0.8533984422683716 21
1738110310081 0.8574609160423279 22
1738110310082 0.8585546612739563 23
1738110310084 0.8548046946525574 24
1738110310086 0.8610546588897705 25
1738110310087 0.8635547161102295 26
1738110310089 0.8666796684265137 27
1738110310090 0.8626562356948853 28
1738110310092 0.8678905963897705 29
1738110310093 0.8731640577316284 30
1738110310095 0.8680078387260437 31
1738110310096 0.8705078363418579 32
1738110310097 0.8722265362739563 33
