1738448443775 0.19109374284744263 0
1738448443777 0.18773438036441803 1
1738448443779 0.17894531786441803 2
1738448443782 0.1852734386920929 3
1738448443785 0.17785155773162842 4
1738448443787 0.18628905713558197 5
1738448443790 0.17867188155651093 6
1738448443791 0.17949219048023224 7
1738448443793 0.1857031285762787 8
1738448443795 0.17832031846046448 9
1738448443797 0.1802343726158142 10
1738448443799 0.18183593451976776 11
1738448443801 0.18476562201976776 12
1738448443803 0.17804688215255737 13
1738448443805 0.1789843738079071 14
1738448443808 0.18394531309604645 15
1738448443810 0.1778906285762787 16
1738448443813 0.18187500536441803 17
1738448443816 0.18035155534744263 18
1738448443819 0.17859375476837158 19
1738448443821 0.17710937559604645 20
1738448443824 0.18964843451976776 21
1738448443827 0.18058593571186066 22
1738448443829 0.18113280832767487 23
1738448443832 0.18367187678813934 24
1738448443835 0.1887499988079071 25
1738448443837 0.18156249821186066 26
1738448443840 0.1753515601158142 27
1738448443842 0.17957031726837158 28
1738448443844 0.17976562678813934 29
1738448443847 0.1824609339237213 30
1738448443849 0.18105468153953552 31
1738448443852 0.1788671910762787 32
1738448443854 0.18382813036441803 33
1738448443857 0.18371093273162842 34
1738448443859 0.18542969226837158 35
1738448443861 0.1808203160762787 36
1738448443863 0.1817968785762787 37
1738448443865 0.18894530832767487 38
1738448443868 0.1869531273841858 39
1738448443870 0.1821874976158142 40
1738448443873 0.16660156846046448 41
1738448443875 0.16605468094348907 42
1738448443878 0.16710937023162842 43
1738448443880 0.17406250536441803 44
1738448443883 0.18238280713558197 45
1738448443885 0.1708984375 46
1738448443888 0.1694921851158142 47
1738448443890 0.1711718738079071 48
1738448443893 0.16917969286441803 49
1738448443895 0.16722656786441803 50
1738448443898 0.16777344048023224 51
1738448443900 0.17085938155651093 52
1738448443903 0.17484374344348907 53
1738448443905 0.17179687321186066 54
1738448443908 0.17136718332767487 55
1738448443910 0.17527343332767487 56
1738448443913 0.1710546910762787 57
1738448443915 0.17191405594348907 58
1738448443918 0.17859375476837158 59
1738448443920 0.1830468773841858 60
1738448443922 0.18480469286441803 61
1738448443925 0.18773438036441803 62
1738448443927 0.1943359375 63
1738448443930 0.19648437201976776 64
1738448443932 0.19785156846046448 65
1738448443935 0.19972656667232513 66
1738448443937 0.20386718213558197 67
1738448443940 0.20582030713558197 68
1738448443942 0.20011718571186066 69
1738448443945 0.20574218034744263 70
1738448443947 0.1939062476158142 71
1738448443949 0.20378905534744263 72
1738448443952 0.2074609398841858 73
1738448443954 0.2001953125 74
1738448443957 0.1965624988079071 75
1738448443959 0.19984374940395355 76
1738448443962 0.19855469465255737 77
1738448443964 0.19453124701976776 78
1738448443967 0.18878906965255737 79
1738448443969 0.18371093273162842 80
1738448443972 0.18292969465255737 81
1738448443974 0.18347656726837158 82
1738448443977 0.17125000059604645 83
1738448443979 0.16968749463558197 84
1738448443982 0.17109374701976776 85
1738448443984 0.17769531905651093 86
1738448443986 0.18394531309604645 87
1738448443989 0.1939062476158142 88
1738448443991 0.19328124821186066 89
1738448443994 0.19445312023162842 90
1738448443996 0.18222656846046448 91
1738448443999 0.18230468034744263 92
1738448444001 0.18742187321186066 93
1738448444004 0.1882031261920929 94
1738448444006 0.18984374403953552 95
1738448444009 0.1879296898841858 96
1738448444011 0.1823437511920929 97
1738448444013 0.18859374523162842 98
1738448444016 0.19191406667232513 99
1738448444018 0.18222656846046448 100
1738448444021 0.20050781965255737 101
1738448444023 0.19925780594348907 102
1738448444026 0.2077343761920929 103
1738448444028 0.21550780534744263 104
1738448444031 0.20191405713558197 105
1738448444033 0.2103906273841858 106
1738448444036 0.20972655713558197 107
1738448444038 0.20937499403953552 108
1738448444041 0.20390625298023224 109
1738448444043 0.21140624582767487 110
1738448444046 0.20691406726837158 111
1738448444048 0.2060546875 112
1738448444051 0.20503906905651093 113
1738448444053 0.19554688036441803 114
1738448444056 0.20050781965255737 115
1738448444058 0.1936328113079071 116
1738448444061 0.1905859410762787 117
1738448444063 0.18281249701976776 118
1738448444066 0.1724218726158142 119
