1738448443775 2.313397169113159 0
1738448443777 2.076293706893921 1
1738448443779 2.119626045227051 2
1738448443782 2.0753989219665527 3
1738448443785 2.1203806400299072 4
1738448443787 2.0444223880767822 5
1738448443790 2.159280300140381 6
1738448443791 2.1572797298431396 7
1738448443793 2.1009020805358887 8
1738448443795 2.0839476585388184 9
1738448443797 2.0791518688201904 10
1738448443799 2.1095798015594482 11
1738448443801 2.1919116973876953 12
1738448443803 2.0832579135894775 13
1738448443805 2.143625259399414 14
1738448443808 2.2037253379821777 15
1738448443810 2.101702928543091 16
1738448443813 2.1583149433135986 17
1738448443816 2.1356966495513916 18
1738448443819 2.1928508281707764 19
1738448443821 2.1923978328704834 20
1738448443824 2.092162847518921 21
1738448443827 2.2143971920013428 22
1738448443829 2.2014641761779785 23
1738448443832 2.1386849880218506 24
1738448443835 2.120283365249634 25
1738448443837 2.2990164756774902 26
1738448443840 2.2747814655303955 27
1738448443842 2.1377222537994385 28
1738448443844 2.231172561645508 29
1738448443847 2.139979362487793 30
1738448443849 2.190089464187622 31
1738448443852 2.2334909439086914 32
1738448443854 2.2033944129943848 33
1738448443857 2.169764518737793 34
1738448443859 2.4156832695007324 35
1738448443861 2.3168904781341553 36
1738448443863 2.1555731296539307 37
1738448443865 2.097342014312744 38
1738448443868 2.172966718673706 39
1738448443870 3.0249266624450684 40
1738448443873 90.06672668457031 41
1738448443875 6.708472728729248 42
1738448443878 3.1645658016204834 43
1738448443880 2.492572546005249 44
1738448443883 2.275991439819336 45
1738448443885 2.4071407318115234 46
1738448443888 2.2473905086517334 47
1738448443890 2.2900352478027344 48
1738448443893 2.1871137619018555 49
1738448443895 2.4213743209838867 50
1738448443898 3.574464797973633 51
1738448443900 2.0712387561798096 52
1738448443903 1.9644684791564941 53
1738448443905 2.0184898376464844 54
1738448443908 2.126075506210327 55
1738448443910 1.9568603038787842 56
1738448443913 2.2155721187591553 57
1738448443915 2.1954262256622314 58
1738448443918 1.9404442310333252 59
1738448443920 1.9481265544891357 60
1738448443922 1.9343317747116089 61
1738448443925 1.9613057374954224 62
1738448443927 1.9838486909866333 63
1738448443930 1.9498846530914307 64
1738448443932 1.959835410118103 65
1738448443935 1.9417911767959595 66
1738448443937 1.9395768642425537 67
1738448443940 1.9635015726089478 68
1738448443942 1.9667553901672363 69
1738448443945 1.9578529596328735 70
1738448443947 2.0019545555114746 71
1738448443949 1.9752978086471558 72
1738448443952 1.9802497625350952 73
1738448443954 1.9792855978012085 74
1738448443957 1.9741761684417725 75
1738448443959 2.0601978302001953 76
1738448443962 2.0075457096099854 77
1738448443964 2.0001707077026367 78
1738448443967 2.070385456085205 79
1738448443969 2.1761045455932617 80
1738448443972 2.0662424564361572 81
1738448443974 2.1785199642181396 82
1738448443977 65.79830932617188 83
1738448443979 5.545557975769043 84
1738448443982 2.340149164199829 85
1738448443984 2.0775604248046875 86
1738448443986 1.9752081632614136 87
1738448443989 1.968815803527832 88
1738448443991 1.9306598901748657 89
1738448443994 1.9705008268356323 90
1738448443996 2.111091375350952 91
1738448443999 2.0207293033599854 92
1738448444001 2.0451316833496094 93
1738448444004 2.0294294357299805 94
1738448444006 1.9965155124664307 95
1738448444009 2.0420000553131104 96
1738448444011 1.9987685680389404 97
1738448444013 1.9774317741394043 98
1738448444016 1.9958775043487549 99
1738448444018 2.134341239929199 100
1738448444021 1.9604690074920654 101
1738448444023 2.042964220046997 102
1738448444026 1.9510072469711304 103
1738448444028 1.9988473653793335 104
1738448444031 1.9878323078155518 105
1738448444033 1.9762482643127441 106
1738448444036 1.982304573059082 107
1738448444038 1.9756484031677246 108
1738448444041 1.9883956909179688 109
1738448444043 2.0116374492645264 110
1738448444046 1.9997138977050781 111
1738448444048 2.0180819034576416 112
1738448444051 1.9848928451538086 113
1738448444053 2.042393684387207 114
1738448444056 2.0531790256500244 115
1738448444058 2.1643357276916504 116
1738448444061 2.1363303661346436 117
1738448444063 2.435513734817505 118
1738448444066 102.62580871582031 119
