1738014212154 1.6179251670837402 0
1738014212156 1.176931381225586 1
1738014212156 1.0077240467071533 2
1738014212157 0.9245477318763733 3
1738014212158 0.8566105365753174 4
1738014212160 0.8134024739265442 5
1738014212161 0.7807093858718872 6
1738014212162 0.7627713680267334 7
1738014212163 0.6920165419578552 8
1738014212164 0.6771725416183472 9
1738014212165 0.6767337918281555 10
1738014212166 0.6542025208473206 11
1738014212167 0.6382396221160889 12
1738014212169 0.6378127336502075 13
1738014212171 0.6135250329971313 14
1738014212173 0.5913195013999939 15
1738014212175 0.5967010259628296 16
1738014212176 0.581983745098114 17
1738014212177 0.569733202457428 18
1738014212178 0.5667892694473267 19
1738014212179 0.5638733506202698 20
1738014212180 0.5476008057594299 21
1738014212180 0.5353176593780518 22
1738014212181 0.5425054430961609 23
1738014212182 0.5255383849143982 24
1738014212183 0.5327178835868835 25
1738014212184 0.5094948410987854 26
1738014212185 0.5063455104827881 27
1738014212186 0.49487781524658203 28
1738014212187 0.49404099583625793 29
1738014212188 0.48740866780281067 30
1738014212190 0.49366217851638794 31
1738014212191 0.46819785237312317 32
1738014212192 0.4916822910308838 33
1738014212193 0.46027427911758423 34
1738014212194 0.44895923137664795 35
1738014212195 0.4514852464199066 36
1738014212196 0.4560419023036957 37
1738014212197 0.433603972196579 38
1738014212198 0.43500959873199463 39
1738014212199 0.4568268060684204 40
1738014212200 0.4403672516345978 41
1738014212201 0.41917741298675537 42
1738014212202 0.4385964572429657 43
1738014212203 0.41959431767463684 44
1738014212204 0.41874954104423523 45
1738014212206 0.3983887732028961 46
1738014212208 0.407978892326355 47
1738014212209 0.40065932273864746 48
1738014212210 0.39544451236724854 49
1738014212211 0.3926394283771515 50
1738014212212 0.40485692024230957 51
1738014212213 0.3895244896411896 52
1738014212214 0.37669628858566284 53
1738014212215 0.38056376576423645 54
1738014212216 0.38695335388183594 55
1738014212217 0.3788532614707947 56
1738014212218 0.3807152509689331 57
1738014212219 0.3757224380970001 58
1738014212219 0.36669620871543884 59
1738014212220 0.3702874481678009 60
1738014212223 0.36420178413391113 61
1738014212224 0.3583512604236603 62
1738014212225 0.3711390197277069 63
1738014212226 0.36026546359062195 64
1738014212227 0.35567641258239746 65
1738014212228 0.3565214276313782 66
1738014212229 0.3600628972053528 67
1738014212230 0.36840569972991943 68
1738014212231 0.3554912805557251 69
1738014212232 0.34990695118904114 70
