1738014212154 0.3785156309604645 0
1738014212156 0.5676171779632568 1
1738014212156 0.6421484351158142 2
1738014212157 0.677929699420929 3
1738014212158 0.709765613079071 4
1738014212160 0.7257421612739563 5
1738014212161 0.7385937571525574 6
1738014212162 0.7474218606948853 7
1738014212163 0.7721093893051147 8
1738014212164 0.7714062333106995 9
1738014212165 0.7763671875 10
1738014212166 0.7851172089576721 11
1738014212167 0.7872655987739563 12
1738014212169 0.7882421612739563 13
1738014212171 0.7926952838897705 14
1738014212173 0.8012109398841858 15
1738014212175 0.8002734184265137 16
1738014212176 0.8059375286102295 17
1738014212177 0.8116015791893005 18
1738014212178 0.8103906512260437 19
1738014212179 0.8114843964576721 20
1738014212180 0.8174999952316284 21
1738014212180 0.818359375 22
1738014212181 0.817187488079071 23
1738014212182 0.8210155963897705 24
1738014212183 0.8227734565734863 25
1738014212184 0.8268359303474426 26
1738014212185 0.8291015625 27
1738014212186 0.8332421779632568 28
1738014212187 0.8339453339576721 29
1738014212188 0.8349999785423279 30
1738014212190 0.8319140672683716 31
1738014212191 0.8418359160423279 32
1738014212192 0.8359765410423279 33
1738014212193 0.845507800579071 34
1738014212194 0.8480859398841858 35
1738014212195 0.8473437428474426 36
1738014212196 0.8469140529632568 37
1738014212197 0.8526562452316284 38
1738014212198 0.8519921898841858 39
1738014212199 0.8482031226158142 40
1738014212200 0.8507031202316284 41
1738014212201 0.8564453125 42
1738014212202 0.8521093726158142 43
1738014212203 0.8564062714576721 44
1738014212204 0.8561328053474426 45
1738014212206 0.8619531393051147 46
1738014212208 0.8610156178474426 47
1738014212209 0.8626953363418579 48
1738014212210 0.8628125190734863 49
1738014212211 0.8651953339576721 50
1738014212212 0.862500011920929 51
1738014212213 0.8650000095367432 52
1738014212214 0.8698046803474426 53
1738014212215 0.8667578101158142 54
1738014212216 0.8679296970367432 55
1738014212217 0.8700781464576721 56
1738014212218 0.8684375286102295 57
1738014212219 0.869921863079071 58
1738014212219 0.8734765648841858 59
1738014212220 0.8687109351158142 60
1738014212223 0.8716406226158142 61
1738014212224 0.875 62
1738014212225 0.8703515529632568 63
1738014212226 0.8739452958106995 64
1738014212227 0.8739843964576721 65
1738014212228 0.8756640553474426 66
1738014212229 0.8756640553474426 67
1738014212230 0.873046875 68
1738014212231 0.875195324420929 69
1738014212232 0.8768359422683716 70
