1738431356892 1.6038340330123901 0
1738431356894 1.3768761157989502 1
1738431356895 1.3237167596817017 2
1738431356897 1.2898378372192383 3
1738431356899 1.255690097808838 4
1738431356901 1.2389116287231445 5
1738431356903 1.2275962829589844 6
1738431356905 1.2247226238250732 7
1738431356906 1.2084656953811646 8
1738431356908 1.1902978420257568 9
1738431356910 1.1768314838409424 10
1738431356912 1.1802775859832764 11
1738431356914 1.172676682472229 12
1738431356916 1.1667373180389404 13
1738431356919 1.1647467613220215 14
1738431356920 1.172380805015564 15
1738431356922 1.1508429050445557 16
1738431356924 1.1450929641723633 17
1738431356926 1.1406619548797607 18
1738431356928 1.148200511932373 19
1738431356929 1.1357566118240356 20
1738431356932 1.1332839727401733 21
1738431356934 1.128147006034851 22
1738431356936 1.134040355682373 23
1738431356938 1.1321302652359009 24
1738431356940 1.12394380569458 25
1738431356942 1.1248414516448975 26
1738431356943 1.116566777229309 27
1738431356945 1.1195522546768188 28
1738431356947 1.1327903270721436 29
1738431356949 1.115090250968933 30
1738431356951 1.117712378501892 31
1738431356954 1.1031501293182373 32
1738431356956 1.1059527397155762 33
1738431356957 1.0989614725112915 34
1738431356959 1.0996322631835938 35
1738431356961 1.097840428352356 36
1738431356963 1.1028378009796143 37
1738431356965 1.0844156742095947 38
1738431356967 1.0865215063095093 39
1738431356968 1.0945125818252563 40
1738431356971 1.0946002006530762 41
1738431356972 1.0862106084823608 42
1738431356974 1.0888499021530151 43
1738431356976 1.0802992582321167 44
1738431356978 1.093370795249939 45
1738431356979 1.092452883720398 46
1738431356982 1.0798834562301636 47
1738431356984 1.07537043094635 48
1738431356985 1.0819652080535889 49
1738431356987 1.071722149848938 50
1738431356989 1.0841116905212402 51
1738431356991 1.0755232572555542 52
1738431356993 1.0784595012664795 53
1738431356994 1.0811669826507568 54
1738431356996 1.0799760818481445 55
1738431356998 1.0757826566696167 56
1738431357000 1.0798015594482422 57
1738431357002 1.0748875141143799 58
1738431357004 1.0696663856506348 59
1738431357005 1.0730175971984863 60
1738431357007 1.0772746801376343 61
1738431357009 1.073764443397522 62
1738431357011 1.0687625408172607 63
1738431357012 1.0636242628097534 64
1738431357013 1.0639793872833252 65
1738431357014 1.063626766204834 66
1738431357015 1.0556641817092896 67
1738431357016 1.0807873010635376 68
1738431357017 1.0714625120162964 69
1738431357018 1.0668030977249146 70
1738431357019 1.065406084060669 71
1738431357020 1.0621262788772583 72
1738431357021 1.063347339630127 73
1738431357022 1.0665251016616821 74
1738431357024 1.052203893661499 75
1738431357025 1.0571483373641968 76
1738431357026 1.058233618736267 77
1738431357027 1.0545189380645752 78
1738431357028 1.0661300420761108 79
1738431357029 1.04869544506073 80
1738431357030 1.0585925579071045 81
1738431357031 1.0647711753845215 82
1738431357032 1.0490509271621704 83
1738431357033 1.0498944520950317 84
1738431357034 1.0549460649490356 85
1738431357035 1.0475808382034302 86
1738431357036 1.0468007326126099 87
1738431357037 1.0597773790359497 88
1738431357038 1.0505321025848389 89
1738431357040 1.0465631484985352 90
1738431357041 1.0471352338790894 91
1738431357042 1.055346131324768 92
1738431357043 1.0529006719589233 93
1738431357044 1.0633314847946167 94
1738431357045 1.0430039167404175 95
1738431357046 1.047391414642334 96
1738431357047 1.0465197563171387 97
1738431357048 1.043371558189392 98
1738431357049 1.0512235164642334 99
1738431357050 1.0412611961364746 100
1738431357051 1.0477321147918701 101
1738431357052 1.04069185256958 102
1738431357053 1.0504124164581299 103
1738431357055 1.0459645986557007 104
1738431357056 1.052706241607666 105
1738431357057 1.0459716320037842 106
1738431357058 1.0245940685272217 107
1738431357059 1.0515961647033691 108
1738431357060 1.0384259223937988 109
1738431357061 1.04405677318573 110
1738431357062 1.0515958070755005 111
1738431357063 1.050062656402588 112
1738431357065 1.0417925119400024 113
1738431357066 1.052984595298767 114
1738431357067 1.0389918088912964 115
1738431357068 1.051194190979004 116
1738431357069 1.037143349647522 117
1738431357070 1.0345743894577026 118
1738431357071 1.035314917564392 119
