1738431356892 0.3582421839237213 0
1738431356894 0.4625781178474426 1
1738431356895 0.48343750834465027 2
1738431356897 0.5003515481948853 3
1738431356899 0.5126171708106995 4
1738431356901 0.524218738079071 5
1738431356903 0.5277734398841858 6
1738431356905 0.5382421612739563 7
1738431356906 0.5417578220367432 8
1738431356908 0.5458202958106995 9
1738431356910 0.5517578125 10
1738431356912 0.5507422089576721 11
1738431356914 0.5537499785423279 12
1738431356916 0.5551562309265137 13
1738431356919 0.5589062571525574 14
1738431356920 0.5580859184265137 15
1738431356922 0.5655859112739563 16
1738431356924 0.5663672089576721 17
1738431356926 0.5685155987739563 18
1738431356928 0.5696484446525574 19
1738431356929 0.5699999928474426 20
1738431356932 0.5698828101158142 21
1738431356934 0.572460949420929 22
1738431356936 0.5750781297683716 23
1738431356938 0.5732812285423279 24
1738431356940 0.5755468606948853 25
1738431356942 0.5780078172683716 26
1738431356943 0.580859363079071 27
1738431356945 0.5758984088897705 28
1738431356947 0.5692968964576721 29
1738431356949 0.5787109136581421 30
1738431356951 0.5819531083106995 31
1738431356954 0.5799609422683716 32
1738431356956 0.585742175579071 33
1738431356957 0.5891015529632568 34
1738431356959 0.5865625143051147 35
1738431356961 0.5819140672683716 36
1738431356963 0.5831640362739563 37
1738431356965 0.5923437476158142 38
1738431356967 0.5941796898841858 39
1738431356968 0.5905859470367432 40
1738431356971 0.58984375 41
1738431356972 0.5940625071525574 42
1738431356974 0.5908593535423279 43
1738431356976 0.5955469012260437 44
1738431356978 0.5901172161102295 45
1738431356979 0.5910937786102295 46
1738431356982 0.590039074420929 47
1738431356984 0.5928515791893005 48
1738431356985 0.5913281440734863 49
1738431356987 0.5964062213897705 50
1738431356989 0.592578113079071 51
1738431356991 0.5962499976158142 52
1738431356993 0.5949609279632568 53
1738431356994 0.59375 54
1738431356996 0.5928515791893005 55
1738431356998 0.5963281393051147 56
1738431357000 0.5948047041893005 57
1738431357002 0.597460925579071 58
1738431357004 0.5972656011581421 59
1738431357005 0.5983203053474426 60
1738431357007 0.5973827838897705 61
1738431357009 0.5951952934265137 62
1738431357011 0.5997265577316284 63
1738431357012 0.6005859375 64
1738431357013 0.6004687547683716 65
1738431357014 0.6020703315734863 66
1738431357015 0.6030077934265137 67
1738431357016 0.5939843654632568 68
1738431357017 0.5979297161102295 69
1738431357018 0.5991796851158142 70
1738431357019 0.5970312356948853 71
1738431357020 0.598828136920929 72
1738431357021 0.6071093678474426 73
1738431357022 0.6025781035423279 74
1738431357024 0.6018359661102295 75
1738431357025 0.6060156226158142 76
1738431357026 0.6049609184265137 77
1738431357027 0.6059374809265137 78
1738431357028 0.6032031178474426 79
1738431357029 0.6027734279632568 80
1738431357030 0.6060156226158142 81
1738431357031 0.6037890911102295 82
1738431357032 0.6083984375 83
1738431357033 0.6102734208106995 84
1738431357034 0.6121875047683716 85
1738431357035 0.6107812523841858 86
1738431357036 0.6103125214576721 87
1738431357037 0.6038671731948853 88
1738431357038 0.6078906059265137 89
1738431357040 0.6112890839576721 90
1738431357041 0.6102734208106995 91
1738431357042 0.6044140458106995 92
1738431357043 0.6098828315734863 93
1738431357044 0.6030859351158142 94
1738431357045 0.6109374761581421 95
1738431357046 0.6112499833106995 96
1738431357047 0.6098046898841858 97
1738431357048 0.6103906035423279 98
1738431357049 0.6097656488418579 99
1738431357050 0.6127343773841858 100
1738431357051 0.6097656488418579 101
1738431357052 0.6128515601158142 102
1738431357053 0.607421875 103
1738431357055 0.6087890863418579 104
1738431357056 0.6115624904632568 105
1738431357057 0.6110546588897705 106
1738431357058 0.6205078363418579 107
1738431357059 0.6098046898841858 108
1738431357060 0.6173046827316284 109
1738431357061 0.6139062643051147 110
1738431357062 0.6116015911102295 111
1738431357063 0.6090234518051147 112
1738431357065 0.61328125 113
1738431357066 0.610546886920929 114
1738431357067 0.616992175579071 115
1738431357068 0.6131250262260437 116
1738431357069 0.6166796684265137 117
1738431357070 0.616015613079071 118
1738431357071 0.6169531345367432 119
