1738267543479 2.1322717666625977 0
1738267543481 1.4574397802352905 1
1738267543482 1.152957558631897 2
1738267543483 0.9617854356765747 3
1738267543484 0.8453386425971985 4
1738267543485 0.7511436343193054 5
1738267543487 0.6844112873077393 6
1738267543488 0.6258214116096497 7
1738267543489 0.5873859524726868 8
1738267543491 0.5735628008842468 9
1738267543492 0.5359640717506409 10
1738267543493 0.5157582759857178 11
1738267543494 0.503589928150177 12
1738267543496 0.4979860186576843 13
1738267543497 0.47638407349586487 14
1738267543498 0.4773087203502655 15
1738267543499 0.4625815153121948 16
1738267543500 0.45598289370536804 17
1738267543501 0.4340099096298218 18
1738267543502 0.43711787462234497 19
1738267543504 0.43663910031318665 20
1738267543505 0.430881530046463 21
1738267543507 0.4234400689601898 22
1738267543508 0.4216463565826416 23
1738267543509 0.41814202070236206 24
1738267543510 0.4064714014530182 25
1738267543512 0.39733314514160156 26
1738267543513 0.3968204855918884 27
1738267543514 0.3985392451286316 28
1738267543515 0.39574024081230164 29
1738267543516 0.3968322277069092 30
1738267543517 0.3946918249130249 31
1738267543518 0.3766856789588928 32
1738267543519 0.37741363048553467 33
1738267543521 0.38687899708747864 34
1738267543522 0.38665536046028137 35
1738267543523 0.3755044937133789 36
1738267543524 0.3735201358795166 37
1738267543525 0.380543053150177 38
1738267543527 0.3702986538410187 39
1738267543528 0.3689683675765991 40
1738267543529 0.36397889256477356 41
1738267543530 0.3697449862957001 42
1738267543531 0.35654667019844055 43
1738267543532 0.35884255170822144 44
1738267543533 0.3554202914237976 45
1738267543534 0.3566761016845703 46
1738267543535 0.35050782561302185 47
1738267543537 0.36148694157600403 48
1738267543538 0.35298728942871094 49
1738267543539 0.35243117809295654 50
1738267543540 0.34523117542266846 51
1738267543541 0.3488178551197052 52
1738267543542 0.3455170691013336 53
1738267543543 0.3457814157009125 54
1738267543544 0.34351569414138794 55
1738267543545 0.3475511074066162 56
1738267543546 0.34224969148635864 57
1738267543547 0.33208587765693665 58
1738267543548 0.3394942879676819 59
1738267543550 0.3448348641395569 60
1738267543551 0.3346433937549591 61
1738267543552 0.33184102177619934 62
1738267543553 0.3413057029247284 63
1738267543554 0.33092814683914185 64
1738267543555 0.33224278688430786 65
1738267543556 0.33551734685897827 66
