1738267543479 0.29820311069488525 0
1738267543481 0.4494921863079071 1
1738267543482 0.5707421898841858 2
1738267543483 0.6542578339576721 3
1738267543484 0.7002734541893005 4
1738267543485 0.7368749976158142 5
1738267543487 0.7612109184265137 6
1738267543488 0.7847656011581421 7
1738267543489 0.8008202910423279 8
1738267543491 0.8033202886581421 9
1738267543492 0.8190234303474426 10
1738267543493 0.8243359327316284 11
1738267543494 0.8299219012260437 12
1738267543496 0.8316406011581421 13
1738267543497 0.8395702838897705 14
1738267543498 0.8403515815734863 15
1738267543499 0.8454687595367432 16
1738267543500 0.8460156321525574 17
1738267543501 0.8541015386581421 18
1738267543502 0.8530468940734863 19
1738267543504 0.8531640768051147 20
1738267543505 0.8542187213897705 21
1738267543507 0.8569921851158142 22
1738267543508 0.8583202958106995 23
1738267543509 0.8592578172683716 24
1738267543510 0.8645312786102295 25
1738267543512 0.8670312762260437 26
1738267543513 0.8651562333106995 27
1738267543514 0.864062488079071 28
1738267543515 0.8659765720367432 29
1738267543516 0.8667968511581421 30
1738267543517 0.8672265410423279 31
1738267543518 0.8721484541893005 32
1738267543519 0.8716796636581421 33
1738267543521 0.8692187666893005 34
1738267543522 0.8695312738418579 35
1738267543523 0.8751562237739563 36
1738267543524 0.8743359446525574 37
1738267543525 0.8720312714576721 38
1738267543527 0.8739452958106995 39
1738267543528 0.8762109279632568 40
1738267543529 0.8748437762260437 41
1738267543530 0.8739452958106995 42
1738267543531 0.8808984160423279 43
1738267543532 0.878125011920929 44
1738267543533 0.8805078268051147 45
1738267543534 0.8794921636581421 46
1738267543535 0.8816797137260437 47
1738267543537 0.876171886920929 48
1738267543538 0.8770703077316284 49
1738267543539 0.879687488079071 50
1738267543540 0.8826953172683716 51
1738267543541 0.8821484446525574 52
1738267543542 0.8796093463897705 53
1738267543543 0.8822656273841858 54
1738267543544 0.8832031488418579 55
1738267543545 0.87890625 56
1738267543546 0.8813281059265137 57
1738267543547 0.883984386920929 58
1738267543548 0.8848437666893005 59
1738267543550 0.8806250095367432 60
1738267543551 0.8843749761581421 61
1738267543552 0.8856250047683716 62
1738267543553 0.8817577958106995 63
1738267543554 0.8857421875 64
1738267543555 0.8853124976158142 65
1738267543556 0.8859765529632568 66
