1738443905680 2.2886528968811035 0
1738443905682 1.8412765264511108 1
1738443905683 1.7555718421936035 2
1738443905684 1.7105768918991089 3
1738443905686 1.664610743522644 4
1738443905687 1.6249536275863647 5
1738443905689 1.5956580638885498 6
1738443905692 1.5582653284072876 7
1738443905694 1.5221073627471924 8
1738443905696 1.4976472854614258 9
1738443905697 1.466944932937622 10
1738443905698 1.4588972330093384 11
1738443905699 1.4360297918319702 12
1738443905701 1.4127899408340454 13
1738443905702 1.4027612209320068 14
1738443905703 1.3924000263214111 15
1738443905704 1.3843170404434204 16
1738443905705 1.366304636001587 17
1738443905707 1.3573009967803955 18
1738443905709 1.3517564535140991 19
1738443905711 1.3316134214401245 20
1738443905713 1.3318688869476318 21
1738443905714 1.3218563795089722 22
1738443905715 1.3113752603530884 23
1738443905717 1.3059958219528198 24
1738443905718 1.2955840826034546 25
1738443905719 1.2933683395385742 26
1738443905720 1.2836427688598633 27
1738443905722 1.283595323562622 28
1738443905724 1.2707698345184326 29
1738443905725 1.2814645767211914 30
1738443905727 1.2801873683929443 31
1738443905728 1.276376724243164 32
1738443905729 1.2615530490875244 33
1738443905731 1.2558971643447876 34
1738443905732 1.2527546882629395 35
1738443905733 1.2512421607971191 36
1738443905734 1.2488317489624023 37
1738443905736 1.2440094947814941 38
1738443905737 1.240875244140625 39
1738443905738 1.231990098953247 40
1738443905739 1.2433967590332031 41
1738443905741 1.2285125255584717 42
1738443905742 1.2292959690093994 43
1738443905744 1.2297015190124512 44
1738443905746 1.2185664176940918 45
1738443905747 1.2205289602279663 46
1738443905748 1.2276639938354492 47
1738443905750 1.2153065204620361 48
1738443905751 1.2179226875305176 49
1738443905752 1.2166717052459717 50
1738443905754 1.2155719995498657 51
1738443905755 1.223994493484497 52
1738443905757 1.2151521444320679 53
1738443905759 1.200829267501831 54
1738443905761 1.1991091966629028 55
1738443905763 1.200398325920105 56
1738443905765 1.2034190893173218 57
1738443905767 1.1994343996047974 58
1738443905768 1.199002981185913 59
1738443905770 1.20059072971344 60
1738443905772 1.1963807344436646 61
1738443905775 1.1922171115875244 62
1738443905777 1.1970804929733276 63
1738443905779 1.2000019550323486 64
1738443905780 1.1966229677200317 65
1738443905782 1.1771336793899536 66
1738443905783 1.1688966751098633 67
1738443905785 1.1962370872497559 68
1738443905787 1.1818172931671143 69
1738443905788 1.192596673965454 70
1738443905789 1.1794201135635376 71
1738443905790 1.185966968536377 72
1738443905792 1.1731593608856201 73
1738443905794 1.1751359701156616 74
1738443905796 1.1849501132965088 75
1738443905798 1.174481749534607 76
1738443905800 1.1773648262023926 77
1738443905802 1.177276849746704 78
1738443905804 1.1739922761917114 79
1738443905806 1.1730724573135376 80
1738443905808 1.1774177551269531 81
1738443905810 1.1779165267944336 82
1738443905813 1.168703556060791 83
1738443905815 1.1776922941207886 84
1738443905817 1.1710516214370728 85
1738443905819 1.1662533283233643 86
1738443905820 1.171931505203247 87
1738443905822 1.1736741065979004 88
1738443905824 1.1600955724716187 89
1738443905827 1.1617157459259033 90
1738443905829 1.1630237102508545 91
1738443905831 1.1720205545425415 92
1738443905833 1.1722203493118286 93
1738443905835 1.1658904552459717 94
1738443905837 1.1599318981170654 95
1738443905838 1.1719609498977661 96
1738443905840 1.1572400331497192 97
1738443905842 1.1699997186660767 98
1738443905844 1.1593104600906372 99
1738443905846 1.1497441530227661 100
1738443905848 1.1566263437271118 101
1738443905850 1.1577179431915283 102
1738443905852 1.1535370349884033 103
1738443905853 1.1527737379074097 104
1738443905855 1.1580158472061157 105
1738443905857 1.1541521549224854 106
1738443905860 1.1546580791473389 107
1738443905862 1.1612986326217651 108
1738443905864 1.1597710847854614 109
1738443905866 1.1552964448928833 110
1738443905868 1.155656337738037 111
1738443905869 1.1561758518218994 112
1738443905871 1.1561839580535889 113
1738443905873 1.1502374410629272 114
1738443905876 1.1537564992904663 115
1738443905877 1.1410521268844604 116
1738443905879 1.1401184797286987 117
1738443905881 1.1478266716003418 118
1738443905883 1.148268222808838 119
