1738443905680 0.1901562511920929 0
1738443905682 0.21816405653953552 1
1738443905683 0.24675780534744263 2
1738443905684 0.26636719703674316 3
1738443905686 0.2946093678474426 4
1738443905687 0.3219531178474426 5
1738443905689 0.3447265625 6
1738443905692 0.36835938692092896 7
1738443905694 0.3864062428474426 8
1738443905696 0.4048437476158142 9
1738443905697 0.4154296815395355 10
1738443905698 0.4236718714237213 11
1738443905699 0.43433594703674316 12
1738443905701 0.4468750059604645 13
1738443905702 0.4573437571525574 14
1738443905703 0.45707032084465027 15
1738443905704 0.46488282084465027 16
1738443905705 0.4715625047683716 17
1738443905707 0.47578126192092896 18
1738443905709 0.47945311665534973 19
1738443905711 0.48488280177116394 20
1738443905713 0.48667967319488525 21
1738443905714 0.49488282203674316 22
1738443905715 0.5023828148841858 23
1738443905717 0.5007030963897705 24
1738443905718 0.5061328411102295 25
1738443905719 0.5057031512260437 26
1738443905720 0.5065234303474426 27
1738443905722 0.5145312547683716 28
1738443905724 0.5153124928474426 29
1738443905725 0.5127734541893005 30
1738443905727 0.5114452838897705 31
1738443905728 0.5112109184265137 32
1738443905729 0.5158984661102295 33
1738443905731 0.5232031345367432 34
1738443905732 0.5241796970367432 35
1738443905733 0.5235546827316284 36
1738443905734 0.5241015553474426 37
1738443905736 0.5298437476158142 38
1738443905737 0.5235937237739563 39
1738443905738 0.531445324420929 40
1738443905739 0.527148425579071 41
1738443905741 0.5353906154632568 42
1738443905742 0.530468761920929 43
1738443905744 0.5305469036102295 44
1738443905746 0.5326172113418579 45
1738443905747 0.5323437452316284 46
1738443905748 0.5301952958106995 47
1738443905750 0.5351952910423279 48
1738443905751 0.5381640791893005 49
1738443905752 0.5362890362739563 50
1738443905754 0.5408594012260437 51
1738443905755 0.5373437404632568 52
1738443905757 0.539843738079071 53
1738443905759 0.539843738079071 54
1738443905761 0.5453125238418579 55
1738443905763 0.5444921851158142 56
1738443905765 0.5465234518051147 57
1738443905767 0.5445703268051147 58
1738443905768 0.5522656440734863 59
1738443905770 0.5442578196525574 60
1738443905772 0.5498437285423279 61
1738443905775 0.5462109446525574 62
1738443905777 0.5473437309265137 63
1738443905779 0.546093761920929 64
1738443905780 0.5464843511581421 65
1738443905782 0.5551171898841858 66
1738443905783 0.5576953291893005 67
1738443905785 0.54296875 68
1738443905787 0.553906261920929 69
1738443905788 0.5468359589576721 70
1738443905789 0.5523046851158142 71
1738443905790 0.5482422113418579 72
1738443905792 0.5573828220367432 73
1738443905794 0.5534765720367432 74
1738443905796 0.5527734160423279 75
1738443905798 0.5571484565734863 76
1738443905800 0.5577343702316284 77
1738443905802 0.5524609088897705 78
1738443905804 0.5570703148841858 79
1738443905806 0.5582422018051147 80
1738443905808 0.5570312738418579 81
1738443905810 0.5598437786102295 82
1738443905813 0.55859375 83
1738443905815 0.5532031059265137 84
1738443905817 0.5559765696525574 85
1738443905819 0.5596093535423279 86
1738443905820 0.5573437213897705 87
1738443905822 0.5579687356948853 88
1738443905824 0.5591015815734863 89
1738443905827 0.5607812404632568 90
1738443905829 0.558398425579071 91
1738443905831 0.5563671588897705 92
1738443905833 0.555468738079071 93
1738443905835 0.5599218606948853 94
1738443905837 0.5634765625 95
1738443905838 0.5570312738418579 96
1738443905840 0.5563281178474426 97
1738443905842 0.5609765648841858 98
1738443905844 0.562304675579071 99
1738443905846 0.5646093487739563 100
1738443905848 0.5646874904632568 101
1738443905850 0.5629687309265137 102
1738443905852 0.5639843940734863 103
1738443905853 0.5689062476158142 104
1738443905855 0.561718761920929 105
1738443905857 0.5637890696525574 106
1738443905860 0.5642187595367432 107
1738443905862 0.5632421970367432 108
1738443905864 0.5617578029632568 109
1738443905866 0.5585156083106995 110
1738443905868 0.5614452958106995 111
1738443905869 0.5627734661102295 112
1738443905871 0.5607812404632568 113
1738443905873 0.5619921684265137 114
1738443905876 0.5613672137260437 115
1738443905877 0.5678906440734863 116
1738443905879 0.5669140815734863 117
1738443905881 0.5639452934265137 118
1738443905883 0.5657812356948853 119
