1738811911225 0.4754687547683716 0
1738811911226 0.6881250143051147 1
1738811911227 0.7908594012260437 2
1738811911229 0.8424218893051147 3
1738811911230 0.8638281226158142 4
1738811911231 0.8850390911102295 5
1738811911233 0.9014453291893005 6
1738811911234 0.9089062213897705 7
1738811911236 0.9139843583106995 8
1738811911237 0.9227734208106995 9
1738811911239 0.9272265434265137 10
1738811911240 0.935546875 11
1738811911242 0.9365234375 12
1738811911243 0.9365234375 13
1738811911244 0.9406640529632568 14
1738811911246 0.9433984160423279 15
1738811911248 0.9462890625 16
1738811911250 0.9465234279632568 17
1738811911252 0.9498437643051147 18
1738811911253 0.9483203291893005 19
1738811911254 0.9514453411102295 20
1738811911255 0.949414074420929 21
1738811911257 0.9524999856948853 22
1738811911259 0.9566797018051147 23
1738811911260 0.9517577886581421 24
1738811911262 0.9566406011581421 25
1738811911263 0.9583984613418579 26
1738811911264 0.9572656154632568 27
1738811911266 0.9571874737739563 28
1738811911267 0.9601171612739563 29
1738811911268 0.9627734422683716 30
1738811911270 0.9610156416893005 31
1738811911271 0.9622656106948853 32
1738811911272 0.9593750238418579 33
1738811911273 0.9627734422683716 34
1738811911274 0.9664843678474426 35
1738811911275 0.9644531011581421 36
1738811911276 0.965039074420929 37
1738811911278 0.9667578339576721 38
1738811911279 0.9676172137260437 39
1738811911280 0.9688671827316284 40
1738811911281 0.9673827886581421 41
1738811911283 0.9710156321525574 42
1738811911284 0.9664843678474426 43
1738811911285 0.9694921970367432 44
1738811911286 0.9680469036102295 45
1738811911287 0.9716796875 46
1738811911288 0.9734765887260437 47
1738811911289 0.9710937738418579 48
1738811911290 0.9684765338897705 49
1738811911291 0.9721875190734863 50
1738811911293 0.973437488079071 51
1738811911294 0.9733593463897705 52
1738811911295 0.9744531512260437 53
1738811911296 0.97265625 54
1738811911297 0.9742578268051147 55
1738811911298 0.9732031226158142 56
1738811911299 0.9755859375 57
1738811911300 0.9755468964576721 58
1738811911302 0.9713281393051147 59
1738811911303 0.9752734303474426 60
1738811911304 0.975781261920929 61
1738811911305 0.9770312309265137 62
1738811911306 0.9761718511581421 63
1738811911307 0.9778515696525574 64
1738811911308 0.9752343893051147 65
1738811911309 0.9773046970367432 66
1738811911310 0.9769921898841858 67
1738811911312 0.9786718487739563 68
1738811911313 0.9780468940734863 69
1738811911314 0.9780859351158142 70
1738811911315 0.9771484136581421 71
1738811911316 0.9780077934265137 72
1738811911317 0.9801172018051147 73
1738811911318 0.9784374833106995 74
1738811911319 0.9780468940734863 75
1738811911320 0.976367175579071 76
1738811911321 0.9805468916893005 77
1738811911323 0.98046875 78
1738811911324 0.9786328077316284 79
1738811911325 0.9799218773841858 80
1738811911326 0.978710949420929 81
1738811911327 0.9800390601158142 82
1738811911328 0.9805468916893005 83
1738811911329 0.983203113079071 84
1738811911330 0.9811328053474426 85
1738811911332 0.9825780987739563 86
1738811911333 0.9807812571525574 87
1738811911334 0.9801562428474426 88
1738811911335 0.9795703291893005 89
1738811911336 0.9820703268051147 90
1738811911337 0.9786718487739563 91
1738811911338 0.9812109470367432 92
1738811911340 0.9807422161102295 93
1738811911341 0.9830859303474426 94
1738811911342 0.9803125262260437 95
1738811911343 0.9807031154632568 96
1738811911344 0.9829687476158142 97
1738811911345 0.9838671684265137 98
1738811911346 0.9830468893051147 99
1738811911348 0.9829297065734863 100
1738811911349 0.9807812571525574 101
1738811911350 0.9814843535423279 102
1738811911351 0.9838281273841858 103
1738811911352 0.9815624952316284 104
1738811911353 0.9830077886581421 105
1738811911354 0.981249988079071 106
1738811911356 0.9834374785423279 107
1738811911357 0.983203113079071 108
1738811911358 0.9846484661102295 109
1738811911359 0.9839453101158142 110
1738811911360 0.9823046922683716 111
1738811911361 0.982226550579071 112
1738811911362 0.9850780963897705 113
1738811911364 0.9848437309265137 114
1738811911365 0.9833593964576721 115
1738811911366 0.9841015338897705 116
1738811911367 0.9849218726158142 117
1738811911368 0.9841015338897705 118
1738811911369 0.9843359589576721 119
