1738811911225 1.379971981048584 0
1738811911226 0.8538069128990173 1
1738811911227 0.6246435642242432 2
1738811911229 0.4907277226448059 3
1738811911230 0.4226554036140442 4
1738811911231 0.361560583114624 5
1738811911233 0.3180566132068634 6
1738811911234 0.2947874069213867 7
1738811911236 0.27457818388938904 8
1738811911237 0.2522521913051605 9
1738811911239 0.23857355117797852 10
1738811911240 0.21287119388580322 11
1738811911242 0.2100580632686615 12
1738811911243 0.2077295333147049 13
1738811911244 0.20201818645000458 14
1738811911246 0.18748179078102112 15
1738811911248 0.18277476727962494 16
1738811911250 0.17918521165847778 17
1738811911252 0.16562972962856293 18
1738811911253 0.1729910969734192 19
1738811911254 0.16370922327041626 20
1738811911255 0.16914543509483337 21
1738811911257 0.1622389853000641 22
1738811911259 0.1462264358997345 23
1738811911260 0.16309696435928345 24
1738811911262 0.14666330814361572 25
1738811911263 0.14035846292972565 26
1738811911264 0.1448599398136139 27
1738811911266 0.1445532888174057 28
1738811911267 0.1318807154893875 29
1738811911268 0.12682251632213593 30
1738811911270 0.1296282410621643 31
1738811911271 0.1272091418504715 32
1738811911272 0.13102775812149048 33
1738811911273 0.12493498623371124 34
1738811911274 0.111654132604599 35
1738811911275 0.12210536003112793 36
1738811911276 0.11845861375331879 37
1738811911278 0.11510347574949265 38
1738811911279 0.10885109752416611 39
1738811911280 0.1059863343834877 40
1738811911281 0.10818761587142944 41
1738811911283 0.10082980245351791 42
1738811911284 0.11337325721979141 43
1738811911285 0.10411404818296432 44
1738811911286 0.10882091522216797 45
1738811911287 0.09765603393316269 46
1738811911288 0.09595389664173126 47
1738811911289 0.0996861532330513 48
1738811911290 0.10646772384643555 49
1738811911291 0.09755847603082657 50
1738811911293 0.0926220640540123 51
1738811911294 0.09211643040180206 52
1738811911295 0.0917685478925705 53
1738811911296 0.09792042523622513 54
1738811911297 0.09330225735902786 55
1738811911298 0.0905209481716156 56
1738811911299 0.08725926280021667 57
1738811911300 0.08371824026107788 58
1738811911302 0.09853076189756393 59
1738811911303 0.08524256944656372 60
1738811911304 0.08124447613954544 61
1738811911305 0.07950008660554886 62
1738811911306 0.0836292952299118 63
1738811911307 0.07816441357135773 64
1738811911308 0.08708514273166656 65
1738811911309 0.08158735930919647 66
1738811911310 0.08090832084417343 67
1738811911312 0.07362064719200134 68
1738811911313 0.07552554458379745 69
1738811911314 0.07543595880270004 70
1738811911315 0.08061181008815765 71
1738811911316 0.07752744853496552 72
1738811911317 0.06912846863269806 73
1738811911318 0.07591070234775543 74
1738811911319 0.07694899290800095 75
1738811911320 0.08306751400232315 76
1738811911321 0.06912236660718918 77
1738811911323 0.06664489209651947 78
1738811911324 0.07392136007547379 79
1738811911325 0.06905481964349747 80
1738811911326 0.07304934412240982 81
1738811911327 0.0711655542254448 82
1738811911328 0.07292085886001587 83
1738811911329 0.05952068418264389 84
1738811911330 0.06836975365877151 85
1738811911332 0.06527569890022278 86
1738811911333 0.07006635516881943 87
1738811911334 0.06974055618047714 88
1738811911335 0.07688741385936737 89
1738811911336 0.0630757287144661 90
1738811911337 0.07612007856369019 91
1738811911338 0.06438474357128143 92
1738811911340 0.06966528296470642 93
1738811911341 0.06303004920482635 94
1738811911342 0.06828315556049347 95
1738811911343 0.07206083089113235 96
1738811911344 0.06122495234012604 97
1738811911345 0.057615481317043304 98
1738811911346 0.062487173825502396 99
1738811911348 0.06013956665992737 100
1738811911349 0.06471956521272659 101
1738811911350 0.06583287566900253 102
1738811911351 0.05631718784570694 103
1738811911352 0.06206386536359787 104
1738811911353 0.06238153576850891 105
1738811911354 0.0672072246670723 106
1738811911356 0.054138943552970886 107
1738811911357 0.05925305187702179 108
1738811911358 0.05222773179411888 109
1738811911359 0.05659930408000946 110
1738811911360 0.06206686422228813 111
1738811911361 0.06669919192790985 112
1738811911362 0.05669231340289116 113
1738811911364 0.055074796080589294 114
1738811911365 0.0604747049510479 115
1738811911366 0.05497060343623161 116
1738811911367 0.05435037612915039 117
1738811911368 0.057022616267204285 118
1738811911369 0.05407936871051788 119
