1738443516421 1.6293011903762817 0
1738443516424 1.4037948846817017 1
1738443516427 1.3272976875305176 2
1738443516428 1.291761875152588 3
1738443516431 1.2637910842895508 4
1738443516433 1.2467457056045532 5
1738443516435 1.2369669675827026 6
1738443516436 1.2151196002960205 7
1738443516437 1.2065075635910034 8
1738443516438 1.2040202617645264 9
1738443516440 1.1822419166564941 10
1738443516441 1.1881064176559448 11
1738443516442 1.1770758628845215 12
1738443516445 1.1684174537658691 13
1738443516447 1.1599916219711304 14
1738443516448 1.1710078716278076 15
1738443516450 1.159896969795227 16
1738443516451 1.1544132232666016 17
1738443516452 1.1397229433059692 18
1738443516454 1.1401140689849854 19
1738443516456 1.1479277610778809 20
1738443516459 1.1378663778305054 21
1738443516462 1.1306976079940796 22
1738443516465 1.1252036094665527 23
1738443516467 1.1300307512283325 24
1738443516468 1.1432342529296875 25
1738443516469 1.118930697441101 26
1738443516471 1.1225228309631348 27
1738443516472 1.1101590394973755 28
1738443516473 1.1085923910140991 29
1738443516474 1.1177006959915161 30
1738443516477 1.1138067245483398 31
1738443516478 1.0964034795761108 32
1738443516480 1.0993784666061401 33
1738443516482 1.1010605096817017 34
1738443516484 1.1062111854553223 35
1738443516486 1.1078146696090698 36
1738443516488 1.0956342220306396 37
1738443516490 1.0869548320770264 38
1738443516492 1.085880160331726 39
1738443516494 1.083996295928955 40
1738443516496 1.089796781539917 41
1738443516498 1.0903868675231934 42
1738443516499 1.0886937379837036 43
1738443516500 1.0827507972717285 44
1738443516502 1.0875940322875977 45
1738443516503 1.08089280128479 46
1738443516504 1.08672034740448 47
1738443516505 1.0803089141845703 48
1738443516507 1.0705233812332153 49
1738443516508 1.0857988595962524 50
1738443516509 1.0814822912216187 51
1738443516510 1.0877114534378052 52
1738443516512 1.0693703889846802 53
1738443516514 1.0749995708465576 54
1738443516516 1.0844782590866089 55
1738443516518 1.0789086818695068 56
1738443516520 1.0748562812805176 57
1738443516522 1.0814332962036133 58
1738443516524 1.071349024772644 59
1738443516526 1.0638431310653687 60
1738443516528 1.0721477270126343 61
1738443516531 1.0802831649780273 62
1738443516534 1.0615421533584595 63
1738443516536 1.071662425994873 64
1738443516539 1.0692756175994873 65
1738443516541 1.068374514579773 66
1738443516544 1.0616236925125122 67
1738443516547 1.0674816370010376 68
1738443516550 1.063017725944519 69
1738443516553 1.0549914836883545 70
1738443516555 1.0600231885910034 71
1738443516558 1.0585570335388184 72
1738443516560 1.0584843158721924 73
1738443516562 1.0708270072937012 74
1738443516564 1.0654091835021973 75
1738443516566 1.0556917190551758 76
1738443516568 1.055021047592163 77
1738443516570 1.045983910560608 78
1738443516572 1.0547693967819214 79
1738443516574 1.0500105619430542 80
1738443516576 1.0601271390914917 81
1738443516577 1.0497498512268066 82
1738443516579 1.0528583526611328 83
1738443516581 1.0512560606002808 84
1738443516583 1.0550023317337036 85
1738443516585 1.0555448532104492 86
1738443516587 1.0557327270507812 87
1738443516589 1.047877550125122 88
1738443516591 1.0371811389923096 89
1738443516593 1.0568431615829468 90
1738443516595 1.0600321292877197 91
1738443516597 1.0456196069717407 92
1738443516599 1.051417589187622 93
1738443516601 1.0467770099639893 94
1738443516603 1.0467263460159302 95
1738443516604 1.0475168228149414 96
1738443516606 1.044946312904358 97
1738443516608 1.0530762672424316 98
1738443516610 1.045041561126709 99
1738443516612 1.038250207901001 100
1738443516614 1.053155779838562 101
1738443516616 1.0456775426864624 102
1738443516618 1.0492138862609863 103
1738443516620 1.0311801433563232 104
1738443516622 1.044453740119934 105
1738443516623 1.0449628829956055 106
1738443516625 1.0425728559494019 107
1738443516627 1.0396541357040405 108
1738443516629 1.0464210510253906 109
1738443516632 1.0489636659622192 110
1738443516634 1.0379478931427002 111
1738443516636 1.0384798049926758 112
1738443516638 1.0492459535598755 113
1738443516640 1.047422170639038 114
1738443516642 1.0408883094787598 115
1738443516644 1.038968563079834 116
1738443516646 1.0362732410430908 117
1738443516648 1.0402143001556396 118
1738443516650 1.026924729347229 119
