1738443516421 0.33597657084465027 0
1738443516424 0.44496095180511475 1
1738443516427 0.4828124940395355 2
1738443516428 0.49781250953674316 3
1738443516431 0.5118749737739563 4
1738443516433 0.5240625143051147 5
1738443516435 0.5242968797683716 6
1738443516436 0.5371484160423279 7
1738443516437 0.5369921922683716 8
1738443516438 0.5354297161102295 9
1738443516440 0.5528905987739563 10
1738443516441 0.5544531345367432 11
1738443516442 0.5570703148841858 12
1738443516445 0.5553515553474426 13
1738443516447 0.5580859184265137 14
1738443516448 0.5559765696525574 15
1738443516450 0.5603125095367432 16
1738443516451 0.5630078315734863 17
1738443516452 0.568359375 18
1738443516454 0.5683203339576721 19
1738443516456 0.5656640529632568 20
1738443516459 0.5689452886581421 21
1738443516462 0.5690624713897705 22
1738443516465 0.5714452862739563 23
1738443516467 0.5727343559265137 24
1738443516468 0.5687890648841858 25
1738443516469 0.5796093940734863 26
1738443516471 0.5764062404632568 27
1738443516472 0.5777343511581421 28
1738443516473 0.5855078101158142 29
1738443516474 0.5817577838897705 30
1738443516477 0.5764843821525574 31
1738443516478 0.5830859541893005 32
1738443516480 0.5807812213897705 33
1738443516482 0.5860156416893005 34
1738443516484 0.5844140648841858 35
1738443516486 0.5821484327316284 36
1738443516488 0.5851953029632568 37
1738443516490 0.5893750190734863 38
1738443516492 0.589062511920929 39
1738443516494 0.5887890458106995 40
1738443516496 0.5875390768051147 41
1738443516498 0.5903906226158142 42
1738443516499 0.5880078077316284 43
1738443516500 0.5894922018051147 44
1738443516502 0.5887109637260437 45
1738443516503 0.5890234112739563 46
1738443516504 0.592968761920929 47
1738443516505 0.5892187356948853 48
1738443516507 0.6017187237739563 49
1738443516508 0.5924218893051147 50
1738443516509 0.5946484208106995 51
1738443516510 0.5903906226158142 52
1738443516512 0.5956249833106995 53
1738443516514 0.5964453220367432 54
1738443516516 0.5960156321525574 55
1738443516518 0.5935156345367432 56
1738443516520 0.5965625047683716 57
1738443516522 0.5965625047683716 58
1738443516524 0.5984765887260437 59
1738443516526 0.6035937666893005 60
1738443516528 0.6015625 61
1738443516531 0.5918750166893005 62
1738443516534 0.6016406416893005 63
1738443516536 0.5991406440734863 64
1738443516539 0.602343738079071 65
1738443516541 0.5994921922683716 66
1738443516544 0.5994531512260437 67
1738443516547 0.6011718511581421 68
1738443516550 0.6005468964576721 69
1738443516553 0.6026172041893005 70
1738443516555 0.6067187786102295 71
1738443516558 0.6045312285423279 72
1738443516560 0.5977343916893005 73
1738443516562 0.5960546731948853 74
1738443516564 0.5957812666893005 75
1738443516566 0.6051172018051147 76
1738443516568 0.606249988079071 77
1738443516570 0.6087499856948853 78
1738443516572 0.6030077934265137 79
1738443516574 0.6045703291893005 80
1738443516576 0.6027734279632568 81
1738443516577 0.607617199420929 82
1738443516579 0.6060546636581421 83
1738443516581 0.6098046898841858 84
1738443516583 0.6056249737739563 85
1738443516585 0.604296863079071 86
1738443516587 0.6076562404632568 87
1738443516589 0.6072656512260437 88
1738443516591 0.612500011920929 89
1738443516593 0.6041796803474426 90
1738443516595 0.6067578196525574 91
1738443516597 0.6053906083106995 92
1738443516599 0.6114062666893005 93
1738443516601 0.6078515648841858 94
1738443516603 0.6114843487739563 95
1738443516604 0.6114453077316284 96
1738443516606 0.6112499833106995 97
1738443516608 0.6103515625 98
1738443516610 0.6056249737739563 99
1738443516612 0.6123828291893005 100
1738443516614 0.6097265481948853 101
1738443516616 0.6071484088897705 102
1738443516618 0.6126171946525574 103
1738443516620 0.6165624856948853 104
1738443516622 0.6141015887260437 105
1738443516623 0.6122265458106995 106
1738443516625 0.6135156154632568 107
1738443516627 0.6125390529632568 108
1738443516629 0.6093359589576721 109
1738443516632 0.6114453077316284 110
1738443516634 0.6164453029632568 111
1738443516636 0.6151171922683716 112
1738443516638 0.6068750023841858 113
1738443516640 0.6084765791893005 114
1738443516642 0.6162890791893005 115
1738443516644 0.6162109375 116
1738443516646 0.6171093583106995 117
1738443516648 0.6140234470367432 118
1738443516650 0.6209765672683716 119
