1738765644212 0.5257812738418579 0
1738765644214 0.6394140720367432 1
1738765644217 0.6775000095367432 2
1738765644218 0.7126562595367432 3
1738765644219 0.7305468916893005 4
1738765644221 0.7472265362739563 5
1738765644222 0.7526171803474426 6
1738765644223 0.7621093988418579 7
1738765644225 0.7748047113418579 8
1738765644228 0.772265613079071 9
1738765644230 0.7825000286102295 10
1738765644231 0.7846484184265137 11
1738765644233 0.7835546731948853 12
1738765644235 0.7936328053474426 13
1738765644236 0.7919531464576721 14
1738765644238 0.7960546612739563 15
1738765644239 0.7951562404632568 16
1738765644240 0.7989453077316284 17
1738765644243 0.8036718964576721 18
1738765644245 0.8030078411102295 19
1738765644247 0.8075000047683716 20
1738765644248 0.8041796684265137 21
1738765644250 0.8043749928474426 22
1738765644251 0.8076562285423279 23
1738765644253 0.8124218583106995 24
1738765644254 0.8088672161102295 25
1738765644255 0.8110547065734863 26
1738765644256 0.8119531273841858 27
1738765644258 0.8133984208106995 28
1738765644259 0.8176171779632568 29
1738765644261 0.8179687261581421 30
1738765644263 0.818164050579071 31
1738765644264 0.8203906416893005 32
1738765644266 0.8171093463897705 33
1738765644267 0.8154296875 34
1738765644269 0.8173046708106995 35
1738765644270 0.8157031536102295 36
1738765644272 0.8156640529632568 37
1738765644273 0.8210546970367432 38
1738765644275 0.8155859112739563 39
1738765644277 0.8233593702316284 40
1738765644279 0.8231640458106995 41
1738765644280 0.824023425579071 42
1738765644282 0.8187109231948853 43
1738765644283 0.8186328411102295 44
1738765644285 0.8229687213897705 45
1738765644286 0.8251953125 46
1738765644287 0.824414074420929 47
1738765644288 0.8275781273841858 48
1738765644290 0.8258984088897705 49
1738765644292 0.8219531178474426 50
1738765644295 0.8276953101158142 51
1738765644297 0.8275390863418579 52
1738765644299 0.8330468535423279 53
1738765644300 0.8278124928474426 54
1738765644301 0.8286718726158142 55
1738765644303 0.8282031416893005 56
1738765644304 0.8324218988418579 57
1738765644305 0.8348047137260437 58
1738765644307 0.8287109136581421 59
1738765644309 0.824023425579071 60
1738765644311 0.8305468559265137 61
1738765644313 0.8301171660423279 62
1738765644315 0.834765613079071 63
1738765644316 0.8295312523841858 64
1738765644317 0.8342187404632568 65
1738765644318 0.8316797018051147 66
1738765644320 0.8324218988418579 67
1738765644321 0.8328515887260437 68
1738765644322 0.8302343487739563 69
1738765644324 0.8351953029632568 70
1738765644325 0.8379296660423279 71
1738765644327 0.8344922065734863 72
1738765644330 0.8296093940734863 73
1738765644331 0.8338281512260437 74
1738765644332 0.8334765434265137 75
1738765644334 0.8323047161102295 76
1738765644335 0.8374218940734863 77
1738765644336 0.8341015577316284 78
1738765644337 0.8335546851158142 79
1738765644338 0.8395312428474426 80
1738765644340 0.8394922018051147 81
1738765644341 0.8344531059265137 82
1738765644343 0.8350390791893005 83
1738765644345 0.8358593583106995 84
1738765644348 0.8382421731948853 85
1738765644350 0.8369922041893005 86
1738765644353 0.8384374976158142 87
1738765644355 0.8407421708106995 88
1738765644358 0.8370702862739563 89
1738765644361 0.8384765386581421 90
1738765644363 0.8360156416893005 91
1738765644364 0.841796875 92
1738765644365 0.8369922041893005 93
1738765644367 0.8415625095367432 94
1738765644368 0.8383593559265137 95
1738765644370 0.8394140601158142 96
1738765644371 0.8358984589576721 97
1738765644372 0.8439843654632568 98
1738765644373 0.8398047089576721 99
1738765644375 0.8407812714576721 100
1738765644377 0.8373047113418579 101
1738765644379 0.8384765386581421 102
1738765644381 0.8381640911102295 103
1738765644382 0.8409765362739563 104
1738765644383 0.8414453268051147 105
1738765644384 0.8360937237739563 106
1738765644386 0.8408203125 107
1738765644387 0.8397656083106995 108
1738765644388 0.8409374952316284 109
1738765644390 0.840624988079071 110
1738765644392 0.8405078053474426 111
1738765644394 0.841992199420929 112
1738765644395 0.842578113079071 113
1738765644397 0.8392578363418579 114
1738765644398 0.8421875238418579 115
1738765644399 0.8365625143051147 116
1738765644400 0.8393750190734863 117
1738765644402 0.8408203125 118
1738765644403 0.8402734398841858 119
