1738765644212 1.3728609085083008 0
1738765644214 1.111840009689331 1
1738765644217 1.0289301872253418 2
1738765644218 0.9595743417739868 3
1738765644219 0.9198997020721436 4
1738765644221 0.8774759769439697 5
1738765644222 0.8669379949569702 6
1738765644223 0.8451173901557922 7
1738765644225 0.8144752979278564 8
1738765644228 0.8210362792015076 9
1738765644230 0.7958763837814331 10
1738765644231 0.7897431254386902 11
1738765644233 0.7815090417861938 12
1738765644235 0.7635344862937927 13
1738765644236 0.7692862749099731 14
1738765644238 0.7583394050598145 15
1738765644239 0.7560713291168213 16
1738765644240 0.7518547177314758 17
1738765644243 0.742054283618927 18
1738765644245 0.7348225116729736 19
1738765644247 0.7359502911567688 20
1738765644248 0.7418231964111328 21
1738765644250 0.7381104826927185 22
1738765644251 0.7346155047416687 23
1738765644253 0.7271817922592163 24
1738765644254 0.7144032120704651 25
1738765644255 0.7184407114982605 26
1738765644256 0.7193260788917542 27
1738765644258 0.7211695909500122 28
1738765644259 0.7056615948677063 29
1738765644261 0.7073926329612732 30
1738765644263 0.7113103270530701 31
1738765644264 0.7047597765922546 32
1738765644266 0.7072319984436035 33
1738765644267 0.7168089151382446 34
1738765644269 0.7093081474304199 35
1738765644270 0.7061066627502441 36
1738765644272 0.7117056250572205 37
1738765644273 0.6946623921394348 38
1738765644275 0.7106709480285645 39
1738765644277 0.7004874348640442 40
1738765644279 0.6912299394607544 41
1738765644280 0.6925822496414185 42
1738765644282 0.7080184817314148 43
1738765644283 0.7049208879470825 44
1738765644285 0.6900771260261536 45
1738765644286 0.693483829498291 46
1738765644287 0.6897934675216675 47
1738765644288 0.685774564743042 48
1738765644290 0.6877327561378479 49
1738765644292 0.6943495273590088 50
1738765644295 0.6869149804115295 51
1738765644297 0.6833921670913696 52
1738765644299 0.6769078969955444 53
1738765644300 0.6896916031837463 54
1738765644301 0.6762980818748474 55
1738765644303 0.6792261600494385 56
1738765644304 0.6707200407981873 57
1738765644305 0.6684629917144775 58
1738765644307 0.6820117831230164 59
1738765644309 0.6965579390525818 60
1738765644311 0.6723107099533081 61
1738765644313 0.6766983270645142 62
1738765644315 0.6667177677154541 63
1738765644316 0.683544397354126 64
1738765644317 0.66993248462677 65
1738765644318 0.6785325407981873 66
1738765644320 0.6725660562515259 67
1738765644321 0.6695069670677185 68
1738765644322 0.6757554411888123 69
1738765644324 0.6702196002006531 70
1738765644325 0.6629565358161926 71
1738765644327 0.6756632328033447 72
1738765644330 0.6782387495040894 73
1738765644331 0.6723269820213318 74
1738765644332 0.6675023436546326 75
1738765644334 0.6762731671333313 76
1738765644335 0.6636342406272888 77
1738765644336 0.6711258888244629 78
1738765644337 0.6709197163581848 79
1738765644338 0.6647292375564575 80
1738765644340 0.6575484275817871 81
1738765644341 0.6667147874832153 82
1738765644343 0.672858715057373 83
1738765644345 0.6693287491798401 84
1738765644348 0.6613268256187439 85
1738765644350 0.6621938347816467 86
1738765644353 0.65667325258255 87
1738765644355 0.6559120416641235 88
1738765644358 0.6591222286224365 89
1738765644361 0.659824013710022 90
1738765644363 0.6659731864929199 91
1738765644364 0.6489811539649963 92
1738765644365 0.6615369915962219 93
1738765644367 0.646372377872467 94
1738765644368 0.6621483564376831 95
1738765644370 0.6583446264266968 96
1738765644371 0.6636688113212585 97
1738765644372 0.6474122405052185 98
1738765644373 0.6610687971115112 99
1738765644375 0.6519134640693665 100
1738765644377 0.6596971154212952 101
1738765644379 0.6597804427146912 102
1738765644381 0.6642845273017883 103
1738765644382 0.6550858020782471 104
1738765644383 0.6481767296791077 105
1738765644384 0.6685680150985718 106
1738765644386 0.6527876853942871 107
1738765644387 0.6583146452903748 108
1738765644388 0.6552557349205017 109
1738765644390 0.6492374539375305 110
1738765644392 0.6567217111587524 111
1738765644394 0.657437264919281 112
1738765644395 0.6447266936302185 113
1738765644397 0.6652820706367493 114
1738765644398 0.6444215178489685 115
1738765644399 0.6659546494483948 116
1738765644400 0.6496259570121765 117
1738765644402 0.6510835289955139 118
1738765644403 0.654356062412262 119
