1738367749190 0.2889062464237213 0
1738367749192 0.44886720180511475 1
1738367749194 0.5450780987739563 2
1738367749196 0.6161718964576721 3
1738367749197 0.676953136920929 4
1738367749199 0.7269531488418579 5
1738367749201 0.7586718797683716 6
1738367749203 0.7883594036102295 7
1738367749206 0.8115234375 8
1738367749208 0.8303515911102295 9
1738367749210 0.8383984565734863 10
1738367749212 0.8473827838897705 11
1738367749213 0.8658593893051147 12
1738367749214 0.8697265386581421 13
1738367749216 0.8745312690734863 14
1738367749217 0.8815624713897705 15
1738367749220 0.8846484422683716 16
1738367749223 0.892773449420929 17
1738367749224 0.896289050579071 18
1738367749226 0.9038671851158142 19
1738367749227 0.9030468463897705 20
1738367749228 0.9103124737739563 21
1738367749230 0.9128515720367432 22
1738367749231 0.9144921898841858 23
1738367749233 0.9192187786102295 24
1738367749235 0.9237890839576721 25
1738367749238 0.9214843511581421 26
1738367749241 0.9241015911102295 27
1738367749242 0.9264062643051147 28
1738367749244 0.9283984303474426 29
1738367749246 0.9300781488418579 30
1738367749248 0.9315624833106995 31
1738367749249 0.9310547113418579 32
1738367749250 0.9339843988418579 33
1738367749252 0.934765636920929 34
1738367749254 0.9319531321525574 35
1738367749256 0.9397656321525574 36
1738367749258 0.9403515458106995 37
1738367749259 0.9390234351158142 38
1738367749261 0.9417187571525574 39
1738367749262 0.9440234303474426 40
1738367749263 0.9422656297683716 41
1738367749265 0.9427343606948853 42
1738367749266 0.9429687261581421 43
1738367749267 0.9427343606948853 44
1738367749269 0.9477343559265137 45
1738367749271 0.9466406106948853 46
1738367749273 0.9481640458106995 47
1738367749274 0.9491015672683716 48
1738367749276 0.9488281011581421 49
1738367749278 0.9515234231948853 50
1738367749279 0.952343761920929 51
1738367749281 0.949023425579071 52
1738367749283 0.9494922161102295 53
1738367749286 0.9520312547683716 54
1738367749288 0.9551562666893005 55
1738367749289 0.9547265768051147 56
1738367749291 0.9538671970367432 57
1738367749292 0.9554296731948853 58
1738367749294 0.9543750286102295 59
1738367749295 0.9525781273841858 60
1738367749296 0.9558203220367432 61
1738367749298 0.956250011920929 62
1738367749299 0.9551953077316284 63
1738367749300 0.9560546875 64
1738367749302 0.9593750238418579 65
1738367749304 0.9578906297683716 66
1738367749307 0.9576953053474426 67
1738367749309 0.9574999809265137 68
