1738367749190 1.9590965509414673 0
1738367749192 1.4497556686401367 1
1738367749194 1.2275296449661255 2
1738367749196 1.045699954032898 3
1738367749197 0.90362548828125 4
1738367749199 0.7946627140045166 5
1738367749201 0.7065146565437317 6
1738367749203 0.6300919055938721 7
1738367749206 0.5732094049453735 8
1738367749208 0.5219911336898804 9
1738367749210 0.4979526102542877 10
1738367749212 0.47012779116630554 11
1738367749213 0.4226398766040802 12
1738367749214 0.40963926911354065 13
1738367749216 0.39636096358299255 14
1738367749217 0.3705981969833374 15
1738367749220 0.3567952811717987 16
1738367749223 0.34535253047943115 17
1738367749224 0.3246244490146637 18
1738367749226 0.3126090168952942 19
1738367749227 0.3074575662612915 20
1738367749228 0.29005247354507446 21
1738367749230 0.2814638018608093 22
1738367749231 0.28336551785469055 23
1738367749233 0.26160624623298645 24
1738367749235 0.2548273503780365 25
1738367749238 0.25562167167663574 26
1738367749241 0.25083816051483154 27
1738367749242 0.2423837035894394 28
1738367749244 0.23100478947162628 29
1738367749246 0.2314540445804596 30
1738367749248 0.22083692252635956 31
1738367749249 0.22252070903778076 32
1738367749250 0.21673370897769928 33
1738367749252 0.21194210648536682 34
1738367749254 0.21663862466812134 35
1738367749256 0.19470062851905823 36
1738367749258 0.1963302195072174 37
1738367749259 0.1977168619632721 38
1738367749261 0.1961686760187149 39
1738367749262 0.1844770610332489 40
1738367749263 0.18261519074440002 41
1738367749265 0.18715347349643707 42
1738367749266 0.18128597736358643 43
1738367749267 0.1837722808122635 44
1738367749269 0.17035211622714996 45
1738367749271 0.17078018188476562 46
1738367749273 0.17255279421806335 47
1738367749274 0.1700349748134613 48
1738367749276 0.1619093120098114 49
1738367749278 0.15603691339492798 50
1738367749279 0.16106149554252625 51
1738367749281 0.16090455651283264 52
1738367749283 0.16217921674251556 53
1738367749286 0.15858688950538635 54
1738367749288 0.15139596164226532 55
1738367749289 0.14553068578243256 56
1738367749291 0.15171699225902557 57
1738367749292 0.1518976390361786 58
1738367749294 0.14796124398708344 59
1738367749295 0.15142308175563812 60
1738367749296 0.14330780506134033 61
1738367749298 0.1441483050584793 62
1738367749299 0.14389076828956604 63
1738367749300 0.14506882429122925 64
1738367749302 0.13238957524299622 65
1738367749304 0.14017528295516968 66
1738367749307 0.13558076322078705 67
1738367749309 0.13641498982906342 68
