1738108470002 0.22261719405651093 0
1738108470004 0.28687500953674316 1
1738108470005 0.32621094584465027 2
1738108470007 0.35371094942092896 3
1738108470008 0.38484373688697815 4
1738108470009 0.4094531238079071 5
1738108470011 0.4344140589237213 6
1738108470012 0.46296873688697815 7
1738108470014 0.49671876430511475 8
1738108470015 0.5283984541893005 9
1738108470017 0.5583202838897705 10
1738108470018 0.5782031416893005 11
1738108470019 0.6006249785423279 12
1738108470021 0.6157422065734863 13
1738108470023 0.6371874809265137 14
1738108470025 0.652148425579071 15
1738108470026 0.6670312285423279 16
1738108470028 0.6801171898841858 17
1738108470029 0.6944531202316284 18
1738108470031 0.7055859565734863 19
1738108470032 0.7147656083106995 20
1738108470033 0.7231640815734863 21
1738108470034 0.728710949420929 22
1738108470036 0.7385937571525574 23
1738108470037 0.7398828268051147 24
1738108470039 0.7479687333106995 25
1738108470040 0.7608984112739563 26
1738108470042 0.7575781345367432 27
1738108470044 0.7662109136581421 28
1738108470045 0.769726574420929 29
1738108470046 0.7736718654632568 30
1738108470047 0.7787500023841858 31
1738108470048 0.7829296588897705 32
1738108470049 0.7887109518051147 33
1738108470051 0.7874609231948853 34
1738108470052 0.7963281273841858 35
1738108470053 0.7958202958106995 36
1738108470054 0.7998828291893005 37
1738108470055 0.8048046827316284 38
1738108470056 0.8055468797683716 39
1738108470057 0.8067968487739563 40
1738108470058 0.8079296946525574 41
1738108470059 0.8155859112739563 42
1738108470060 0.8126171827316284 43
1738108470061 0.8127734661102295 44
1738108470062 0.8188672065734863 45
1738108470063 0.8220312595367432 46
1738108470064 0.8217577934265137 47
1738108470065 0.8221874833106995 48
1738108470067 0.8256640434265137 49
1738108470068 0.8262500166893005 50
1738108470069 0.829296886920929 51
1738108470070 0.8307421803474426 52
1738108470071 0.8316406011581421 53
1738108470072 0.8342578411102295 54
1738108470073 0.8345702886581421 55
1738108470075 0.8362109661102295 56
1738108470077 0.8373047113418579 57
1738108470078 0.8385156393051147 58
1738108470079 0.8382421731948853 59
1738108470080 0.8416406512260437 60
1738108470082 0.8432031273841858 61
1738108470083 0.8434374928474426 62
1738108470085 0.843554675579071 63
1738108470086 0.8444140553474426 64
1738108470087 0.845703125 65
1738108470088 0.8478124737739563 66
1738108470089 0.8455469012260437 67
1738108470090 0.8507031202316284 68
1738108470091 0.8498828411102295 69
1738108470092 0.8519921898841858 70
1738108470093 0.8502734303474426 71
1738108470094 0.8567578196525574 72
1738108470095 0.8514453172683716 73
1738108470096 0.8537499904632568 74
1738108470098 0.8539843559265137 75
1738108470099 0.85546875 76
1738108470100 0.85546875 77
1738108470101 0.8530077934265137 78
1738108470102 0.8613671660423279 79
1738108470103 0.8599609136581421 80
1738108470104 0.8564843535423279 81
1738108470105 0.8605859279632568 82
1738108470106 0.8612890839576721 83
1738108470107 0.8613671660423279 84
1738108470108 0.8624609112739563 85
1738108470109 0.8650000095367432 86
