1738108470002 2.720200538635254 0
1738108470004 2.1623053550720215 1
1738108470005 1.9368585348129272 2
1738108470007 1.8163379430770874 3
1738108470008 1.7030657529830933 4
1738108470009 1.6128544807434082 5
1738108470011 1.5380525588989258 6
1738108470012 1.4568592309951782 7
1738108470014 1.3819774389266968 8
1738108470015 1.302585244178772 9
1738108470017 1.222244381904602 10
1738108470018 1.1835837364196777 11
1738108470019 1.1171704530715942 12
1738108470021 1.0719965696334839 13
1738108470023 1.0160328149795532 14
1738108470025 0.9859380125999451 15
1738108470026 0.9381182193756104 16
1738108470028 0.9188777804374695 17
1738108470029 0.8745271563529968 18
1738108470031 0.8467987775802612 19
1738108470032 0.8312928676605225 20
1738108470033 0.8026559352874756 21
1738108470034 0.7851033210754395 22
1738108470036 0.753816545009613 23
1738108470037 0.7532200813293457 24
1738108470039 0.7258973121643066 25
1738108470040 0.7025405168533325 26
1738108470042 0.698494017124176 27
1738108470044 0.6817326545715332 28
1738108470045 0.6707779765129089 29
1738108470046 0.663653552532196 30
1738108470047 0.6453441381454468 31
1738108470048 0.6323946118354797 32
1738108470049 0.6221671104431152 33
1738108470051 0.6144376993179321 34
1738108470052 0.601287305355072 35
1738108470053 0.6039443612098694 36
1738108470054 0.5920157432556152 37
1738108470055 0.5730583071708679 38
1738108470056 0.5710641741752625 39
1738108470057 0.5605728626251221 40
1738108470058 0.5667398571968079 41
1738108470059 0.5442344546318054 42
1738108470060 0.5499082803726196 43
1738108470061 0.5455871224403381 44
1738108470062 0.5364362001419067 45
1738108470063 0.5251686573028564 46
1738108470064 0.5230563282966614 47
1738108470065 0.5213224291801453 48
1738108470067 0.5109426379203796 49
1738108470068 0.5123467445373535 50
1738108470069 0.5049264430999756 51
1738108470070 0.5020887851715088 52
1738108470071 0.4933551847934723 53
1738108470072 0.49164095520973206 54
1738108470073 0.4858086407184601 55
1738108470075 0.47747084498405457 56
1738108470077 0.481662780046463 57
1738108470078 0.4780692160129547 58
1738108470079 0.47423577308654785 59
1738108470080 0.4695148766040802 60
1738108470082 0.459745854139328 61
1738108470083 0.4666404724121094 62
1738108470085 0.45996275544166565 63
1738108470086 0.45803219079971313 64
1738108470087 0.45319488644599915 65
1738108470088 0.4466477334499359 66
1738108470089 0.45104092359542847 67
1738108470090 0.4446149468421936 68
1738108470091 0.443811297416687 69
1738108470092 0.44210538268089294 70
1738108470093 0.4460125267505646 71
1738108470094 0.42674219608306885 72
1738108470095 0.4361891448497772 73
1738108470096 0.4328377842903137 74
1738108470098 0.4222460091114044 75
1738108470099 0.425431489944458 76
1738108470100 0.4253861606121063 77
1738108470101 0.4298769235610962 78
1738108470102 0.4164609909057617 79
1738108470103 0.4129828214645386 80
1738108470104 0.417855829000473 81
1738108470105 0.40955716371536255 82
1738108470106 0.41558215022087097 83
1738108470107 0.4115508794784546 84
1738108470108 0.412165105342865 85
1738108470109 0.39862921833992004 86
