1738444033662 1.7734335660934448 0
1738444033663 1.517073154449463 1
1738444033664 1.456266164779663 2
1738444033666 1.4061763286590576 3
1738444033667 1.3707736730575562 4
1738444033668 1.3543204069137573 5
1738444033670 1.3467698097229004 6
1738444033672 1.331556797027588 7
1738444033675 1.324880838394165 8
1738444033676 1.3271273374557495 9
1738444033677 1.3046635389328003 10
1738444033678 1.3098803758621216 11
1738444033679 1.30597722530365 12
1738444033681 1.2987260818481445 13
1738444033682 1.2906438112258911 14
1738444033683 1.2820221185684204 15
1738444033684 1.2857662439346313 16
1738444033685 1.279617190361023 17
1738444033686 1.266729474067688 18
1738444033688 1.2733051776885986 19
1738444033689 1.2796674966812134 20
1738444033692 1.266416311264038 21
1738444033694 1.2859022617340088 22
1738444033696 1.2648202180862427 23
1738444033697 1.264235019683838 24
1738444033699 1.2670207023620605 25
1738444033700 1.2543753385543823 26
1738444033702 1.2539849281311035 27
1738444033703 1.2650209665298462 28
1738444033704 1.2609202861785889 29
1738444033705 1.254496693611145 30
1738444033708 1.2641397714614868 31
1738444033710 1.248481035232544 32
1738444033711 1.248408555984497 33
1738444033712 1.2464873790740967 34
1738444033714 1.2454054355621338 35
1738444033715 1.2472742795944214 36
1738444033717 1.2584768533706665 37
1738444033718 1.2453279495239258 38
1738444033719 1.2396821975708008 39
1738444033720 1.2472633123397827 40
1738444033722 1.2349658012390137 41
1738444033724 1.2339192628860474 42
1738444033726 1.2387096881866455 43
1738444033727 1.2394294738769531 44
1738444033728 1.2355366945266724 45
1738444033729 1.2344950437545776 46
1738444033731 1.2324477434158325 47
1738444033732 1.2280796766281128 48
1738444033733 1.2312977313995361 49
1738444033734 1.2300761938095093 50
1738444033736 1.2258143424987793 51
1738444033737 1.2198011875152588 52
1738444033738 1.2278605699539185 53
1738444033741 1.2242236137390137 54
1738444033743 1.2277486324310303 55
1738444033745 1.2291418313980103 56
1738444033747 1.2268329858779907 57
1738444033748 1.2174988985061646 58
1738444033749 1.222479224205017 59
1738444033751 1.2224700450897217 60
1738444033752 1.2198642492294312 61
1738444033753 1.2277146577835083 62
1738444033756 1.224319338798523 63
1738444033757 1.2229979038238525 64
1738444033759 1.2100844383239746 65
1738444033760 1.219521164894104 66
1738444033762 1.2183665037155151 67
1738444033763 1.2120869159698486 68
1738444033764 1.2093210220336914 69
1738444033766 1.2142280340194702 70
1738444033767 1.2129939794540405 71
1738444033768 1.2139989137649536 72
1738444033769 1.2203853130340576 73
1738444033770 1.2185306549072266 74
1738444033772 1.2134981155395508 75
1738444033774 1.205580472946167 76
1738444033777 1.2115367650985718 77
1738444033778 1.2057520151138306 78
1738444033779 1.2043001651763916 79
1738444033781 1.2123929262161255 80
1738444033782 1.2007124423980713 81
1738444033783 1.2134299278259277 82
1738444033784 1.214287281036377 83
1738444033785 1.2150802612304688 84
1738444033786 1.2120692729949951 85
1738444033788 1.1911096572875977 86
1738444033789 1.2011198997497559 87
1738444033790 1.1982429027557373 88
1738444033792 1.2062031030654907 89
1738444033793 1.20582914352417 90
1738444033794 1.2077983617782593 91
1738444033795 1.2093157768249512 92
1738444033797 1.2116572856903076 93
1738444033798 1.2092461585998535 94
1738444033799 1.1982773542404175 95
1738444033800 1.2015972137451172 96
1738444033801 1.2030515670776367 97
1738444033802 1.1933963298797607 98
1738444033803 1.1966619491577148 99
1738444033804 1.1835488080978394 100
1738444033806 1.2067468166351318 101
1738444033808 1.1953121423721313 102
1738444033810 1.2037311792373657 103
1738444033812 1.1973448991775513 104
1738444033813 1.1851059198379517 105
1738444033814 1.1903259754180908 106
1738444033815 1.2066795825958252 107
1738444033816 1.1872044801712036 108
1738444033817 1.2015351057052612 109
1738444033818 1.198469638824463 110
1738444033819 1.1955223083496094 111
1738444033820 1.207076072692871 112
1738444033822 1.1861835718154907 113
1738444033823 1.1979714632034302 114
1738444033826 1.185744285583496 115
1738444033827 1.1794015169143677 116
1738444033828 1.1915696859359741 117
1738444033829 1.1947284936904907 118
1738444033830 1.1881825923919678 119
