1738444033662 0.26902344822883606 0
1738444033663 0.38832032680511475 1
1738444033664 0.42113280296325684 2
1738444033666 0.44917967915534973 3
1738444033667 0.46308594942092896 4
1738444033668 0.4740234315395355 5
1738444033670 0.4780859351158142 6
1738444033672 0.4864843785762787 7
1738444033675 0.4878515601158142 8
1738444033676 0.48726561665534973 9
1738444033677 0.49800780415534973 10
1738444033678 0.49656251072883606 11
1738444033679 0.503125011920929 12
1738444033681 0.505664050579071 13
1738444033682 0.5066015720367432 14
1738444033683 0.5092577934265137 15
1738444033684 0.510546863079071 16
1738444033685 0.5097265839576721 17
1738444033686 0.5141406059265137 18
1738444033688 0.5160937309265137 19
1738444033689 0.5083203315734863 20
1738444033692 0.5148046612739563 21
1738444033694 0.5051562786102295 22
1738444033696 0.513671875 23
1738444033697 0.5221874713897705 24
1738444033699 0.5197656154632568 25
1738444033700 0.5252734422683716 26
1738444033702 0.5226171612739563 27
1738444033703 0.5157031416893005 28
1738444033704 0.517578125 29
1738444033705 0.5203906297683716 30
1738444033708 0.5171874761581421 31
1738444033710 0.5250781178474426 32
1738444033711 0.5204296708106995 33
1738444033712 0.5248047113418579 34
1738444033714 0.5245312452316284 35
1738444033715 0.5229687690734863 36
1738444033717 0.5232031345367432 37
1738444033718 0.5219922065734863 38
1738444033719 0.5287109613418579 39
1738444033720 0.5291406512260437 40
1738444033722 0.5277343988418579 41
1738444033724 0.5288281440734863 42
1738444033726 0.5305469036102295 43
1738444033727 0.5249218940734863 44
1738444033728 0.5325000286102295 45
1738444033729 0.5346093773841858 46
1738444033731 0.5366796851158142 47
1738444033732 0.5325390696525574 48
1738444033733 0.5291406512260437 49
1738444033734 0.5350000262260437 50
1738444033736 0.5361718535423279 51
1738444033737 0.5335156321525574 52
1738444033738 0.5287890434265137 53
1738444033741 0.5323047041893005 54
1738444033743 0.5333203077316284 55
1738444033745 0.5302734375 56
1738444033747 0.5355468988418579 57
1738444033748 0.5367968678474426 58
1738444033749 0.5326172113418579 59
1738444033751 0.5335546731948853 60
1738444033752 0.5365625023841858 61
1738444033753 0.5326562523841858 62
1738444033756 0.534375011920929 63
1738444033757 0.5366796851158142 64
1738444033759 0.5386718511581421 65
1738444033760 0.5378515720367432 66
1738444033762 0.5344531536102295 67
1738444033763 0.5406249761581421 68
1738444033764 0.5363671779632568 69
1738444033766 0.5393359661102295 70
1738444033767 0.5348047018051147 71
1738444033768 0.5354297161102295 72
1738444033769 0.5327734351158142 73
1738444033770 0.5373828411102295 74
1738444033772 0.5372265577316284 75
1738444033774 0.5419531464576721 76
1738444033777 0.5384374856948853 77
1738444033778 0.5473437309265137 78
1738444033779 0.5382421612739563 79
1738444033781 0.5381249785423279 80
1738444033782 0.5471484661102295 81
1738444033783 0.5348827838897705 82
1738444033784 0.5412890911102295 83
1738444033785 0.5401172041893005 84
1738444033786 0.5378124713897705 85
1738444033788 0.5461719036102295 86
1738444033789 0.5486719012260437 87
1738444033790 0.5444921851158142 88
1738444033792 0.5454297065734863 89
1738444033793 0.5482031106948853 90
1738444033794 0.5423437356948853 91
1738444033795 0.5374609231948853 92
1738444033797 0.5423437356948853 93
1738444033798 0.5431249737739563 94
1738444033799 0.5480077862739563 95
1738444033800 0.5480859279632568 96
1738444033801 0.5411718487739563 97
1738444033802 0.544140636920929 98
1738444033803 0.5465234518051147 99
1738444033804 0.5478125214576721 100
1738444033806 0.5429297089576721 101
1738444033808 0.5417578220367432 102
1738444033810 0.5448046922683716 103
1738444033812 0.5436718463897705 104
1738444033813 0.5448828339576721 105
1738444033814 0.5472265481948853 106
1738444033815 0.5432812571525574 107
1738444033816 0.5536327958106995 108
1738444033817 0.5429297089576721 109
1738444033818 0.5484765768051147 110
1738444033819 0.5458984375 111
1738444033820 0.5434374809265137 112
1738444033822 0.5478515625 113
1738444033823 0.5459374785423279 114
1738444033826 0.5433984398841858 115
1738444033827 0.552929699420929 116
1738444033828 0.5489062666893005 117
1738444033829 0.5482812523841858 118
1738444033830 0.5463671684265137 119
