1738091280934 1.5456891059875488 0
1738091280936 1.1658401489257812 1
1738091280938 0.8435536026954651 2
1738091280939 0.7002377510070801 3
1738091280941 0.6574100255966187 4
1738091280944 0.5921886563301086 5
1738091280945 0.5461432933807373 6
1738091280946 0.5302485823631287 7
1738091280948 0.5072139501571655 8
1738091280950 0.4893101155757904 9
1738091280952 0.49646270275115967 10
1738091280954 0.4646031856536865 11
1738091280955 0.463685005903244 12
1738091280957 0.468402624130249 13
1738091280958 0.4589725732803345 14
1738091280959 0.45639002323150635 15
1738091280960 0.4500611126422882 16
1738091280962 0.42531126737594604 17
1738091280963 0.43806228041648865 18
1738091280965 0.43996718525886536 19
1738091280968 0.42276984453201294 20
1738091280970 0.4312591552734375 21
1738091280971 0.4139266610145569 22
1738091280973 0.4005896747112274 23
1738091280974 0.3977109491825104 24
1738091280976 0.45725321769714355 25
1738091280977 0.4039628505706787 26
1738091280978 0.41584551334381104 27
1738091280979 0.40978699922561646 28
1738091280980 0.38321399688720703 29
1738091280983 0.3831010162830353 30
1738091280985 0.40537789463996887 31
1738091280987 0.39613544940948486 32
1738091280988 0.3958866000175476 33
1738091280990 0.3898845911026001 34
1738091280991 0.3742399513721466 35
1738091280992 0.38375359773635864 36
1738091280993 0.3776506781578064 37
1738091280994 0.3718300759792328 38
1738091280996 0.36368128657341003 39
1738091280996 0.41613125801086426 40
1738091280998 0.36745983362197876 41
1738091281000 0.3813398778438568 42
1738091281001 0.3826056718826294 43
1738091281003 0.38025301694869995 44
1738091281005 0.3659038245677948 45
1738091281007 0.3539070785045624 46
1738091281008 0.363901287317276 47
1738091281009 0.3510254919528961 48
1738091281010 0.3629046380519867 49
1738091281011 0.3645515441894531 50
1738091281012 0.3635534346103668 51
1738091281013 0.3752286434173584 52
1738091281015 0.3574262261390686 53
1738091281016 0.34992799162864685 54
1738091281017 0.3577949106693268 55
