1738091280934 0.39363279938697815 0
1738091280936 0.5721094012260437 1
1738091280938 0.7216015458106995 2
1738091280939 0.7682421803474426 3
1738091280941 0.7854297161102295 4
1738091280944 0.8052734136581421 5
1738091280945 0.8165234327316284 6
1738091280946 0.8237890601158142 7
1738091280948 0.8305859565734863 8
1738091280950 0.8368359208106995 9
1738091280952 0.8341405987739563 10
1738091280954 0.8435156345367432 11
1738091280955 0.8431640863418579 12
1738091280957 0.8416796922683716 13
1738091280958 0.8473047018051147 14
1738091280959 0.8450781106948853 15
1738091280960 0.8518750071525574 16
1738091280962 0.8548437356948853 17
1738091280963 0.8555859327316284 18
1738091280965 0.8529687523841858 19
1738091280968 0.8580859303474426 20
1738091280970 0.8548437356948853 21
1738091280971 0.8611719012260437 22
1738091280973 0.8636327981948853 23
1738091280974 0.8628906011581421 24
1738091280976 0.8477734327316284 25
1738091280977 0.8639062643051147 26
1738091280978 0.8600390553474426 27
1738091280979 0.8614453077316284 28
1738091280980 0.8669531345367432 29
1738091280983 0.8701171875 30
1738091280985 0.8618359565734863 31
1738091280987 0.8636327981948853 32
1738091280988 0.8665624856948853 33
1738091280990 0.8680078387260437 34
1738091280991 0.8716796636581421 35
1738091280992 0.8668359518051147 36
1738091280993 0.8714062571525574 37
1738091280994 0.8701171875 38
1738091280996 0.8753515481948853 39
1738091280996 0.8599218726158142 40
1738091280998 0.8726953268051147 41
1738091281000 0.8709765672683716 42
1738091281001 0.8695312738418579 43
1738091281003 0.8720312714576721 44
1738091281005 0.870898425579071 45
1738091281007 0.877148449420929 46
1738091281008 0.8750390410423279 47
1738091281009 0.879687488079071 48
1738091281010 0.8736718893051147 49
1738091281011 0.874218761920929 50
1738091281012 0.8736327886581421 51
1738091281013 0.8717968463897705 52
1738091281015 0.8772265911102295 53
1738091281016 0.8789452910423279 54
1738091281017 0.8766406178474426 55
