1738164090945 16.973255157470703 0
1738164090947 15.608936309814453 1
1738164090948 14.537952423095703 2
1738164090949 13.499065399169922 3
1738164090951 12.430638313293457 4
1738164090953 11.375387191772461 5
1738164090955 10.322057723999023 6
1738164090957 9.299338340759277 7
1738164090960 8.330161094665527 8
1738164090962 7.422372341156006 9
1738164090964 6.587146759033203 10
1738164090966 5.8351826667785645 11
1738164090967 5.158380508422852 12
1738164090969 4.557940483093262 13
1738164090970 4.016183376312256 14
1738164090971 3.570028066635132 15
1738164090972 3.157987594604492 16
1738164090974 2.814481496810913 17
1738164090975 2.515307664871216 18
1738164090976 2.2600691318511963 19
1738164090977 2.035734176635742 20
1738164090979 1.8429948091506958 21
1738164090980 1.6808815002441406 22
1738164090982 1.543053150177002 23
1738164090983 1.4331523180007935 24
1738164090987 1.3178972005844116 25
1738164090988 1.2319519519805908 26
1738164090990 1.1517163515090942 27
1738164090992 1.0910364389419556 28
1738164090995 1.0379048585891724 29
1738164090996 0.9869055151939392 30
1738164090999 0.9316703677177429 31
1738164091000 0.9037911891937256 32
1738164091003 0.86623215675354 33
1738164091004 0.8353651165962219 34
1738164091006 0.8137989640235901 35
1738164091008 0.795370876789093 36
1738164091010 0.7724342346191406 37
1738164091013 0.748577892780304 38
1738164091016 0.7467493414878845 39
1738164091018 0.7267965078353882 40
1738164091019 0.7148956060409546 41
1738164091021 0.7078846096992493 42
1738164091022 0.6949846148490906 43
1738164091023 0.6817218065261841 44
1738164091024 0.6913220286369324 45
1738164091026 0.677848219871521 46
1738164091027 0.6634952425956726 47
1738164091029 0.6537007093429565 48
1738164091031 0.6608571410179138 49
1738164091032 0.6472170948982239 50
1738164091034 0.6453669667243958 51
1738164091036 0.639474093914032 52
1738164091037 0.6342191100120544 53
1738164091038 0.6258085370063782 54
1738164091039 0.6190619468688965 55
1738164091041 0.6307644844055176 56
1738164091042 0.6140738129615784 57
1738164091043 0.6224651336669922 58
1738164091044 0.612856388092041 59
1738164091046 0.6166882514953613 60
1738164091049 0.6080246567726135 61
1738164091051 0.6080101132392883 62
1738164091052 0.6054636240005493 63
1738164091055 0.6052828431129456 64
1738164091057 0.5929723978042603 65
1738164091058 0.609122097492218 66
1738164091060 0.6058692932128906 67
1738164091062 0.5893570780754089 68
1738164091065 0.5922672152519226 69
