1738164090945 0.21593749523162842 0
1738164090947 0.27980467677116394 1
1738164090948 0.3324218690395355 2
1738164090949 0.36433592438697815 3
1738164090951 0.4012500047683716 4
1738164090953 0.4340234398841858 5
1738164090955 0.4644140601158142 6
1738164090957 0.501757800579071 7
1738164090960 0.5366406440734863 8
1738164090962 0.5701953172683716 9
1738164090964 0.5996484160423279 10
1738164090966 0.6298828125 11
1738164090967 0.6575781106948853 12
1738164090969 0.6794140338897705 13
1738164090970 0.7028906345367432 14
1738164090971 0.7125781178474426 15
1738164090972 0.7337499856948853 16
1738164090974 0.7425390481948853 17
1738164090975 0.7519140839576721 18
1738164090976 0.7611328363418579 19
1738164090977 0.7707421779632568 20
1738164090979 0.7782812714576721 21
1738164090980 0.7853906154632568 22
1738164090982 0.7882421612739563 23
1738164090983 0.7958984375 24
1738164090987 0.799609363079071 25
1738164090988 0.8066796660423279 26
1738164090990 0.810351550579071 27
1738164090992 0.8130468726158142 28
1738164090995 0.814648449420929 29
1738164090996 0.8199999928474426 30
1738164090999 0.8264062404632568 31
1738164091000 0.8268359303474426 32
1738164091003 0.8261328339576721 33
1738164091004 0.8296093940734863 34
1738164091006 0.8338281512260437 35
1738164091008 0.8328906297683716 36
1738164091010 0.8346093893051147 37
1738164091013 0.8392187356948853 38
1738164091016 0.8375781178474426 39
1738164091018 0.8407812714576721 40
1738164091019 0.8403906226158142 41
1738164091021 0.8417187333106995 42
1738164091022 0.8434765338897705 43
1738164091023 0.8459374904632568 44
1738164091024 0.8423827886581421 45
1738164091026 0.846484363079071 46
1738164091027 0.8489062786102295 47
1738164091029 0.8475390672683716 48
1738164091031 0.8486328125 49
1738164091032 0.849414050579071 50
1738164091034 0.8538281321525574 51
1738164091036 0.8574609160423279 52
1738164091037 0.8576953411102295 53
1738164091038 0.8579687476158142 54
1738164091039 0.859179675579071 55
1738164091041 0.8565624952316284 56
1738164091042 0.8632422089576721 57
1738164091043 0.8598437309265137 58
1738164091044 0.8597656488418579 59
1738164091046 0.8598828315734863 60
1738164091049 0.8638671636581421 61
1738164091051 0.866015613079071 62
1738164091052 0.8647656440734863 63
1738164091055 0.8652734160423279 64
1738164091057 0.8697656393051147 65
1738164091058 0.8651171922683716 66
1738164091060 0.865234375 67
1738164091062 0.8716796636581421 68
1738164091065 0.8729296922683716 69
