1739132726064 0.49921876192092896 0
1739132726066 0.723828136920929 1
1739132726068 0.8088281154632568 2
1739132726070 0.8449609279632568 3
1739132726072 0.8693749904632568 4
1739132726073 0.8857812285423279 5
1739132726075 0.890625 6
1739132726077 0.9066796898841858 7
1739132726080 0.9086328148841858 8
1739132726082 0.9141015410423279 9
1739132726084 0.9098437428474426 10
1739132726086 0.9226171970367432 11
1739132726088 0.9279687404632568 12
1739132726090 0.9288671612739563 13
1739132726092 0.9320312738418579 14
1739132726094 0.933789074420929 15
1739132726096 0.9319921731948853 16
1739132726098 0.9378906488418579 17
1739132726100 0.9398828148841858 18
1739132726102 0.9402734637260437 19
1739132726104 0.9437890648841858 20
1739132726106 0.9439452886581421 21
1739132726108 0.9466797113418579 22
1739132726110 0.9471874833106995 23
1739132726112 0.9486718773841858 24
1739132726114 0.9434765577316284 25
1739132726116 0.947265625 26
1739132726118 0.9520312547683716 27
1739132726120 0.9535937309265137 28
1739132726122 0.955078125 29
1739132726124 0.9555078148841858 30
1739132726126 0.9566797018051147 31
1739132726128 0.9576171636581421 32
1739132726130 0.955859363079071 33
1739132726132 0.9531640410423279 34
1739132726134 0.9579687714576721 35
1739132726136 0.9600781202316284 36
1739132726138 0.9619140625 37
1739132726140 0.9579687714576721 38
1739132726142 0.9591405987739563 39
1739132726144 0.9625781178474426 40
1739132726146 0.9628124833106995 41
1739132726147 0.9645312428474426 42
1739132726149 0.9578906297683716 43
1739132726151 0.9641406536102295 44
1739132726153 0.9600390791893005 45
1739132726155 0.9657031297683716 46
1739132726157 0.9623827934265137 47
1739132726159 0.9667187333106995 48
1739132726161 0.967578113079071 49
1739132726163 0.9642187356948853 50
1739132726165 0.9669530987739563 51
1739132726167 0.9651562571525574 52
1739132726169 0.9677734375 53
1739132726171 0.9675390720367432 54
1739132726173 0.9674218893051147 55
1739132726175 0.9701172113418579 56
1739132726177 0.9671875238418579 57
1739132726179 0.9697656035423279 58
1739132726181 0.9726952910423279 59
1739132726183 0.972460925579071 60
1739132726185 0.9721093773841858 61
1739132726187 0.9724218845367432 62
1739132726189 0.9691406488418579 63
1739132726191 0.9740625023841858 64
1739132726193 0.9726172089576721 65
1739132726194 0.97265625 66
1739132726196 0.972460925579071 67
1739132726198 0.970703125 68
1739132726200 0.9729297161102295 69
1739132726202 0.9712499976158142 70
1739132726204 0.9745703339576721 71
1739132726206 0.976757824420929 72
1739132726208 0.9755468964576721 73
1739132726210 0.9750000238418579 74
1739132726212 0.9741015434265137 75
1739132726214 0.9668750166893005 76
1739132726216 0.9752343893051147 77
1739132726218 0.9769921898841858 78
1739132726220 0.9742578268051147 79
1739132726222 0.9752734303474426 80
1739132726224 0.975781261920929 81
1739132726226 0.9754297137260437 82
1739132726228 0.9791015386581421 83
1739132726230 0.9750000238418579 84
1739132726232 0.9770312309265137 85
1739132726234 0.9754297137260437 86
1739132726236 0.9734765887260437 87
1739132726238 0.9764062762260437 88
1739132726240 0.9772655963897705 89
1739132726242 0.9764062762260437 90
1739132726244 0.9791406393051147 91
1739132726246 0.9786328077316284 92
1739132726248 0.9778515696525574 93
1739132726250 0.9792187213897705 94
1739132726252 0.9769921898841858 95
1739132726254 0.9776172041893005 96
1739132726256 0.9806249737739563 97
1739132726258 0.9801952838897705 98
1739132726260 0.9785937666893005 99
1739132726262 0.9804297089576721 100
1739132726264 0.9789453148841858 101
1739132726266 0.9793750047683716 102
1739132726268 0.9799609184265137 103
1739132726270 0.9780468940734863 104
1739132726272 0.978710949420929 105
1739132726274 0.9799609184265137 106
1739132726276 0.9820703268051147 107
1739132726278 0.9789062738418579 108
1739132726280 0.9793359637260437 109
1739132726282 0.9794140458106995 110
1739132726284 0.9825780987739563 111
1739132726286 0.978710949420929 112
1739132726288 0.9800390601158142 113
1739132726290 0.9805859327316284 114
1739132726292 0.9811718463897705 115
1739132726294 0.9807031154632568 116
1739132726296 0.9746484160423279 117
1739132726298 0.9813671708106995 118
1739132726300 0.9819921851158142 119
