1739132726064 1.3275346755981445 0
1739132726066 0.7923800945281982 1
1739132726068 0.5749320387840271 2
1739132726070 0.47728076577186584 3
1739132726072 0.403866171836853 4
1739132726073 0.35632601380348206 5
1739132726075 0.34100306034088135 6
1739132726077 0.2966634929180145 7
1739132726080 0.28424903750419617 8
1739132726082 0.2691129446029663 9
1739132726084 0.2848820090293884 10
1739132726086 0.25345826148986816 11
1739132726088 0.22834891080856323 12
1739132726090 0.22670111060142517 13
1739132726092 0.21513278782367706 14
1739132726094 0.21553927659988403 15
1739132726096 0.22306965291500092 16
1739132726098 0.20520301163196564 17
1739132726100 0.1957574039697647 18
1739132726102 0.19891338050365448 19
1739132726104 0.1835745871067047 20
1739132726106 0.1853085309267044 21
1739132726108 0.1717730164527893 22
1739132726110 0.17760993540287018 23
1739132726112 0.16724376380443573 24
1739132726114 0.1813884675502777 25
1739132726116 0.17207099497318268 26
1739132726118 0.15922193229198456 27
1739132726120 0.15391211211681366 28
1739132726122 0.14583012461662292 29
1739132726124 0.1435679942369461 30
1739132726126 0.14639349281787872 31
1739132726128 0.13899089395999908 32
1739132726130 0.14603060483932495 33
1739132726132 0.1569337248802185 34
1739132726134 0.1406097561120987 35
1739132726136 0.13453280925750732 36
1739132726138 0.13178879022598267 37
1739132726140 0.14232879877090454 38
1739132726142 0.13408036530017853 39
1739132726144 0.12599879503250122 40
1739132726146 0.1289849430322647 41
1739132726147 0.11746017634868622 42
1739132726149 0.14195644855499268 43
1739132726151 0.11745915561914444 44
1739132726153 0.13057033717632294 45
1739132726155 0.11603350937366486 46
1739132726157 0.12067506462335587 47
1739132726159 0.1111360564827919 48
1739132726161 0.10755471885204315 49
1739132726163 0.11997797340154648 50
1739132726165 0.11044628918170929 51
1739132726167 0.11867176741361618 52
1739132726169 0.10694330930709839 53
1739132726171 0.10943879187107086 54
1739132726173 0.11183825135231018 55
1739132726175 0.10488206893205643 56
1739132726177 0.10798229277133942 57
1739132726179 0.1016918271780014 58
1739132726181 0.0914645791053772 59
1739132726183 0.09275148063898087 60
1739132726185 0.09633414447307587 61
1739132726187 0.09453181177377701 62
1739132726189 0.10162913054227829 63
1739132726191 0.08883047103881836 64
1739132726193 0.09153760224580765 65
1739132726194 0.09737593680620193 66
1739132726196 0.09373457729816437 67
1739132726198 0.09950580447912216 68
1739132726200 0.09091934561729431 69
1739132726202 0.09845174849033356 70
1739132726204 0.08994489908218384 71
1739132726206 0.07974797487258911 72
1739132726208 0.08317489922046661 73
1739132726210 0.08507031202316284 74
1739132726212 0.08682124316692352 75
1739132726214 0.11276590079069138 76
1739132726216 0.09017675369977951 77
1739132726218 0.08113414794206619 78
1739132726220 0.08925028145313263 79
1739132726222 0.08542786538600922 80
1739132726224 0.08419366180896759 81
1739132726226 0.08329331129789352 82
1739132726228 0.07135600596666336 83
1739132726230 0.08610640466213226 84
1739132726232 0.07798139750957489 85
1739132726234 0.08606939017772675 86
1739132726236 0.088349349796772 87
1739132726238 0.08147812634706497 88
1739132726240 0.07834690809249878 89
1739132726242 0.08245628327131271 90
1739132726244 0.0744108036160469 91
1739132726246 0.07331261783838272 92
1739132726248 0.07452495396137238 93
1739132726250 0.06918806582689285 94
1739132726252 0.08006033301353455 95
1739132726254 0.07776650041341782 96
1739132726256 0.0681489109992981 97
1739132726258 0.06693926453590393 98
1739132726260 0.07318627089262009 99
1739132726262 0.07010479271411896 100
1739132726264 0.07207442820072174 101
1739132726266 0.07378781586885452 102
1739132726268 0.0686710923910141 103
1739132726270 0.07143128663301468 104
1739132726272 0.07391683012247086 105
1739132726274 0.0690385028719902 106
1739132726276 0.06445098668336868 107
1739132726278 0.07377167046070099 108
1739132726280 0.07296368479728699 109
1739132726282 0.0677095353603363 110
1739132726284 0.06028042361140251 111
1739132726286 0.07359049469232559 112
1739132726288 0.07165703177452087 113
1739132726290 0.06900449097156525 114
1739132726292 0.06396346539258957 115
1739132726294 0.06806430965662003 116
1739132726296 0.09335440397262573 117
1739132726298 0.06018183380365372 118
1739132726300 0.06425276398658752 119
