1738429057034 0.37089842557907104 0
1738429057036 0.48828125 1
1738429057037 0.5297656059265137 2
1738429057039 0.552539050579071 3
1738429057041 0.5708984136581421 4
1738429057043 0.5844922065734863 5
1738429057045 0.59375 6
1738429057047 0.5959374904632568 7
1738429057049 0.6176562309265137 8
1738429057051 0.6218359470367432 9
1738429057053 0.6423046588897705 10
1738429057055 0.6464062333106995 11
1738429057057 0.657421886920929 12
1738429057059 0.662890613079071 13
1738429057061 0.6773828268051147 14
1738429057063 0.6791796684265137 15
1738429057065 0.6801562309265137 16
1738429057068 0.6881250143051147 17
1738429057069 0.6929296851158142 18
1738429057071 0.7004687786102295 19
1738429057073 0.7043359279632568 20
1738429057075 0.7069531083106995 21
1738429057077 0.7016015648841858 22
1738429057079 0.7107031345367432 23
1738429057081 0.7186718583106995 24
1738429057083 0.7141015529632568 25
1738429057085 0.7192187309265137 26
1738429057087 0.7255859375 27
1738429057089 0.7211718559265137 28
1738429057092 0.7282031178474426 29
1738429057094 0.7267187237739563 30
1738429057096 0.7317578196525574 31
1738429057098 0.7364062666893005 32
1738429057100 0.7282812595367432 33
1738429057102 0.738085925579071 34
1738429057104 0.7416406273841858 35
1738429057106 0.7369921803474426 36
1738429057108 0.7380468845367432 37
1738429057110 0.7405859231948853 38
1738429057112 0.7393749952316284 39
1738429057114 0.7441015839576721 40
1738429057116 0.7443749904632568 41
1738429057119 0.7460156083106995 42
1738429057121 0.7484375238418579 43
1738429057123 0.7444921731948853 44
1738429057125 0.751757800579071 45
1738429057127 0.7503125071525574 46
1738429057129 0.7598828077316284 47
1738429057131 0.7546093463897705 48
1738429057133 0.7545312643051147 49
1738429057135 0.7567187547683716 50
1738429057137 0.7536327838897705 51
1738429057139 0.7545703053474426 52
1738429057141 0.7604687213897705 53
1738429057144 0.7588281035423279 54
1738429057146 0.7614843845367432 55
1738429057148 0.7573828101158142 56
1738429057150 0.7626953125 57
1738429057152 0.7609765529632568 58
1738429057154 0.7625781297683716 59
1738429057156 0.7591015696525574 60
1738429057158 0.7632421851158142 61
1738429057160 0.7635156512260437 62
1738429057161 0.7658984661102295 63
1738429057163 0.7672656178474426 64
1738429057165 0.7676562666893005 65
1738429057167 0.7683203220367432 66
1738429057169 0.7618359327316284 67
