1738429057034 5.975278854370117 0
1738429057036 2.9679477214813232 1
1738429057037 2.5714473724365234 2
1738429057039 2.4883456230163574 3
1738429057041 2.326650381088257 4
1738429057043 2.19942569732666 5
1738429057045 2.092806816101074 6
1738429057047 2.018305778503418 7
1738429057049 1.9186692237854004 8
1738429057051 1.8382946252822876 9
1738429057053 1.7825076580047607 10
1738429057055 1.7504799365997314 11
1738429057057 1.7013366222381592 12
1738429057059 1.6684051752090454 13
1738429057061 1.6384963989257812 14
1738429057063 1.626023769378662 15
1738429057065 1.617316722869873 16
1738429057068 1.6161466836929321 17
1738429057069 1.60990309715271 18
1738429057071 1.6041009426116943 19
1738429057073 1.582099199295044 20
1738429057075 1.5811338424682617 21
1738429057077 1.6041430234909058 22
1738429057079 1.5813651084899902 23
1738429057081 1.5673810243606567 24
1738429057083 1.5713139772415161 25
1738429057085 1.5816311836242676 26
1738429057087 1.5543584823608398 27
1738429057089 1.5832802057266235 28
1738429057092 1.5590307712554932 29
1738429057094 1.5622347593307495 30
1738429057096 1.5602607727050781 31
1738429057098 1.5646799802780151 32
1738429057100 1.5805058479309082 33
1738429057102 1.5632243156433105 34
1738429057104 1.547135353088379 35
1738429057106 1.5447720289230347 36
1738429057108 1.5681060552597046 37
1738429057110 1.52479887008667 38
1738429057112 1.547000765800476 39
1738429057114 1.5341377258300781 40
1738429057116 1.525434136390686 41
1738429057119 1.5155028104782104 42
1738429057121 1.5117692947387695 43
1738429057123 1.5504367351531982 44
1738429057125 1.517745852470398 45
1738429057127 1.5007028579711914 46
1738429057129 1.4736566543579102 47
1738429057131 1.4959722757339478 48
1738429057133 1.5197910070419312 49
1738429057135 1.5019117593765259 50
1738429057137 1.505417823791504 51
1738429057139 1.503501534461975 52
1738429057141 1.4715396165847778 53
1738429057144 1.5025182962417603 54
1738429057146 1.4848682880401611 55
1738429057148 1.4744089841842651 56
1738429057150 1.4686909914016724 57
1738429057152 1.4877362251281738 58
1738429057154 1.4666810035705566 59
1738429057156 1.4949672222137451 60
1738429057158 1.479780673980713 61
1738429057160 1.4523695707321167 62
1738429057161 1.4515252113342285 63
1738429057163 1.4470770359039307 64
1738429057165 1.445705771446228 65
1738429057167 1.4537118673324585 66
1738429057169 1.4595849514007568 67
