1738447790005 1.864799976348877 0
1738447790007 1.8352352380752563 1
1738447790009 1.8722267150878906 2
1738447790011 2.0313479900360107 3
1738447790012 1.8008686304092407 4
1738447790014 1.7600315809249878 5
1738447790016 1.698354959487915 6
1738447790018 1.7273321151733398 7
1738447790020 1.777510166168213 8
1738447790022 32.47163772583008 9
1738447790024 5.623027801513672 10
1738447790025 1.8198727369308472 11
1738447790026 1.8206368684768677 12
1738447790028 1.8023930788040161 13
1738447790029 1.8257008790969849 14
1738447790031 1.8149772882461548 15
1738447790032 1.810665249824524 16
1738447790033 1.8074928522109985 17
1738447790035 1.8190516233444214 18
1738447790037 1.8277910947799683 19
1738447790039 1.8167093992233276 20
1738447790040 1.7969516515731812 21
1738447790042 1.8010296821594238 22
1738447790043 1.7820364236831665 23
1738447790044 1.7728476524353027 24
1738447790046 1.7634437084197998 25
1738447790047 1.7404110431671143 26
1738447790049 1.735080599784851 27
1738447790050 1.709470510482788 28
1738447790051 1.710357666015625 29
1738447790053 1.6988412141799927 30
1738447790054 1.6762127876281738 31
1738447790056 1.6736949682235718 32
1738447790057 1.6564702987670898 33
1738447790059 1.6713228225708008 34
1738447790060 1.6689786911010742 35
1738447790061 1.6562267541885376 36
1738447790063 1.6680428981781006 37
1738447790064 1.6842747926712036 38
1738447790065 1.6565431356430054 39
1738447790067 1.6797291040420532 40
1738447790068 1.7142988443374634 41
1738447790070 1.7551716566085815 42
1738447790071 1.7952543497085571 43
1738447790072 1.7820326089859009 44
1738447790075 12.376145362854004 45
1738447790077 25.9126033782959 46
1738447790078 1.8558753728866577 47
1738447790079 1.8080461025238037 48
1738447790081 1.7834941148757935 49
1738447790083 1.7695410251617432 50
1738447790084 1.7513067722320557 51
1738447790086 1.7525660991668701 52
1738447790087 1.7402263879776 53
1738447790088 1.747443675994873 54
1738447790090 1.7399964332580566 55
1738447790091 1.7370473146438599 56
1738447790092 1.7425684928894043 57
1738447790094 1.7364089488983154 58
1738447790095 1.737614393234253 59
1738447790097 1.6936076879501343 60
1738447790098 1.6827034950256348 61
1738447790099 1.6552882194519043 62
1738447790101 1.659055233001709 63
1738447790102 1.67216157913208 64
1738447790104 1.6288235187530518 65
1738447790105 1.6266517639160156 66
1738447790106 1.632401943206787 67
1738447790108 1.628381371498108 68
1738447790109 1.6068356037139893 69
1738447790111 1.6030513048171997 70
1738447790112 1.6029430627822876 71
1738447790113 1.608117699623108 72
1738447790115 1.6202698945999146 73
1738447790116 1.6164098978042603 74
1738447790117 1.6151520013809204 75
1738447790119 1.6634232997894287 76
1738447790120 1.7130420207977295 77
1738447790122 1.7154316902160645 78
1738447790123 1.748664379119873 79
1738447790124 22.454540252685547 80
1738447790126 14.818487167358398 81
1738447790127 1.8135420083999634 82
1738447790128 1.7559171915054321 83
1738447790130 1.7424503564834595 84
1738447790131 1.7186836004257202 85
1738447790133 1.7356438636779785 86
1738447790134 1.7341504096984863 87
1738447790135 1.7092324495315552 88
1738447790137 1.6946601867675781 89
1738447790138 1.714156150817871 90
1738447790140 1.6903533935546875 91
1738447790141 1.705977201461792 92
1738447790144 1.6768841743469238 93
1738447790146 1.6871920824050903 94
1738447790147 1.6768842935562134 95
1738447790149 1.6398727893829346 96
1738447790151 1.633702278137207 97
1738447790153 1.6243722438812256 98
1738447790156 1.6182334423065186 99
1738447790158 1.6115132570266724 100
1738447790160 1.6072871685028076 101
1738447790162 1.61224365234375 102
1738447790165 1.610619068145752 103
1738447790167 1.5958542823791504 104
1738447790169 1.6258021593093872 105
1738447790172 1.6117366552352905 106
1738447790174 1.6199736595153809 107
1738447790176 1.6028695106506348 108
1738447790179 1.5935697555541992 109
1738447790181 1.6641573905944824 110
1738447790183 1.6444474458694458 111
1738447790186 1.7378039360046387 112
1738447790187 1.8372915983200073 113
1738447790189 39.44731521606445 114
1738447790191 1.9100711345672607 115
1738447790193 1.7921786308288574 116
1738447790196 1.773740530014038 117
1738447790198 1.7306383848190308 118
1738447790199 1.729398250579834 119
