1738447790005 0.2039453089237213 0
1738447790007 0.22269530594348907 1
1738447790009 0.22996093332767487 2
1738447790011 0.22234374284744263 3
1738447790012 0.2469140589237213 4
1738447790014 0.26124998927116394 5
1738447790016 0.2755468785762787 6
1738447790018 0.2691406309604645 7
1738447790020 0.2625781297683716 8
1738447790022 0.22050781548023224 9
1738447790024 0.1962890625 10
1738447790025 0.20374999940395355 11
1738447790026 0.20015625655651093 12
1738447790028 0.21128906309604645 13
1738447790029 0.20683594048023224 14
1738447790031 0.20636719465255737 15
1738447790032 0.2166406214237213 16
1738447790033 0.21394531428813934 17
1738447790035 0.21464844048023224 18
1738447790037 0.21128906309604645 19
1738447790039 0.22171874344348907 20
1738447790040 0.22269530594348907 21
1738447790042 0.21855469048023224 22
1738447790043 0.23304687440395355 23
1738447790044 0.23691406846046448 24
1738447790046 0.24074219167232513 25
1738447790047 0.248046875 26
1738447790049 0.2551562488079071 27
1738447790050 0.26750001311302185 28
1738447790051 0.2628515660762787 29
1738447790053 0.26972657442092896 30
1738447790054 0.2844921946525574 31
1738447790056 0.2836328148841858 32
1738447790057 0.29007813334465027 33
1738447790059 0.28355467319488525 34
1738447790060 0.2879296839237213 35
1738447790061 0.2944921851158142 36
1738447790063 0.29066407680511475 37
1738447790064 0.28703126311302185 38
1738447790065 0.2955859303474426 39
1738447790067 0.2806640565395355 40
1738447790068 0.2822265625 41
1738447790070 0.27152344584465027 42
1738447790071 0.2721484303474426 43
1738447790072 0.26472654938697815 44
1738447790075 0.25101563334465027 45
1738447790077 0.2117578089237213 46
1738447790078 0.21828125417232513 47
1738447790079 0.23195312917232513 48
1738447790081 0.23917968571186066 49
1738447790083 0.24292968213558197 50
1738447790084 0.2491796910762787 51
1738447790086 0.2470703125 52
1738447790087 0.2497265636920929 53
1738447790088 0.25171875953674316 54
1738447790090 0.25511717796325684 55
1738447790091 0.25882813334465027 56
1738447790092 0.2581250071525574 57
1738447790094 0.26390624046325684 58
1738447790095 0.2637890577316284 59
1738447790097 0.27632811665534973 60
1738447790098 0.2781640589237213 61
1738447790099 0.2890625 62
1738447790101 0.29414063692092896 63
1738447790102 0.2810937464237213 64
1738447790104 0.30195313692092896 65
1738447790105 0.3025781214237213 66
1738447790106 0.3010937571525574 67
1738447790108 0.3032812476158142 68
1738447790109 0.3121093809604645 69
1738447790111 0.31328123807907104 70
1738447790112 0.3155859410762787 71
1738447790113 0.3122265636920929 72
1738447790115 0.30585938692092896 73
1738447790116 0.31144532561302185 74
1738447790117 0.3072265684604645 75
1738447790119 0.29765623807907104 76
1738447790120 0.2872265577316284 77
1738447790122 0.2847656309604645 78
1738447790123 0.28031250834465027 79
1738447790124 0.2553125023841858 80
1738447790126 0.22253906726837158 81
1738447790127 0.23867186903953552 82
1738447790128 0.24726562201976776 83
1738447790130 0.24960938096046448 84
1738447790131 0.2569531202316284 85
1738447790133 0.25316405296325684 86
1738447790134 0.25800782442092896 87
1738447790135 0.26316407322883606 88
1738447790137 0.2678906321525574 89
1738447790138 0.2671875059604645 90
1738447790140 0.27515625953674316 91
1738447790141 0.26972657442092896 92
1738447790144 0.2811328172683716 93
1738447790146 0.27851563692092896 94
1738447790147 0.28078123927116394 95
1738447790149 0.29304686188697815 96
1738447790151 0.2962890565395355 97
1738447790153 0.2971875071525574 98
1738447790156 0.3045703172683716 99
1738447790158 0.3070703148841858 100
1738447790160 0.30628907680511475 101
1738447790162 0.30878907442092896 102
1738447790165 0.30738282203674316 103
1738447790167 0.3146093785762787 104
1738447790169 0.3025781214237213 105
1738447790172 0.3069140613079071 106
1738447790174 0.3094531297683716 107
1738447790176 0.31046876311302185 108
1738447790179 0.31648436188697815 109
1738447790181 0.2986718714237213 110
1738447790183 0.2977343797683716 111
1738447790186 0.28214845061302185 112
1738447790187 0.28148436546325684 113
1738447790189 0.2197265625 114
1738447790191 0.23183593153953552 115
1738447790193 0.23656250536441803 116
1738447790196 0.23523437976837158 117
1738447790198 0.25707030296325684 118
1738447790199 0.2586718797683716 119
