1738447574710 0.18886718153953552 0
1738447574712 0.2150000035762787 1
1738447574713 0.24503906071186066 2
1738447574715 0.2741406261920929 3
1738447574717 0.3116406202316284 4
1738447574719 0.3334375023841858 5
1738447574721 0.3501562476158142 6
1738447574723 0.36820313334465027 7
1738447574725 0.3830859363079071 8
1738447574727 0.39628905057907104 9
1738447574728 0.4079296886920929 10
1738447574730 0.4173828065395355 11
1738447574731 0.4210156202316284 12
1738447574732 0.4351171851158142 13
1738447574734 0.4473828077316284 14
1738447574735 0.45554688572883606 15
1738447574737 0.45777344703674316 16
1738447574738 0.4635546803474426 17
1738447574740 0.4754687547683716 18
1738447574741 0.4730468690395355 19
1738447574743 0.4811328053474426 20
1738447574744 0.4829687476158142 21
1738447574746 0.4874609410762787 22
1738447574747 0.48636719584465027 23
1738447574749 0.49796876311302185 24
1738447574750 0.49710938334465027 25
1738447574752 0.505664050579071 26
1738447574753 0.5108984112739563 27
1738447574754 0.5078125 28
1738447574756 0.5095312595367432 29
1738447574758 0.5054296851158142 30
1738447574760 0.5160546898841858 31
1738447574762 0.5136328339576721 32
1738447574765 0.5228124856948853 33
1738447574767 0.5204296708106995 34
1738447574770 0.5259765386581421 35
1738447574772 0.5250390768051147 36
1738447574774 0.52734375 37
1738447574777 0.525195300579071 38
1738447574779 0.5314843654632568 39
1738447574782 0.5321484208106995 40
1738447574784 0.5364843606948853 41
1738447574787 0.5367968678474426 42
1738447574789 0.5385156273841858 43
1738447574792 0.5321093797683716 44
1738447574794 0.5389453172683716 45
1738447574796 0.5386328101158142 46
1738447574799 0.5430859327316284 47
1738447574801 0.5385156273841858 48
1738447574804 0.5379687547683716 49
1738447574806 0.5399218797683716 50
1738447574808 0.5417187213897705 51
1738447574811 0.5413671731948853 52
1738447574813 0.5392187237739563 53
1738447574815 0.5440234541893005 54
1738447574818 0.5499218702316284 55
1738447574820 0.5436718463897705 56
1738447574823 0.5451562404632568 57
1738447574825 0.5527734160423279 58
1738447574828 0.5473046898841858 59
1738447574830 0.5455859303474426 60
1738447574832 0.5547656416893005 61
1738447574835 0.5498828291893005 62
1738447574837 0.5511327981948853 63
1738447574840 0.5484765768051147 64
1738447574842 0.5531250238418579 65
1738447574845 0.5579296946525574 66
1738447574847 0.5493749976158142 67
1738447574850 0.5512499809265137 68
1738447574852 0.5562499761581421 69
1738447574854 0.5566015839576721 70
1738447574857 0.5545703172683716 71
1738447574859 0.5540624856948853 72
1738447574862 0.5533984303474426 73
1738447574864 0.5637109279632568 74
1738447574867 0.5553905963897705 75
1738447574869 0.5595312714576721 76
1738447574872 0.5630468726158142 77
1738447574874 0.5592968463897705 78
1738447574876 0.5621874928474426 79
1738447574879 0.5600781440734863 80
1738447574881 0.5608203411102295 81
1738447574884 0.5615624785423279 82
1738447574886 0.5629687309265137 83
1738447574889 0.5580078363418579 84
1738447574891 0.5624218583106995 85
1738447574894 0.5654687285423279 86
1738447574896 0.5592578053474426 87
1738447574899 0.5629687309265137 88
1738447574901 0.5604687333106995 89
1738447574903 0.5595703125 90
1738447574906 0.5581250190734863 91
1738447574908 0.5678515434265137 92
1738447574911 0.5643749833106995 93
1738447574913 0.5628906488418579 94
1738447574916 0.5670312643051147 95
1738447574918 0.5697265863418579 96
1738447574920 0.5603906512260437 97
1738447574923 0.5641796588897705 98
1738447574925 0.56640625 99
1738447574927 0.567578136920929 100
1738447574930 0.5628515481948853 101
1738447574932 0.5627343654632568 102
1738447574933 0.5653515458106995 103
1738447574936 0.5661718845367432 104
1738447574938 0.5691015720367432 105
1738447574941 0.5713672041893005 106
1738447574943 0.5638672113418579 107
1738447574946 0.5648828148841858 108
1738447574948 0.5683203339576721 109
1738447574950 0.5724218487739563 110
1738447574953 0.5666797161102295 111
1738447574955 0.5687109231948853 112
1738447574958 0.5771484375 113
1738447574960 0.5661718845367432 114
1738447574963 0.5707421898841858 115
1738447574965 0.573046863079071 116
1738447574967 0.5703515410423279 117
1738447574970 0.5721874833106995 118
1738447574972 0.571093738079071 119
