1738447574710 2.3734824657440186 0
1738447574712 1.852247953414917 1
1738447574713 1.7578316926956177 2
1738447574715 1.6958045959472656 3
1738447574717 1.642114520072937 4
1738447574719 1.6060857772827148 5
1738447574721 1.5733410120010376 6
1738447574723 1.544074535369873 7
1738447574725 1.516006588935852 8
1738447574727 1.489607810974121 9
1738447574728 1.4662889242172241 10
1738447574730 1.4422607421875 11
1738447574731 1.4288537502288818 12
1738447574732 1.4026153087615967 13
1738447574734 1.3915889263153076 14
1738447574735 1.375533938407898 15
1738447574737 1.3703891038894653 16
1738447574738 1.3620233535766602 17
1738447574740 1.3418595790863037 18
1738447574741 1.335564136505127 19
1738447574743 1.315748691558838 20
1738447574744 1.314577341079712 21
1738447574746 1.3037240505218506 22
1738447574747 1.3003087043762207 23
1738447574749 1.294237494468689 24
1738447574750 1.2877002954483032 25
1738447574752 1.273718237876892 26
1738447574753 1.2669122219085693 27
1738447574754 1.2529791593551636 28
1738447574756 1.262732744216919 29
1738447574758 1.2615821361541748 30
1738447574760 1.2460463047027588 31
1738447574762 1.253638744354248 32
1738447574765 1.2275824546813965 33
1738447574767 1.2413089275360107 34
1738447574770 1.2288556098937988 35
1738447574772 1.2295552492141724 36
1738447574774 1.221631407737732 37
1738447574777 1.2172545194625854 38
1738447574779 1.2086502313613892 39
1738447574782 1.2097526788711548 40
1738447574784 1.2122771739959717 41
1738447574787 1.2139519453048706 42
1738447574789 1.2086602449417114 43
1738447574792 1.210439682006836 44
1738447574794 1.1984755992889404 45
1738447574796 1.2035298347473145 46
1738447574799 1.1958180665969849 47
1738447574801 1.1945780515670776 48
1738447574804 1.2047194242477417 49
1738447574806 1.1918100118637085 50
1738447574808 1.1930557489395142 51
1738447574811 1.189998745918274 52
1738447574813 1.1904791593551636 53
1738447574815 1.1860381364822388 54
1738447574818 1.1853266954421997 55
1738447574820 1.182178020477295 56
1738447574823 1.1800869703292847 57
1738447574825 1.1709513664245605 58
1738447574828 1.177549958229065 59
1738447574830 1.1869292259216309 60
1738447574832 1.1636687517166138 61
1738447574835 1.1762080192565918 62
1738447574837 1.1713019609451294 63
1738447574840 1.1743712425231934 64
1738447574842 1.1720653772354126 65
1738447574845 1.1610107421875 66
1738447574847 1.1679387092590332 67
1738447574850 1.1658920049667358 68
1738447574852 1.1662787199020386 69
1738447574854 1.1628037691116333 70
1738447574857 1.1691726446151733 71
1738447574859 1.160348653793335 72
1738447574862 1.1656731367111206 73
1738447574864 1.14893639087677 74
1738447574867 1.1619945764541626 75
1738447574869 1.1607539653778076 76
1738447574872 1.1496235132217407 77
1738447574874 1.1519293785095215 78
1738447574876 1.1564887762069702 79
1738447574879 1.1549952030181885 80
1738447574881 1.155534267425537 81
1738447574884 1.1538112163543701 82
1738447574886 1.142866849899292 83
1738447574889 1.1584856510162354 84
1738447574891 1.1427611112594604 85
1738447574894 1.1395175457000732 86
1738447574896 1.1463395357131958 87
1738447574899 1.1428734064102173 88
1738447574901 1.147525429725647 89
1738447574903 1.1428056955337524 90
1738447574906 1.149773120880127 91
1738447574908 1.1373673677444458 92
1738447574911 1.1346940994262695 93
1738447574913 1.1417003870010376 94
1738447574916 1.1410911083221436 95
1738447574918 1.1374503374099731 96
1738447574920 1.1419092416763306 97
1738447574923 1.1431002616882324 98
1738447574925 1.1376172304153442 99
1738447574927 1.1312148571014404 100
1738447574930 1.1414556503295898 101
1738447574932 1.1415865421295166 102
1738447574933 1.1348803043365479 103
1738447574936 1.1420390605926514 104
1738447574938 1.1271474361419678 105
1738447574941 1.1250699758529663 106
1738447574943 1.1388498544692993 107
1738447574946 1.1373753547668457 108
1738447574948 1.1247732639312744 109
1738447574950 1.1231483221054077 110
1738447574953 1.1339031457901 111
1738447574955 1.1224623918533325 112
1738447574958 1.1158312559127808 113
1738447574960 1.1323425769805908 114
1738447574963 1.1268612146377563 115
1738447574965 1.1189740896224976 116
1738447574967 1.1310306787490845 117
1738447574970 1.1244232654571533 118
1738447574972 1.11934232711792 119
