1738764124733 1.2444862127304077 0
1738764124735 0.9692006707191467 1
1738764124736 0.8442320823669434 2
1738764124737 0.8007562160491943 3
1738764124740 0.7362297177314758 4
1738764124742 0.6880366802215576 5
1738764124745 0.6638925075531006 6
1738764124747 0.6579595804214478 7
1738764124749 0.6364134550094604 8
1738764124750 0.61314857006073 9
1738764124751 0.6080724596977234 10
1738764124752 0.5823525786399841 11
1738764124753 0.5997395515441895 12
1738764124755 0.5616292357444763 13
1738764124756 0.5728989243507385 14
1738764124757 0.551706075668335 15
1738764124759 0.5400864481925964 16
1738764124760 0.5465566515922546 17
1738764124761 0.5323315262794495 18
1738764124763 0.5330719947814941 19
1738764124764 0.5328910946846008 20
1738764124765 0.5236251950263977 21
1738764124766 0.5211088061332703 22
1738764124767 0.51686692237854 23
1738764124769 0.5106874704360962 24
1738764124770 0.5092801451683044 25
1738764124771 0.5099008083343506 26
1738764124772 0.5009671449661255 27
1738764124773 0.495752215385437 28
1738764124775 0.48285752534866333 29
1738764124776 0.5025538802146912 30
1738764124777 0.4845643639564514 31
1738764124778 0.4986220896244049 32
1738764124780 0.4820668697357178 33
1738764124781 0.487047016620636 34
1738764124782 0.4767245948314667 35
1738764124783 0.4830895960330963 36
1738764124784 0.48279839754104614 37
1738764124786 0.4761086404323578 38
1738764124787 0.4736091196537018 39
1738764124788 0.45961979031562805 40
1738764124790 0.4611051082611084 41
1738764124791 0.4704400599002838 42
1738764124792 0.4691038131713867 43
1738764124793 0.4586063623428345 44
1738764124794 0.4732753038406372 45
1738764124795 0.4641353189945221 46
1738764124797 0.46230757236480713 47
1738764124798 0.4566454589366913 48
1738764124799 0.45445501804351807 49
1738764124800 0.4551217257976532 50
1738764124801 0.4500584006309509 51
1738764124802 0.44500190019607544 52
1738764124804 0.45086878538131714 53
1738764124805 0.44756531715393066 54
1738764124806 0.44792649149894714 55
1738764124807 0.4510587453842163 56
1738764124808 0.4497310519218445 57
1738764124809 0.4380725026130676 58
1738764124810 0.4480208158493042 59
1738764124812 0.44257602095603943 60
1738764124813 0.44623494148254395 61
1738764124814 0.44563761353492737 62
1738764124815 0.44662806391716003 63
1738764124816 0.435194730758667 64
1738764124817 0.44259193539619446 65
1738764124818 0.43878886103630066 66
1738764124819 0.4440712630748749 67
1738764124821 0.4316260516643524 68
1738764124822 0.43685203790664673 69
1738764124823 0.4360669255256653 70
1738764124824 0.4376797378063202 71
1738764124825 0.4251977205276489 72
1738764124826 0.44335368275642395 73
1738764124827 0.4368036687374115 74
1738764124828 0.4299793541431427 75
1738764124830 0.4329077899456024 76
1738764124831 0.43179431557655334 77
1738764124832 0.4397169053554535 78
1738764124833 0.43154630064964294 79
1738764124834 0.4187759459018707 80
1738764124835 0.42768242955207825 81
1738764124836 0.43179863691329956 82
1738764124837 0.431284636259079 83
1738764124839 0.42818164825439453 84
1738764124840 0.427455335855484 85
1738764124841 0.4162800908088684 86
1738764124842 0.416517436504364 87
1738764124843 0.42739489674568176 88
1738764124844 0.41563358902931213 89
1738764124845 0.4242737889289856 90
1738764124847 0.4266231954097748 91
1738764124848 0.41308584809303284 92
1738764124849 0.42308422923088074 93
1738764124850 0.4075867831707001 94
1738764124851 0.4344097077846527 95
1738764124852 0.40905556082725525 96
1738764124853 0.41998207569122314 97
1738764124854 0.42756757140159607 98
1738764124856 0.4170818030834198 99
1738764124857 0.40896350145339966 100
1738764124858 0.4178760051727295 101
1738764124860 0.4242183566093445 102
1738764124861 0.4168010354042053 103
1738764124862 0.421039879322052 104
1738764124863 0.40597593784332275 105
1738764124864 0.40729206800460815 106
1738764124865 0.4204535186290741 107
1738764124866 0.4192197322845459 108
1738764124868 0.4093632996082306 109
1738764124869 0.40990421175956726 110
1738764124870 0.40902864933013916 111
1738764124871 0.4130510091781616 112
1738764124872 0.4092576205730438 113
1738764124873 0.41404426097869873 114
1738764124874 0.4062761068344116 115
1738764124876 0.4108952283859253 116
1738764124877 0.40902072191238403 117
1738764124878 0.4050537943840027 118
1738764124879 0.41295963525772095 119
