1738764124733 0.5166797041893005 0
1738764124735 0.6323046684265137 1
1738764124736 0.6939452886581421 2
1738764124737 0.7108203172683716 3
1738764124740 0.7398046851158142 4
1738764124742 0.7623437643051147 5
1738764124745 0.7683203220367432 6
1738764124747 0.7701171636581421 7
1738764124749 0.7778906226158142 8
1738764124750 0.7902734279632568 9
1738764124751 0.7926172018051147 10
1738764124752 0.8014453053474426 11
1738764124753 0.7925000190734863 12
1738764124755 0.8100000023841858 13
1738764124756 0.8060937523841858 14
1738764124757 0.8092578053474426 15
1738764124759 0.8135156035423279 16
1738764124760 0.8163281083106995 17
1738764124761 0.8198437690734863 18
1738764124763 0.8196484446525574 19
1738764124764 0.8194140791893005 20
1738764124765 0.8257031440734863 21
1738764124766 0.821484386920929 22
1738764124767 0.8267968893051147 23
1738764124769 0.8292187452316284 24
1738764124770 0.830859363079071 25
1738764124771 0.826367199420929 26
1738764124772 0.8321093916893005 27
1738764124773 0.8335156440734863 28
1738764124775 0.8377734422683716 29
1738764124776 0.8303906321525574 30
1738764124777 0.8380468487739563 31
1738764124778 0.8310546875 32
1738764124780 0.839648425579071 33
1738764124781 0.8358984589576721 34
1738764124782 0.8398047089576721 35
1738764124783 0.8369531035423279 36
1738764124784 0.83984375 37
1738764124786 0.8402343988418579 38
1738764124787 0.8426562547683716 39
1738764124788 0.8468359112739563 40
1738764124790 0.8472656011581421 41
1738764124791 0.8411328196525574 42
1738764124792 0.8444140553474426 43
1738764124793 0.8473437428474426 44
1738764124794 0.8397265672683716 45
1738764124795 0.8450390696525574 46
1738764124797 0.8466796875 47
1738764124798 0.8483984470367432 48
1738764124799 0.8473827838897705 49
1738764124800 0.8461718559265137 50
1738764124801 0.8477343916893005 51
1738764124802 0.8516796827316284 52
1738764124804 0.8506249785423279 53
1738764124805 0.8512890338897705 54
1738764124806 0.8507421612739563 55
1738764124807 0.8516796827316284 56
1738764124808 0.8498437404632568 57
1738764124809 0.854296863079071 58
1738764124810 0.8532421588897705 59
1738764124812 0.8523828387260437 60
1738764124813 0.8521093726158142 61
1738764124814 0.8489453196525574 62
1738764124815 0.8554297089576721 63
1738764124816 0.8571484088897705 64
1738764124817 0.8532812595367432 65
1738764124818 0.8551172018051147 66
1738764124819 0.8518750071525574 67
1738764124821 0.8574609160423279 68
1738764124822 0.8557422161102295 69
1738764124823 0.8547656536102295 70
1738764124824 0.857226550579071 71
1738764124825 0.8594921827316284 72
1738764124826 0.8514843583106995 73
1738764124827 0.8536718487739563 74
1738764124828 0.8555077910423279 75
1738764124830 0.8580859303474426 76
1738764124831 0.8566015362739563 77
1738764124832 0.8557812571525574 78
1738764124833 0.8565234541893005 79
1738764124834 0.8607422113418579 80
1738764124835 0.8602343797683716 81
1738764124836 0.8583984375 82
1738764124837 0.8582422137260437 83
1738764124839 0.8567578196525574 84
1738764124840 0.8578515648841858 85
1738764124841 0.8612890839576721 86
1738764124842 0.8642187714576721 87
1738764124843 0.8583984375 88
1738764124844 0.8629687428474426 89
1738764124845 0.8597265481948853 90
1738764124847 0.8585156202316284 91
1738764124848 0.8621484637260437 92
1738764124849 0.8596093654632568 93
1738764124850 0.8656250238418579 94
1738764124851 0.8561718463897705 95
1738764124852 0.8642578125 96
1738764124853 0.8598437309265137 97
1738764124854 0.8601953387260437 98
1738764124856 0.8640234470367432 99
1738764124857 0.8645312786102295 100
1738764124858 0.8627343773841858 101
1738764124860 0.8610156178474426 102
1738764124861 0.8649609088897705 103
1738764124862 0.8619140386581421 104
1738764124863 0.865039050579071 105
1738764124864 0.8663281202316284 106
1738764124865 0.8637890815734863 107
1738764124866 0.8623828291893005 108
1738764124868 0.8649609088897705 109
1738764124869 0.8635547161102295 110
1738764124870 0.8637499809265137 111
1738764124871 0.8633984327316284 112
1738764124872 0.8673046827316284 113
1738764124873 0.8663671612739563 114
1738764124874 0.8653515577316284 115
1738764124876 0.864062488079071 116
1738764124877 0.8648828268051147 117
1738764124878 0.8670703172683716 118
1738764124879 0.8625781536102295 119
