1738366300854 1.6984127759933472 0
1738366300856 1.1286507844924927 1
1738366300858 0.8896511197090149 2
1738366300860 0.7233675122261047 3
1738366300862 0.6012411713600159 4
1738366300864 0.5114471912384033 5
1738366300867 0.452891081571579 6
1738366300870 0.4048452079296112 7
1738366300873 0.3697647452354431 8
1738366300876 0.33262357115745544 9
1738366300878 0.3191714882850647 10
1738366300880 0.2933826148509979 11
1738366300882 0.266686350107193 12
1738366300883 0.25764888525009155 13
1738366300885 0.24756626784801483 14
1738366300888 0.23147918283939362 15
1738366300890 0.22630488872528076 16
1738366300891 0.2133321315050125 17
1738366300892 0.2095925658941269 18
1738366300894 0.1978890746831894 19
1738366300895 0.18672798573970795 20
1738366300896 0.17498566210269928 21
1738366300897 0.1698150634765625 22
1738366300899 0.17267581820487976 23
1738366300900 0.1683564931154251 24
1738366300901 0.15511783957481384 25
1738366300903 0.15809452533721924 26
1738366300906 0.1549426019191742 27
1738366300907 0.144642174243927 28
1738366300909 0.1405680775642395 29
1738366300910 0.14278478920459747 30
1738366300912 0.13560259342193604 31
1738366300914 0.14298945665359497 32
1738366300915 0.1296716183423996 33
1738366300917 0.12441349774599075 34
1738366300918 0.12722976505756378 35
1738366300921 0.1198500469326973 36
1738366300923 0.12130995839834213 37
1738366300925 0.12121322005987167 38
1738366300926 0.11946504563093185 39
1738366300928 0.11318223923444748 40
1738366300930 0.1114647388458252 41
1738366300931 0.11194944381713867 42
1738366300933 0.10855548083782196 43
1738366300934 0.10866992175579071 44
1738366300936 0.10809339582920074 45
1738366300938 0.10315994173288345 46
1738366300941 0.09975803643465042 47
1738366300943 0.10012971609830856 48
1738366300945 0.10047385841608047 49
1738366300946 0.10142094641923904 50
1738366300948 0.10073375701904297 51
1738366300949 0.0955267921090126 52
1738366300950 0.09255698323249817 53
1738366300951 0.09061792492866516 54
1738366300953 0.09271129965782166 55
1738366300955 0.09114017337560654 56
1738366300957 0.09128138422966003 57
1738366300958 0.08752349764108658 58
1738366300960 0.08575641363859177 59
1738366300961 0.08752382546663284 60
1738366300962 0.08835115283727646 61
1738366300964 0.0843011662364006 62
1738366300965 0.07986009865999222 63
1738366300966 0.08038449287414551 64
1738366300967 0.077799953520298 65
1738366300968 0.08175424486398697 66
1738366300970 0.08093677461147308 67
1738366300973 0.07230601459741592 68
1738366300975 0.07944664359092712 69
1738366300976 0.07484894245862961 70
1738366300978 0.08173547685146332 71
1738366300979 0.0742100402712822 72
1738366300980 0.07307074964046478 73
1738366300982 0.0801185816526413 74
