1738366300854 0.39570313692092896 0
1738366300856 0.5837109088897705 1
1738366300858 0.6792968511581421 2
1738366300860 0.7455078363418579 3
1738366300862 0.7938671708106995 4
1738366300864 0.8299219012260437 5
1738366300867 0.8495703339576721 6
1738366300870 0.8664453029632568 7
1738366300873 0.8839062452316284 8
1738366300876 0.8924219012260437 9
1738366300878 0.8992578387260437 10
1738366300880 0.9085937738418579 11
1738366300882 0.9151172041893005 12
1738366300883 0.9183984398841858 13
1738366300885 0.9228906035423279 14
1738366300888 0.9258593916893005 15
1738366300890 0.929492175579071 16
1738366300891 0.933398425579071 17
1738366300892 0.9351562261581421 18
1738366300894 0.9380859136581421 19
1738366300895 0.9413281083106995 20
1738366300896 0.9450390338897705 21
1738366300897 0.9476171731948853 22
1738366300899 0.9446874856948853 23
1738366300900 0.9498828053474426 24
1738366300901 0.9524609446525574 25
1738366300903 0.9503515362739563 26
1738366300906 0.9526562690734863 27
1738366300907 0.9552343487739563 28
1738366300909 0.9562109112739563 29
1738366300910 0.9560937285423279 30
1738366300912 0.9583984613418579 31
1738366300914 0.953320324420929 32
1738366300915 0.9594531059265137 33
1738366300917 0.9624218940734863 34
1738366300918 0.9599999785423279 35
1738366300921 0.9623827934265137 36
1738366300923 0.9616796970367432 37
1738366300925 0.9613671898841858 38
1738366300926 0.9624609351158142 39
1738366300928 0.9641796946525574 40
1738366300930 0.9640234112739563 41
1738366300931 0.9658203125 42
1738366300933 0.9660937786102295 43
1738366300934 0.9655078053474426 44
1738366300936 0.9673437476158142 45
1738366300938 0.966796875 46
1738366300941 0.9683203101158142 47
1738366300943 0.9691796898841858 48
1738366300945 0.9694140553474426 49
1738366300946 0.9681640863418579 50
1738366300948 0.9676562547683716 51
1738366300949 0.9694530963897705 52
1738366300950 0.9703124761581421 53
1738366300951 0.9717578291893005 54
1738366300953 0.9705859422683716 55
1738366300955 0.9708593487739563 56
1738366300957 0.9713281393051147 57
1738366300958 0.9723437428474426 58
1738366300960 0.9728906154632568 59
1738366300961 0.9723047018051147 60
1738366300962 0.9728906154632568 61
1738366300964 0.9736718535423279 62
1738366300965 0.9744921922683716 63
1738366300966 0.9742968678474426 64
1738366300967 0.9752343893051147 65
1738366300968 0.9736718535423279 66
1738366300970 0.9741796851158142 67
1738366300973 0.9769140481948853 68
1738366300975 0.9737499952316284 69
1738366300976 0.9758594036102295 70
1738366300978 0.9746484160423279 71
1738366300979 0.9767187237739563 72
1738366300980 0.9755859375 73
1738366300982 0.9747265577316284 74
