1738431247821 0.4030078053474426 0
1738431247824 0.5079296827316284 1
1738431247826 0.5407421588897705 2
1738431247828 0.5576562285423279 3
1738431247830 0.571484386920929 4
1738431247833 0.5779687762260437 5
1738431247835 0.5910546779632568 6
1738431247837 0.5967578291893005 7
1738431247838 0.6030468940734863 8
1738431247839 0.6114843487739563 9
1738431247840 0.6135547161102295 10
1738431247841 0.6142968535423279 11
1738431247842 0.6231640577316284 12
1738431247843 0.6247265338897705 13
1738431247845 0.6266015768051147 14
1738431247846 0.6325390338897705 15
1738431247847 0.6367968916893005 16
1738431247848 0.6270703077316284 17
1738431247849 0.6395312547683716 18
1738431247851 0.6406640410423279 19
1738431247852 0.6423437595367432 20
1738431247854 0.6458593606948853 21
1738431247855 0.6480468511581421 22
1738431247856 0.6504296660423279 23
1738431247857 0.6539843678474426 24
1738431247858 0.6539062261581421 25
1738431247859 0.6535937786102295 26
1738431247860 0.6524218916893005 27
1738431247861 0.6555078029632568 28
1738431247862 0.6589062213897705 29
1738431247864 0.6576562523841858 30
1738431247865 0.6653515696525574 31
1738431247866 0.6632421612739563 32
1738431247868 0.6698828339576721 33
1738431247869 0.6646875143051147 34
1738431247870 0.665820300579071 35
1738431247871 0.6662890911102295 36
1738431247872 0.6725000143051147 37
1738431247873 0.6712499856948853 38
1738431247874 0.6672656536102295 39
1738431247876 0.6672656536102295 40
1738431247877 0.6671093702316284 41
1738431247878 0.6717968583106995 42
1738431247879 0.6694140434265137 43
1738431247880 0.6666796803474426 44
1738431247881 0.6691796779632568 45
1738431247882 0.6718359589576721 46
1738431247883 0.6743359565734863 47
1738431247885 0.6743359565734863 48
1738431247886 0.6733984351158142 49
1738431247887 0.6734374761581421 50
1738431247888 0.6742578148841858 51
1738431247889 0.671679675579071 52
1738431247890 0.6812890768051147 53
1738431247891 0.6798046827316284 54
1738431247892 0.6745312213897705 55
1738431247893 0.6779687404632568 56
1738431247894 0.6759374737739563 57
1738431247895 0.6802343726158142 58
1738431247897 0.6785547137260437 59
1738431247898 0.6783984303474426 60
1738431247899 0.6881250143051147 61
1738431247900 0.6792968511581421 62
1738431247901 0.6799218654632568 63
1738431247902 0.6819531321525574 64
1738431247903 0.6850781440734863 65
1738431247904 0.6869921684265137 66
1738431247905 0.6822656393051147 67
1738431247906 0.6800781488418579 68
1738431247907 0.6868749856948853 69
1738431247909 0.679882824420929 70
1738431247910 0.6842578053474426 71
1738431247911 0.6853906512260437 72
1738431247912 0.685351550579071 73
1738431247913 0.6878125071525574 74
1738431247914 0.6861718893051147 75
1738431247915 0.6851562261581421 76
1738431247916 0.6932031512260437 77
1738431247917 0.6822265386581421 78
1738431247918 0.6944531202316284 79
1738431247919 0.6853125095367432 80
1738431247920 0.686328113079071 81
1738431247922 0.6909765601158142 82
1738431247923 0.6881250143051147 83
1738431247924 0.6880859136581421 84
1738431247925 0.690625011920929 85
1738431247926 0.6875 86
1738431247927 0.6934765577316284 87
1738431247928 0.6913672089576721 88
1738431247929 0.692578136920929 89
1738431247930 0.6898828148841858 90
1738431247931 0.6888281106948853 91
1738431247932 0.6960155963897705 92
1738431247934 0.6939062476158142 93
1738431247935 0.7000390887260437 94
1738431247936 0.6926562786102295 95
1738431247937 0.696484386920929 96
1738431247938 0.697460949420929 97
1738431247939 0.6955859661102295 98
1738431247940 0.6952734589576721 99
1738431247941 0.6967577934265137 100
1738431247942 0.6919140815734863 101
1738431247943 0.6975781321525574 102
1738431247944 0.6976171731948853 103
1738431247945 0.6928906440734863 104
1738431247947 0.6946484446525574 105
1738431247948 0.6941797137260437 106
1738431247949 0.6994531154632568 107
1738431247950 0.6948046684265137 108
1738431247951 0.6961718797683716 109
1738431247952 0.7005859613418579 110
1738431247953 0.6961718797683716 111
1738431247954 0.6975781321525574 112
1738431247955 0.697070300579071 113
1738431247956 0.6967968940734863 114
1738431247957 0.6997265815734863 115
1738431247958 0.709179699420929 116
1738431247960 0.7012890577316284 117
1738431247961 0.700390636920929 118
1738431247962 0.7015625238418579 119
