1738431247821 1.4990829229354858 0
1738431247824 1.2733848094940186 1
1738431247826 1.1993014812469482 2
1738431247828 1.155168890953064 3
1738431247830 1.1356651782989502 4
1738431247833 1.1066018342971802 5
1738431247835 1.0847762823104858 6
1738431247837 1.07720148563385 7
1738431247838 1.0649080276489258 8
1738431247839 1.051352620124817 9
1738431247840 1.0455389022827148 10
1738431247841 1.0292479991912842 11
1738431247842 1.0131592750549316 12
1738431247843 1.0176444053649902 13
1738431247845 1.0087138414382935 14
1738431247846 0.9992416501045227 15
1738431247847 0.9904797077178955 16
1738431247848 1.0028995275497437 17
1738431247849 0.9871512651443481 18
1738431247851 0.9763412475585938 19
1738431247852 0.9764463901519775 20
1738431247854 0.9626201391220093 21
1738431247855 0.9678693413734436 22
1738431247856 0.962401807308197 23
1738431247857 0.9513580799102783 24
1738431247858 0.95306396484375 25
1738431247859 0.9561836123466492 26
1738431247860 0.9539123773574829 27
1738431247861 0.9535749554634094 28
1738431247862 0.9444040656089783 29
1738431247864 0.9484887719154358 30
1738431247865 0.933114767074585 31
1738431247866 0.9304090142250061 32
1738431247868 0.9257289171218872 33
1738431247869 0.9383103251457214 34
1738431247870 0.9281919598579407 35
1738431247871 0.9195317625999451 36
1738431247872 0.9118377566337585 37
1738431247873 0.9250112771987915 38
1738431247874 0.9257900714874268 39
1738431247876 0.9232295155525208 40
1738431247877 0.9238090515136719 41
1738431247878 0.9119926691055298 42
1738431247879 0.9139965176582336 43
1738431247880 0.9255594611167908 44
1738431247881 0.9200412034988403 45
1738431247882 0.9105959534645081 46
1738431247883 0.9168215394020081 47
1738431247885 0.9031800031661987 48
1738431247886 0.9066195487976074 49
1738431247887 0.9111287593841553 50
1738431247888 0.912575364112854 51
1738431247889 0.9055195450782776 52
1738431247890 0.9016592502593994 53
1738431247891 0.8916043043136597 54
1738431247892 0.9040742516517639 55
1738431247893 0.8999437093734741 56
1738431247894 0.9026396870613098 57
1738431247895 0.8917157649993896 58
1738431247897 0.8988704681396484 59
1738431247898 0.8926490545272827 60
1738431247899 0.8849135637283325 61
1738431247900 0.8922721147537231 62
1738431247901 0.8910465836524963 63
1738431247902 0.8916770815849304 64
1738431247903 0.8844116926193237 65
1738431247904 0.866036593914032 66
1738431247905 0.8850014209747314 67
1738431247906 0.8968605995178223 68
1738431247907 0.8835756778717041 69
1738431247909 0.9004078507423401 70
1738431247910 0.884199321269989 71
1738431247911 0.8755471706390381 72
1738431247912 0.8762346506118774 73
1738431247913 0.8892102241516113 74
1738431247914 0.8773899078369141 75
1738431247915 0.8861640095710754 76
1738431247916 0.8722664713859558 77
1738431247917 0.8830430507659912 78
1738431247918 0.8684324026107788 79
1738431247919 0.8901265859603882 80
1738431247920 0.8845789432525635 81
1738431247922 0.8702899813652039 82
1738431247923 0.8774160742759705 83
1738431247924 0.8734180331230164 84
1738431247925 0.8755578398704529 85
1738431247926 0.8811888098716736 86
1738431247927 0.8756017088890076 87
1738431247928 0.8717339038848877 88
1738431247929 0.8661110401153564 89
1738431247930 0.8704524040222168 90
1738431247931 0.8808454871177673 91
1738431247932 0.8630922436714172 92
1738431247934 0.8727313280105591 93
1738431247935 0.8513064384460449 94
1738431247936 0.8601506948471069 95
1738431247937 0.8661412000656128 96
1738431247938 0.8630272150039673 97
1738431247939 0.8672170042991638 98
1738431247940 0.8565632104873657 99
1738431247941 0.8601696491241455 100
1738431247942 0.8703992366790771 101
1738431247943 0.8664169311523438 102
1738431247944 0.856431782245636 103
1738431247945 0.8696783185005188 104
1738431247947 0.8693264126777649 105
1738431247948 0.8642439246177673 106
1738431247949 0.8559815883636475 107
1738431247950 0.8542085289955139 108
1738431247951 0.8542749285697937 109
1738431247952 0.8588910698890686 110
1738431247953 0.8579447865486145 111
1738431247954 0.8629553914070129 112
1738431247955 0.8615924715995789 113
1738431247956 0.856560230255127 114
1738431247957 0.8543368577957153 115
1738431247958 0.8425984382629395 116
1738431247960 0.8609455823898315 117
1738431247961 0.8507065773010254 118
1738431247962 0.8499137163162231 119
