1738723256810 0.4204687476158142 0
1738723256812 0.5730859637260437 1
1738723256813 0.6494922041893005 2
1738723256815 0.6663281321525574 3
1738723256817 0.681445300579071 4
1738723256819 0.7008984088897705 5
1738723256821 0.7074609398841858 6
1738723256824 0.716992199420929 7
1738723256826 0.7225390672683716 8
1738723256828 0.7274609208106995 9
1738723256830 0.7320703268051147 10
1738723256833 0.7353125214576721 11
1738723256835 0.7437499761581421 12
1738723256837 0.7456640601158142 13
1738723256839 0.7516406178474426 14
1738723256841 0.7592968940734863 15
1738723256843 0.7551171779632568 16
1738723256845 0.7616406083106995 17
1738723256848 0.773242175579071 18
1738723256850 0.7725781202316284 19
1738723256852 0.7714062333106995 20
1738723256854 0.7760546803474426 21
1738723256856 0.780078113079071 22
1738723256858 0.7797265648841858 23
1738723256860 0.7838281393051147 24
1738723256862 0.7798827886581421 25
1738723256864 0.7838671803474426 26
1738723256867 0.7864453196525574 27
1738723256869 0.7908984422683716 28
1738723256871 0.7882421612739563 29
1738723256873 0.7954297065734863 30
1738723256875 0.7926952838897705 31
1738723256877 0.7922656536102295 32
1738723256879 0.7929297089576721 33
1738723256881 0.7940624952316284 34
1738723256883 0.7935546636581421 35
1738723256885 0.7975780963897705 36
1738723256887 0.7971093654632568 37
1738723256889 0.7976953387260437 38
1738723256892 0.7982031106948853 39
1738723256894 0.7975780963897705 40
1738723256896 0.7962890863418579 41
1738723256898 0.8034765720367432 42
1738723256900 0.8004687428474426 43
1738723256902 0.8011327981948853 44
1738723256903 0.8019921779632568 45
1738723256904 0.7993749976158142 46
1738723256905 0.8026562333106995 47
1738723256907 0.8119531273841858 48
1738723256908 0.7998046875 49
1738723256909 0.7974609136581421 50
1738723256910 0.8102343678474426 51
1738723256911 0.8035547137260437 52
1738723256913 0.806640625 53
1738723256914 0.8072265386581421 54
1738723256915 0.8088281154632568 55
1738723256916 0.8086718916893005 56
1738723256917 0.8085547089576721 57
1738723256919 0.8045703172683716 58
1738723256920 0.8053125143051147 59
1738723256921 0.8074609637260437 60
1738723256922 0.8087499737739563 61
1738723256923 0.8101562261581421 62
1738723256924 0.8073828220367432 63
1738723256925 0.8086718916893005 64
1738723256927 0.8078515529632568 65
1738723256928 0.8096093535423279 66
1738723256929 0.8112890720367432 67
1738723256930 0.8133203387260437 68
1738723256931 0.8114062547683716 69
1738723256932 0.8061718940734863 70
1738723256934 0.8139062523841858 71
1738723256935 0.8046093583106995 72
1738723256936 0.8155859112739563 73
1738723256937 0.8117969036102295 74
1738723256938 0.8149609565734863 75
1738723256939 0.8091796636581421 76
1738723256941 0.8144921660423279 77
1738723256942 0.8118749856948853 78
1738723256943 0.809374988079071 79
1738723256944 0.810546875 80
1738723256945 0.8142187595367432 81
1738723256946 0.8121484518051147 82
1738723256948 0.8147265911102295 83
1738723256949 0.8096874952316284 84
