1738723256810 3.7165377140045166 0
1738723256812 1.7301007509231567 1
1738723256813 1.6555912494659424 2
1738723256815 1.7522975206375122 3
1738723256817 1.7057358026504517 4
1738723256819 1.6483831405639648 5
1738723256821 1.5684469938278198 6
1738723256824 1.5436663627624512 7
1738723256826 1.4532679319381714 8
1738723256828 1.4046930074691772 9
1738723256830 1.3433653116226196 10
1738723256833 1.3259103298187256 11
1738723256835 1.2763792276382446 12
1738723256837 1.2544909715652466 13
1738723256839 1.2099487781524658 14
1738723256841 1.1649837493896484 15
1738723256843 1.158571720123291 16
1738723256845 1.1542917490005493 17
1738723256848 1.1082103252410889 18
1738723256850 1.1074506044387817 19
1738723256852 1.1040796041488647 20
1738723256854 1.0751441717147827 21
1738723256856 1.043525218963623 22
1738723256858 1.0540064573287964 23
1738723256860 1.0385798215866089 24
1738723256862 1.033205509185791 25
1738723256864 1.0338274240493774 26
1738723256867 1.0294402837753296 27
1738723256869 1.0037248134613037 28
1738723256871 1.0235503911972046 29
1738723256873 1.0038279294967651 30
1738723256875 1.0068423748016357 31
1738723256877 1.0085700750350952 32
1738723256879 1.0025503635406494 33
1738723256881 0.9881114363670349 34
1738723256883 0.9876306653022766 35
1738723256885 0.9941350817680359 36
1738723256887 0.9748632311820984 37
1738723256889 0.9999246001243591 38
1738723256892 0.9546516537666321 39
1738723256894 0.9837494492530823 40
1738723256896 0.9772577881813049 41
1738723256898 0.9681351184844971 42
1738723256900 0.9780195355415344 43
1738723256902 0.9602802395820618 44
1738723256903 0.9586337804794312 45
1738723256904 0.9772260189056396 46
1738723256905 0.9512789845466614 47
1738723256907 0.9327844381332397 48
1738723256908 0.9641706347465515 49
1738723256909 0.9610906839370728 50
1738723256910 0.9361116886138916 51
1738723256911 0.9567671418190002 52
1738723256913 0.9552140831947327 53
1738723256914 0.9294676184654236 54
1738723256915 0.936271071434021 55
1738723256916 0.9314777851104736 56
1738723256917 0.9273785948753357 57
1738723256919 0.9555790424346924 58
1738723256920 0.9578941464424133 59
1738723256921 0.9457128643989563 60
1738723256922 0.9362964034080505 61
1738723256923 0.9337418079376221 62
1738723256924 0.9420098662376404 63
1738723256925 0.9313796162605286 64
1738723256927 0.9363812804222107 65
1738723256928 0.9231740832328796 66
1738723256929 0.9195563793182373 67
1738723256930 0.9222480654716492 68
1738723256931 0.9158455729484558 69
1738723256932 0.9587780833244324 70
1738723256934 0.9232701659202576 71
1738723256935 0.9519779682159424 72
1738723256936 0.9149513244628906 73
1738723256937 0.9210389852523804 74
1738723256938 0.9029077887535095 75
1738723256939 0.914176344871521 76
1738723256941 0.9104575514793396 77
1738723256942 0.9138275384902954 78
1738723256943 0.9227702617645264 79
1738723256944 0.9326869249343872 80
1738723256945 0.897014856338501 81
1738723256946 0.9229705929756165 82
1738723256948 0.8991416692733765 83
1738723256949 0.9173873066902161 84
