1738430108770 1.3709609508514404 0
1738430108772 1.110564112663269 1
1738430108773 1.0195869207382202 2
1738430108774 0.9591333866119385 3
1738430108776 0.9213476777076721 4
1738430108777 0.8941829204559326 5
1738430108778 0.8688910603523254 6
1738430108780 0.8527461886405945 7
1738430108782 0.8286291360855103 8
1738430108783 0.8202564120292664 9
1738430108784 0.8109296560287476 10
1738430108786 0.7906705737113953 11
1738430108788 0.7823950052261353 12
1738430108790 0.7702982425689697 13
1738430108791 0.7743178606033325 14
1738430108793 0.7616743445396423 15
1738430108796 0.7441275119781494 16
1738430108798 0.7493827939033508 17
1738430108800 0.7374727725982666 18
1738430108802 0.7378501296043396 19
1738430108804 0.7330392599105835 20
1738430108805 0.7238237261772156 21
1738430108807 0.7166852355003357 22
1738430108809 0.7298294901847839 23
1738430108811 0.73046875 24
1738430108813 0.7185796499252319 25
1738430108815 0.6999309659004211 26
1738430108817 0.7186578512191772 27
1738430108818 0.7080848813056946 28
1738430108819 0.7108917832374573 29
1738430108820 0.7068396210670471 30
1738430108821 0.7014042139053345 31
1738430108822 0.7077707648277283 32
1738430108823 0.6899740099906921 33
1738430108824 0.692990243434906 34
