1738430108770 0.5300390720367432 0
1738430108772 0.6364452838897705 1
1738430108773 0.6794531345367432 2
1738430108774 0.7021874785423279 3
1738430108776 0.7225000262260437 4
1738430108777 0.7373046875 5
1738430108778 0.7488672137260437 6
1738430108780 0.7575390338897705 7
1738430108782 0.766406238079071 8
1738430108783 0.7717968821525574 9
1738430108784 0.7753515839576721 10
1738430108786 0.7826172113418579 11
1738430108788 0.7861328125 12
1738430108790 0.7921093702316284 13
1738430108791 0.7909374833106995 14
1738430108793 0.7934765815734863 15
1738430108796 0.8018749952316284 16
1738430108798 0.7994921803474426 17
1738430108800 0.8052343726158142 18
1738430108802 0.8046875 19
1738430108804 0.8052734136581421 20
1738430108805 0.8109765648841858 21
1738430108807 0.8117969036102295 22
1738430108809 0.8098046779632568 23
1738430108811 0.8119531273841858 24
1738430108813 0.812695324420929 25
1738430108815 0.8191797137260437 26
1738430108817 0.8127734661102295 27
1738430108818 0.8221484422683716 28
1738430108819 0.8146093487739563 29
1738430108820 0.8183203339576721 30
1738430108821 0.8199218511581421 31
1738430108822 0.8246484398841858 32
1738430108823 0.8257031440734863 33
1738430108824 0.8255078196525574 34
