1738766857608 0.4934765696525574 0
1738766857610 0.5448437333106995 1
1738766857612 0.5546875 2
1738766857613 0.5706640481948853 3
1738766857615 0.5807812213897705 4
1738766857616 0.5760156512260437 5
1738766857618 0.5780468583106995 6
1738766857620 0.591601550579071 7
1738766857622 0.588671863079071 8
1738766857625 0.5912500023841858 9
1738766857627 0.593554675579071 10
1738766857629 0.5935937762260437 11
1738766857631 0.6016015410423279 12
1738766857634 0.5989062786102295 13
1738766857636 0.592578113079071 14
1738766857638 0.598437488079071 15
1738766857640 0.6073437333106995 16
1738766857642 0.60546875 17
1738766857644 0.6153905987739563 18
1738766857645 0.6019531488418579 19
1738766857648 0.6064843535423279 20
1738766857650 0.6046484112739563 21
1738766857652 0.610546886920929 22
1738766857654 0.6164453029632568 23
1738766857656 0.6090624928474426 24
1738766857658 0.6081249713897705 25
1738766857660 0.6092187762260437 26
1738766857662 0.6117187738418579 27
1738766857664 0.611132800579071 28
1738766857666 0.6100390553474426 29
1738766857668 0.6167968511581421 30
1738766857671 0.6053125262260437 31
1738766857673 0.6167187690734863 32
1738766857675 0.6127734184265137 33
1738766857677 0.613085925579071 34
1738766857679 0.6116796731948853 35
1738766857681 0.6133202910423279 36
1738766857683 0.6167578101158142 37
1738766857685 0.6201171875 38
1738766857687 0.6111719012260437 39
1738766857689 0.6175781488418579 40
1738766857691 0.617968738079071 41
1738766857693 0.6180078387260437 42
1738766857696 0.6156250238418579 43
1738766857698 0.6235156059265137 44
1738766857700 0.6180468797683716 45
1738766857702 0.6250781416893005 46
1738766857704 0.615039050579071 47
1738766857706 0.6127734184265137 48
1738766857708 0.6188281178474426 49
1738766857711 0.6187109351158142 50
1738766857713 0.6158593893051147 51
1738766857715 0.6184375286102295 52
1738766857717 0.6229296922683716 53
1738766857719 0.6106250286102295 54
1738766857721 0.6171093583106995 55
1738766857723 0.6197265386581421 56
1738766857725 0.6212499737739563 57
1738766857728 0.6164844036102295 58
1738766857730 0.6162109375 59
1738766857732 0.6214062571525574 60
1738766857734 0.6182422041893005 61
1738766857736 0.6239452958106995 62
1738766857738 0.6205468773841858 63
1738766857740 0.6267187595367432 64
1738766857742 0.6246093511581421 65
1738766857744 0.6246093511581421 66
1738766857747 0.6194531321525574 67
1738766857749 0.6214062571525574 68
1738766857751 0.6197656393051147 69
1738766857753 0.6189062595367432 70
1738766857755 0.6258593797683716 71
1738766857757 0.6242969036102295 72
1738766857759 0.6217187643051147 73
1738766857761 0.6233984231948853 74
1738766857764 0.6283593773841858 75
1738766857766 0.6280859112739563 76
1738766857768 0.6221093535423279 77
1738766857770 0.626757800579071 78
1738766857772 0.6247656345367432 79
1738766857774 0.6227734088897705 80
1738766857776 0.6314843893051147 81
1738766857778 0.6249218583106995 82
1738766857781 0.6330468654632568 83
1738766857783 0.6196093559265137 84
1738766857785 0.629687488079071 85
1738766857787 0.6297265887260437 86
1738766857789 0.6289452910423279 87
1738766857791 0.6341406106948853 88
1738766857793 0.6260547041893005 89
1738766857795 0.6234765648841858 90
1738766857797 0.6244921684265137 91
1738766857800 0.6207422018051147 92
1738766857802 0.6317187547683716 93
1738766857804 0.6267969012260437 94
1738766857806 0.6342577934265137 95
1738766857808 0.6278125047683716 96
1738766857810 0.630664050579071 97
1738766857812 0.6276171803474426 98
1738766857814 0.6304687261581421 99
1738766857817 0.6253125071525574 100
1738766857819 0.6304687261581421 101
1738766857821 0.6240234375 102
1738766857823 0.6264062523841858 103
1738766857825 0.6311718821525574 104
1738766857827 0.6274218559265137 105
1738766857829 0.6317968964576721 106
1738766857832 0.6229296922683716 107
1738766857834 0.6305468678474426 108
1738766857836 0.6292968988418579 109
1738766857838 0.6321874856948853 110
1738766857840 0.630859375 111
1738766857842 0.6297656297683716 112
1738766857844 0.6240624785423279 113
1738766857846 0.6269140839576721 114
1738766857849 0.6242578029632568 115
1738766857850 0.6260156035423279 116
1738766857852 0.6283203363418579 117
1738766857853 0.6247265338897705 118
1738766857854 0.6275781393051147 119
