1738766857608 1.9298406839370728 0
1738766857610 1.3635337352752686 1
1738766857612 1.348278522491455 2
1738766857613 1.2951936721801758 3
1738766857615 1.2725945711135864 4
1738766857616 1.282844066619873 5
1738766857618 1.2720756530761719 6
1738766857620 1.2471979856491089 7
1738766857622 1.2319008111953735 8
1738766857625 1.2352977991104126 9
1738766857627 1.2252269983291626 10
1738766857629 1.2282860279083252 11
1738766857631 1.2090156078338623 12
1738766857634 1.209945559501648 13
1738766857636 1.2214149236679077 14
1738766857638 1.2043129205703735 15
1738766857640 1.1894861459732056 16
1738766857642 1.188277244567871 17
1738766857644 1.1721696853637695 18
1738766857645 1.207431674003601 19
1738766857648 1.173870325088501 20
1738766857650 1.1826027631759644 21
1738766857652 1.1770049333572388 22
1738766857654 1.1639584302902222 23
1738766857656 1.1740617752075195 24
1738766857658 1.1684596538543701 25
1738766857660 1.1745104789733887 26
1738766857662 1.1647202968597412 27
1738766857664 1.1735810041427612 28
1738766857666 1.1685214042663574 29
1738766857668 1.1456670761108398 30
1738766857671 1.1912949085235596 31
1738766857673 1.1485415697097778 32
1738766857675 1.1620575189590454 33
1738766857677 1.15764319896698 34
1738766857679 1.1640125513076782 35
1738766857681 1.1584045886993408 36
1738766857683 1.1521039009094238 37
1738766857685 1.1340374946594238 38
1738766857687 1.1552165746688843 39
1738766857689 1.1410521268844604 40
1738766857691 1.158248782157898 41
1738766857693 1.1482648849487305 42
1738766857696 1.152319073677063 43
1738766857698 1.1331114768981934 44
1738766857700 1.151115894317627 45
1738766857702 1.1323132514953613 46
1738766857704 1.1616722345352173 47
1738766857706 1.144801378250122 48
1738766857708 1.1463403701782227 49
1738766857711 1.1440297365188599 50
1738766857713 1.1467952728271484 51
1738766857715 1.1465861797332764 52
1738766857717 1.137944221496582 53
1738766857719 1.1600942611694336 54
1738766857721 1.1516239643096924 55
1738766857723 1.1388322114944458 56
1738766857725 1.135190725326538 57
1738766857728 1.1401515007019043 58
1738766857730 1.1525318622589111 59
1738766857732 1.1429649591445923 60
1738766857734 1.1405761241912842 61
1738766857736 1.135740876197815 62
1738766857738 1.1377911567687988 63
1738766857740 1.1351544857025146 64
1738766857742 1.1436502933502197 65
1738766857744 1.1315648555755615 66
1738766857747 1.1340163946151733 67
1738766857749 1.1425690650939941 68
1738766857751 1.1356737613677979 69
1738766857753 1.153262734413147 70
1738766857755 1.1270006895065308 71
1738766857757 1.137405276298523 72
1738766857759 1.144506573677063 73
1738766857761 1.1313425302505493 74
1738766857764 1.1177988052368164 75
1738766857766 1.1306705474853516 76
1738766857768 1.1332685947418213 77
1738766857770 1.1368786096572876 78
1738766857772 1.1314687728881836 79
1738766857774 1.1452840566635132 80
1738766857776 1.1234875917434692 81
1738766857778 1.1206750869750977 82
1738766857781 1.106890082359314 83
1738766857783 1.1357303857803345 84
1738766857785 1.1231410503387451 85
1738766857787 1.1200835704803467 86
1738766857789 1.120361566543579 87
1738766857791 1.1070256233215332 88
1738766857793 1.122341275215149 89
1738766857795 1.1403133869171143 90
1738766857797 1.1333904266357422 91
1738766857800 1.1359673738479614 92
1738766857802 1.1205247640609741 93
1738766857804 1.120254635810852 94
1738766857806 1.119543194770813 95
1738766857808 1.125169038772583 96
1738766857810 1.120064377784729 97
1738766857812 1.1194597482681274 98
1738766857814 1.1243853569030762 99
1738766857817 1.1332173347473145 100
1738766857819 1.1320639848709106 101
1738766857821 1.135237455368042 102
1738766857823 1.123134732246399 103
1738766857825 1.1242973804473877 104
1738766857827 1.1242371797561646 105
1738766857829 1.112544059753418 106
1738766857832 1.1319489479064941 107
1738766857834 1.1256269216537476 108
1738766857836 1.1184284687042236 109
1738766857838 1.1212244033813477 110
1738766857840 1.1172363758087158 111
1738766857842 1.1221843957901 112
1738766857844 1.1195037364959717 113
1738766857846 1.1263363361358643 114
1738766857849 1.1339950561523438 115
1738766857850 1.121602177619934 116
1738766857852 1.1247763633728027 117
1738766857853 1.133628249168396 118
1738766857854 1.1224730014801025 119
