1738709778138 1.701527714729309 0
1738709778144 1.3220936059951782 1
1738709778145 1.172157883644104 2
1738709778147 1.0579222440719604 3
1738709778148 0.9602210521697998 4
1738709778150 0.9013685584068298 5
1738709778151 0.8224543929100037 6
1738709778152 0.764397144317627 7
1738709778153 0.7328799962997437 8
1738709778155 0.6922667026519775 9
1738709778156 0.6601374745368958 10
1738709778157 0.6334549188613892 11
1738709778158 0.6079167723655701 12
1738709778159 0.5906268954277039 13
1738709778160 0.5641278624534607 14
1738709778162 0.5512301921844482 15
1738709778163 0.5383997559547424 16
1738709778165 0.5182044506072998 17
1738709778166 0.5142477750778198 18
1738709778167 0.4934971332550049 19
1738709778168 0.493805468082428 20
1738709778169 0.4873684048652649 21
1738709778171 0.47469180822372437 22
1738709778172 0.46112433075904846 23
1738709778173 0.45253413915634155 24
1738709778174 0.44862329959869385 25
1738709778175 0.44038528203964233 26
1738709778176 0.43660596013069153 27
1738709778177 0.4289615750312805 28
1738709778179 0.4219636023044586 29
1738709778180 0.4163992404937744 30
1738709778181 0.4016405940055847 31
1738709778183 0.39860907196998596 32
1738709778184 0.38558822870254517 33
1738709778185 0.3800487518310547 34
1738709778186 0.37606561183929443 35
1738709778187 0.37587082386016846 36
1738709778188 0.3785918056964874 37
1738709778189 0.3769605755805969 38
1738709778191 0.3703756332397461 39
1738709778192 0.3588385283946991 40
1738709778193 0.36003509163856506 41
1738709778194 0.34926798939704895 42
1738709778195 0.3531944751739502 43
1738709778197 0.34040847420692444 44
1738709778198 0.3329331874847412 45
1738709778199 0.33204641938209534 46
1738709778200 0.3328559994697571 47
1738709778201 0.33940938115119934 48
1738709778202 0.31802791357040405 49
1738709778203 0.3217352032661438 50
1738709778205 0.3140791058540344 51
1738709778206 0.31582459807395935 52
1738709778207 0.3126584589481354 53
1738709778208 0.31687894463539124 54
1738709778209 0.3140861392021179 55
1738709778210 0.309592604637146 56
1738709778211 0.3034026622772217 57
1738709778212 0.29961061477661133 58
1738709778214 0.2964145541191101 59
1738709778215 0.29950082302093506 60
1738709778216 0.2873372733592987 61
1738709778217 0.2988497018814087 62
1738709778218 0.29084333777427673 63
1738709778219 0.2808547914028168 64
1738709778220 0.2805025577545166 65
1738709778222 0.29079750180244446 66
1738709778223 0.2740330398082733 67
1738709778224 0.28363025188446045 68
1738709778225 0.27345314621925354 69
1738709778226 0.27624568343162537 70
1738709778227 0.265657514333725 71
1738709778228 0.2651728391647339 72
1738709778229 0.2790709137916565 73
1738709778232 0.26680248975753784 74
1738709778234 0.26123833656311035 75
1738709778235 0.2663431167602539 76
1738709778236 0.2579512894153595 77
1738709778237 0.2695828676223755 78
1738709778239 0.2554781138896942 79
1738709778240 0.2611592710018158 80
1738709778241 0.25620588660240173 81
1738709778242 0.24503597617149353 82
1738709778243 0.2605970501899719 83
1738709778244 0.261145681142807 84
1738709778245 0.24923507869243622 85
1738709778246 0.24935254454612732 86
1738709778247 0.2534211277961731 87
1738709778249 0.2448124885559082 88
1738709778250 0.2522927522659302 89
1738709778251 0.24431577324867249 90
1738709778252 0.24322643876075745 91
1738709778253 0.24701213836669922 92
1738709778254 0.23960649967193604 93
1738709778255 0.23739904165267944 94
1738709778257 0.23564079403877258 95
1738709778258 0.2433496117591858 96
1738709778259 0.24133343994617462 97
1738709778260 0.23760755360126495 98
1738709778261 0.2360105961561203 99
1738709778262 0.23896075785160065 100
1738709778263 0.22165559232234955 101
1738709778265 0.23491865396499634 102
1738709778266 0.22464556992053986 103
1738709778267 0.21847222745418549 104
1738709778268 0.22046421468257904 105
1738709778270 0.22390107810497284 106
1738709778271 0.22139529883861542 107
1738709778272 0.21538963913917542 108
1738709778273 0.22768326103687286 109
