1738709778138 0.32484376430511475 0
1738709778144 0.4758984446525574 1
1738709778145 0.5494921803474426 2
1738709778147 0.6012109518051147 3
1738709778148 0.6458203196525574 4
1738709778150 0.6786327958106995 5
1738709778151 0.716992199420929 6
1738709778152 0.7412109375 7
1738709778153 0.7551171779632568 8
1738709778155 0.7754687666893005 9
1738709778156 0.7860937714576721 10
1738709778157 0.7971875071525574 11
1738709778158 0.8037499785423279 12
1738709778159 0.8148828148841858 13
1738709778160 0.8213672041893005 14
1738709778162 0.8271874785423279 15
1738709778163 0.832812488079071 16
1738709778165 0.8385937213897705 17
1738709778166 0.8421484231948853 18
1738709778167 0.8456249833106995 19
1738709778168 0.8477734327316284 20
1738709778169 0.8504297137260437 21
1738709778171 0.856249988079071 22
1738709778172 0.8580468893051147 23
1738709778173 0.8630468845367432 24
1738709778174 0.8624218702316284 25
1738709778175 0.8676953315734863 26
1738709778176 0.8697656393051147 27
1738709778177 0.8687109351158142 28
1738709778179 0.8745312690734863 29
1738709778180 0.8758203387260437 30
1738709778181 0.8755468726158142 31
1738709778183 0.8817187547683716 32
1738709778184 0.885937511920929 33
1738709778185 0.8868359327316284 34
1738709778186 0.8891406059265137 35
1738709778187 0.8889453411102295 36
1738709778188 0.8882421851158142 37
1738709778189 0.8903124928474426 38
1738709778191 0.8919140696525574 39
1738709778192 0.8957812786102295 40
1738709778193 0.8965625166893005 41
1738709778194 0.8986718654632568 42
1738709778195 0.8974999785423279 43
1738709778197 0.9028906226158142 44
1738709778198 0.9024218916893005 45
1738709778199 0.9014062285423279 46
1738709778200 0.9037109613418579 47
1738709778201 0.9027343988418579 48
1738709778202 0.9060156345367432 49
1738709778203 0.9080469012260437 50
1738709778205 0.9083593487739563 51
1738709778206 0.9087109565734863 52
1738709778207 0.9085156321525574 53
1738709778208 0.9102734327316284 54
1738709778209 0.9088671803474426 55
1738709778210 0.9108984470367432 56
1738709778211 0.9109765887260437 57
1738709778212 0.9148828387260437 58
1738709778214 0.9144921898841858 59
1738709778215 0.9157421588897705 60
1738709778216 0.9192968606948853 61
1738709778217 0.9155077934265137 62
1738709778218 0.9160937666893005 63
1738709778219 0.9196093678474426 64
1738709778220 0.9188671708106995 65
1738709778222 0.9165234565734863 66
1738709778223 0.9221875071525574 67
1738709778224 0.9183202981948853 68
1738709778225 0.9237890839576721 69
1738709778226 0.9224218726158142 70
1738709778227 0.9233202934265137 71
1738709778228 0.9242578148841858 72
1738709778229 0.9214453101158142 73
1738709778232 0.926953136920929 74
1738709778234 0.9253125190734863 75
1738709778235 0.9230077862739563 76
1738709778236 0.9278515577316284 77
1738709778237 0.9237890839576721 78
1738709778239 0.9278125166893005 79
1738709778240 0.9269140362739563 80
1738709778241 0.9268749952316284 81
1738709778242 0.9295703172683716 82
1738709778243 0.925585925579071 83
1738709778244 0.9286327958106995 84
1738709778245 0.928906261920929 85
1738709778246 0.9292578101158142 86
1738709778247 0.9278905987739563 87
1738709778249 0.9309375286102295 88
1738709778250 0.9305078387260437 89
1738709778251 0.9320312738418579 90
1738709778252 0.9313671588897705 91
1738709778253 0.9318749904632568 92
1738709778254 0.9310937523841858 93
1738709778255 0.931835949420929 94
1738709778257 0.9336718916893005 95
1738709778258 0.9322265386581421 96
1738709778259 0.9325390458106995 97
1738709778260 0.9330078363418579 98
1738709778261 0.9328515529632568 99
1738709778262 0.9325390458106995 100
1738709778263 0.9373437762260437 101
1738709778265 0.9347265362739563 102
1738709778266 0.9375 103
1738709778267 0.9379687309265137 104
1738709778268 0.9383984208106995 105
1738709778270 0.9376562237739563 106
1738709778271 0.9393359422683716 107
1738709778272 0.9405468702316284 108
1738709778273 0.9368749856948853 109
