1739079499784 0.43062499165534973 0
1739079499786 0.6236718893051147 1
1739079499788 0.7249609231948853 2
1739079499789 0.7913281321525574 3
1739079499791 0.8289843797683716 4
1739079499792 0.8490625023841858 5
1739079499793 0.8664453029632568 6
1739079499795 0.8745703101158142 7
1739079499796 0.8907421827316284 8
1739079499797 0.9010156393051147 9
1739079499799 0.9037890434265137 10
1739079499801 0.907031238079071 11
1739079499802 0.9146484136581421 12
1739079499804 0.9176562428474426 13
1739079499806 0.9219531416893005 14
1739079499807 0.9233593940734863 15
1739079499808 0.9280078411102295 16
1739079499809 0.9296484589576721 17
1739079499810 0.9339452981948853 18
1739079499812 0.9326562285423279 19
1739079499813 0.9359765648841858 20
1739079499814 0.9409765601158142 21
1739079499816 0.9408984184265137 22
1739079499818 0.938671886920929 23
1739079499819 0.9442187547683716 24
1739079499821 0.9454687237739563 25
1739079499822 0.9475390911102295 26
1739079499824 0.9472265839576721 27
1739079499825 0.9489452838897705 28
1739079499827 0.9512109160423279 29
1739079499828 0.9524219036102295 30
1739079499829 0.9514453411102295 31
1739079499831 0.9523046612739563 32
1739079499833 0.955859363079071 33
1739079499835 0.9512500166893005 34
1739079499836 0.9539453387260437 35
1739079499838 0.9560156464576721 36
1739079499839 0.9538280963897705 37
1739079499840 0.9592578411102295 38
1739079499841 0.9576562643051147 39
1739079499842 0.9567577838897705 40
1739079499844 0.955859363079071 41
1739079499845 0.9603124856948853 42
1739079499846 0.9617578387260437 43
1739079499847 0.9627734422683716 44
1739079499849 0.9621875286102295 45
1739079499850 0.961718738079071 46
1739079499852 0.9627734422683716 47
1739079499853 0.9649999737739563 48
1739079499855 0.9647265672683716 49
1739079499856 0.9625390768051147 50
1739079499857 0.9648827910423279 51
1739079499859 0.9680469036102295 52
1739079499860 0.9674218893051147 53
1739079499862 0.9667187333106995 54
1739079499863 0.9676562547683716 55
1739079499865 0.9667187333106995 56
1739079499867 0.9627344012260437 57
1739079499868 0.9683984518051147 58
1739079499869 0.9697265625 59
1739079499871 0.967968761920929 60
1739079499872 0.9702734351158142 61
1739079499873 0.970507800579071 62
1739079499875 0.9668750166893005 63
1739079499876 0.9703124761581421 64
1739079499878 0.9696875214576721 65
1739079499879 0.9726172089576721 66
1739079499881 0.9721875190734863 67
1739079499882 0.9616015553474426 68
1739079499884 0.9723437428474426 69
1739079499886 0.9742578268051147 70
1739079499887 0.9720703363418579 71
1739079499889 0.9723827838897705 72
1739079499890 0.972851574420929 73
1739079499891 0.9732031226158142 74
1739079499892 0.9737109541893005 75
1739079499894 0.9746484160423279 76
1739079499895 0.9744921922683716 77
1739079499897 0.9737499952316284 78
1739079499899 0.9723047018051147 79
1739079499900 0.9743359088897705 80
1739079499901 0.9754297137260437 81
1739079499903 0.9754687547683716 82
1739079499904 0.9741796851158142 83
1739079499905 0.9735156297683716 84
1739079499906 0.9762109518051147 85
1739079499907 0.9755077958106995 86
1739079499909 0.9729687571525574 87
1739079499911 0.9753515720367432 88
1739079499912 0.9776172041893005 89
1739079499913 0.9765234589576721 90
1739079499914 0.9771484136581421 91
1739079499915 0.9787890911102295 92
1739079499916 0.9787499904632568 93
1739079499917 0.9795703291893005 94
1739079499918 0.9770312309265137 95
1739079499920 0.9769921898841858 96
1739079499921 0.971875011920929 97
1739079499922 0.9768750071525574 98
1739079499923 0.9791015386581421 99
1739079499924 0.9790624976158142 100
1739079499925 0.9812890887260437 101
1739079499926 0.9797265529632568 102
1739079499927 0.9819531440734863 103
1739079499929 0.9754687547683716 104
1739079499930 0.9767968654632568 105
1739079499931 0.9793750047683716 106
1739079499932 0.979687511920929 107
1739079499933 0.9776952862739563 108
1739079499934 0.9791015386581421 109
1739079499935 0.9810156226158142 110
1739079499936 0.9807422161102295 111
1739079499938 0.979687511920929 112
1739079499939 0.9821484088897705 113
1739079499940 0.9787499904632568 114
1739079499941 0.9805468916893005 115
1739079499942 0.9792187213897705 116
1739079499943 0.9784374833106995 117
1739079499944 0.9791796803474426 118
1739079499945 0.9815624952316284 119
