1739079499784 1.479846477508545 0
1739079499786 1.0428237915039062 1
1739079499788 0.7939245104789734 2
1739079499789 0.6246355175971985 3
1739079499791 0.5318387150764465 4
1739079499792 0.4669171869754791 5
1739079499793 0.4218848943710327 6
1739079499795 0.39610496163368225 7
1739079499796 0.3548465669155121 8
1739079499797 0.3229497969150543 9
1739079499799 0.3067278563976288 10
1739079499801 0.30005013942718506 11
1739079499802 0.27122920751571655 12
1739079499804 0.25976571440696716 13
1739079499806 0.2534230351448059 14
1739079499807 0.24716506898403168 15
1739079499808 0.2336207628250122 16
1739079499809 0.22655154764652252 17
1739079499810 0.20936189591884613 18
1739079499812 0.21584592759609222 19
1739079499813 0.2080325484275818 20
1739079499814 0.19367025792598724 21
1739079499816 0.1956765502691269 22
1739079499818 0.19853191077709198 23
1739079499819 0.18089987337589264 24
1739079499821 0.17425698041915894 25
1739079499822 0.17219945788383484 26
1739079499824 0.17398491501808167 27
1739079499825 0.16571110486984253 28
1739079499827 0.1615574210882187 29
1739079499828 0.15994662046432495 30
1739079499829 0.16034486889839172 31
1739079499831 0.15360517799854279 32
1739079499833 0.1483740657567978 33
1739079499835 0.16579389572143555 34
1739079499836 0.15276920795440674 35
1739079499838 0.1484111249446869 36
1739079499839 0.15233451128005981 37
1739079499840 0.13590510189533234 38
1739079499841 0.13965332508087158 39
1739079499842 0.13584649562835693 40
1739079499844 0.1443009078502655 41
1739079499845 0.13104841113090515 42
1739079499846 0.13164003193378448 43
1739079499847 0.1264653503894806 44
1739079499849 0.12492061406373978 45
1739079499850 0.12446174770593643 46
1739079499852 0.12041705846786499 47
1739079499853 0.11708477139472961 48
1739079499855 0.11841771751642227 49
1739079499856 0.12434753775596619 50
1739079499857 0.11586669832468033 51
1739079499859 0.10558086633682251 52
1739079499860 0.11035405099391937 53
1739079499862 0.10822496563196182 54
1739079499863 0.10707870125770569 55
1739079499865 0.11417136341333389 56
1739079499867 0.12845361232757568 57
1739079499868 0.10657109320163727 58
1739079499869 0.09932778030633926 59
1739079499871 0.1065274178981781 60
1739079499872 0.09961269050836563 61
1739079499873 0.09967013448476791 62
1739079499875 0.11111307889223099 63
1739079499876 0.10375066101551056 64
1739079499878 0.10347140580415726 65
1739079499879 0.09355438500642776 66
1739079499881 0.09300561249256134 67
1739079499882 0.12742313742637634 68
1739079499884 0.09471987932920456 69
1739079499886 0.08290325105190277 70
1739079499887 0.09487856179475784 71
1739079499889 0.0931193083524704 72
1739079499890 0.08953793346881866 73
1739079499891 0.09282442927360535 74
1739079499892 0.08778057992458344 75
1739079499894 0.08752566576004028 76
1739079499895 0.08650834858417511 77
1739079499897 0.0916573628783226 78
1739079499899 0.0933929979801178 79
1739079499900 0.085066057741642 80
1739079499901 0.08713145554065704 81
1739079499903 0.08367282152175903 82
1739079499904 0.0838206484913826 83
1739079499905 0.08834977447986603 84
1739079499906 0.08360617607831955 85
1739079499907 0.08140141516923904 86
1739079499909 0.09036225080490112 87
1739079499911 0.0849997028708458 88
1739079499912 0.07481426000595093 89
1739079499913 0.08130935579538345 90
1739079499914 0.07808734476566315 91
1739079499915 0.07271745055913925 92
1739079499916 0.07087916135787964 93
1739079499917 0.07217707484960556 94
1739079499918 0.07684540003538132 95
1739079499920 0.07977107167243958 96
1739079499921 0.09447060525417328 97
1739079499922 0.08108792454004288 98
1739079499923 0.07127904146909714 99
1739079499924 0.07068032026290894 100
1739079499925 0.06346006691455841 101
1739079499926 0.07381889224052429 102
1739079499927 0.06046954542398453 103
1739079499929 0.0828128233551979 104
1739079499930 0.08037220686674118 105
1739079499931 0.06890944391489029 106
1739079499932 0.07049533724784851 107
1739079499933 0.07637366652488708 108
1739079499934 0.07320262491703033 109
1739079499935 0.06376182287931442 110
1739079499936 0.06622900813817978 111
1739079499938 0.0668792575597763 112
1739079499939 0.05951397493481636 113
1739079499940 0.06973577290773392 114
1739079499941 0.06528540700674057 115
1739079499942 0.0690898671746254 116
1739079499943 0.0738876610994339 117
1739079499944 0.07538700848817825 118
1739079499945 0.05963151529431343 119
