1738430237737 0.3427734375 0
1738430237738 0.4585937559604645 1
1738430237739 0.48695313930511475 2
1738430237740 0.506640613079071 3
1738430237741 0.5117968916893005 4
1738430237743 0.5194922089576721 5
1738430237745 0.5238671898841858 6
1738430237747 0.5251562595367432 7
1738430237749 0.5285937786102295 8
1738430237751 0.534375011920929 9
1738430237753 0.5405077934265137 10
1738430237755 0.5417187213897705 11
1738430237756 0.5410546660423279 12
1738430237757 0.5496875047683716 13
1738430237759 0.5491796731948853 14
1738430237761 0.5552734136581421 15
1738430237763 0.5489843487739563 16
1738430237764 0.5556250214576721 17
1738430237765 0.5564844012260437 18
1738430237767 0.5578906536102295 19
1738430237768 0.5596874952316284 20
1738430237769 0.5588281154632568 21
1738430237770 0.5582812428474426 22
1738430237771 0.5629687309265137 23
1738430237772 0.5573046803474426 24
1738430237773 0.5578906536102295 25
1738430237774 0.5555468797683716 26
1738430237775 0.5604687333106995 27
