1738430237737 1.785544991493225 0
1738430237738 1.5257319211959839 1
1738430237739 1.45810866355896 2
1738430237740 1.4187524318695068 3
1738430237741 1.395029902458191 4
1738430237743 1.3739897012710571 5
1738430237745 1.3671249151229858 6
1738430237747 1.361182689666748 7
1738430237749 1.3522007465362549 8
1738430237751 1.3519824743270874 9
1738430237753 1.3479009866714478 10
1738430237755 1.3368350267410278 11
1738430237756 1.341307520866394 12
1738430237757 1.3297970294952393 13
1738430237759 1.322605848312378 14
1738430237761 1.3179426193237305 15
1738430237763 1.3270572423934937 16
1738430237764 1.3130784034729004 17
1738430237765 1.309302568435669 18
1738430237767 1.3131086826324463 19
1738430237768 1.3128694295883179 20
1738430237769 1.3136976957321167 21
1738430237770 1.3019371032714844 22
1738430237771 1.3000329732894897 23
1738430237772 1.3072248697280884 24
1738430237773 1.3089405298233032 25
1738430237774 1.3090449571609497 26
1738430237775 1.2999157905578613 27
