1738134126438 0.20195312798023224 0
1738134126440 0.2696875035762787 1
1738134126442 0.3110937476158142 2
1738134126444 0.35261717438697815 3
1738134126445 0.38593751192092896 4
1738134126446 0.4158593714237213 5
1738134126448 0.4528515636920929 6
1738134126449 0.4977343678474426 7
1738134126450 0.5237109661102295 8
1738134126451 0.5464843511581421 9
1738134126453 0.5737500190734863 10
1738134126454 0.6008203029632568 11
1738134126455 0.6271874904632568 12
1738134126456 0.6430859565734863 13
1738134126457 0.662109375 14
1738134126459 0.6751953363418579 15
1738134126460 0.6855078339576721 16
1738134126461 0.6985937356948853 17
1738134126462 0.705273449420929 18
1738134126463 0.7192578315734863 19
1738134126465 0.7282421588897705 20
1738134126466 0.7345312237739563 21
1738134126467 0.7429296970367432 22
1738134126468 0.7494140863418579 23
1738134126469 0.7571874856948853 24
1738134126471 0.7625390887260437 25
1738134126472 0.7680859565734863 26
1738134126473 0.7678515911102295 27
1738134126474 0.7807421684265137 28
1738134126475 0.7808203101158142 29
1738134126477 0.7843359112739563 30
1738134126478 0.7846875190734863 31
1738134126479 0.7903515696525574 32
1738134126480 0.7970312237739563 33
1738134126481 0.7977343797683716 34
1738134126483 0.8048046827316284 35
1738134126484 0.8095312714576721 36
1738134126485 0.8102343678474426 37
1738134126486 0.8110156059265137 38
1738134126487 0.8119921684265137 39
1738134126488 0.8166406154632568 40
1738134126490 0.8169921636581421 41
1738134126491 0.8200781345367432 42
1738134126492 0.824023425579071 43
1738134126493 0.8228124976158142 44
1738134126495 0.8272265791893005 45
1738134126496 0.8270312547683716 46
1738134126497 0.8286328315734863 47
1738134126498 0.8309375047683716 48
1738134126499 0.8334375023841858 49
1738134126500 0.8325390815734863 50
1738134126502 0.8349609375 51
1738134126503 0.8338281512260437 52
1738134126504 0.8387500047683716 53
1738134126505 0.8404296636581421 54
1738134126506 0.8397656083106995 55
1738134126508 0.841601550579071 56
1738134126509 0.8413281440734863 57
1738134126510 0.8430859446525574 58
1738134126511 0.8442578315734863 59
1738134126512 0.8453124761581421 60
1738134126513 0.8473047018051147 61
1738134126515 0.8475390672683716 62
1738134126516 0.8494921922683716 63
1738134126517 0.8499609231948853 64
1738134126518 0.8500781059265137 65
1738134126519 0.8510156273841858 66
1738134126521 0.8476172089576721 67
1738134126522 0.8516015410423279 68
1738134126523 0.848437488079071 69
1738134126524 0.8569140434265137 70
1738134126525 0.8530859351158142 71
1738134126527 0.8525781035423279 72
1738134126528 0.8556249737739563 73
1738134126529 0.8530859351158142 74
1738134126530 0.8569140434265137 75
1738134126531 0.8524609208106995 76
1738134126533 0.8566015362739563 77
1738134126534 0.861328125 78
1738134126535 0.8615624904632568 79
1738134126536 0.8586719036102295 80
1738134126537 0.8630468845367432 81
1738134126538 0.8623046875 82
1738134126539 0.8620703220367432 83
1738134126541 0.8616796731948853 84
1738134126542 0.8639843463897705 85
1738134126543 0.8606640696525574 86
1738134126544 0.8670703172683716 87
1738134126545 0.8645703196525574 88
1738134126547 0.8668359518051147 89
1738134126548 0.8684375286102295 90
1738134126549 0.8717578053474426 91
1738134126550 0.8667968511581421 92
1738134126551 0.8688671588897705 93
1738134126552 0.8714843988418579 94
1738134126553 0.8669531345367432 95
1738134126555 0.8734375238418579 96
1738134126556 0.8685156106948853 97
1738134126557 0.8709375262260437 98
1738134126558 0.8726171851158142 99
1738134126559 0.8708202838897705 100
1738134126561 0.8735547065734863 101
1738134126562 0.8741796612739563 102
1738134126563 0.8720312714576721 103
1738134126564 0.873828113079071 104
1738134126565 0.8788281083106995 105
1738134126566 0.8749218583106995 106
1738134126568 0.8752343654632568 107
1738134126569 0.878125011920929 108
1738134126570 0.8782031536102295 109
1738134126571 0.8770703077316284 110
1738134126572 0.8773437738418579 111
1738134126573 0.8786327838897705 112
1738134126575 0.8764452934265137 113
1738134126576 0.8747656345367432 114
1738134126577 0.8775781393051147 115
1738134126578 0.8799999952316284 116
1738134126579 0.8809765577316284 117
1738134126580 0.8732030987739563 118
1738134126582 0.8821484446525574 119
