1738134126438 6.32253360748291 0
1738134126440 5.747783184051514 1
1738134126442 5.50986385345459 2
1738134126444 5.342583179473877 3
1738134126445 5.2111921310424805 4
1738134126446 5.086902618408203 5
1738134126448 4.962301731109619 6
1738134126449 4.819828987121582 7
1738134126450 4.713898181915283 8
1738134126451 4.593163967132568 9
1738134126453 4.474405288696289 10
1738134126454 4.359445095062256 11
1738134126455 4.251134872436523 12
1738134126456 4.153871059417725 13
1738134126457 4.073575973510742 14
1738134126459 3.9673261642456055 15
1738134126460 3.8927037715911865 16
1738134126461 3.7971737384796143 17
1738134126462 3.715008497238159 18
1738134126463 3.6188089847564697 19
1738134126465 3.5405852794647217 20
1738134126466 3.4557790756225586 21
1738134126467 3.364591598510742 22
1738134126468 3.287076473236084 23
1738134126469 3.196110486984253 24
1738134126471 3.120729684829712 25
1738134126472 3.0261077880859375 26
1738134126473 2.9605872631073 27
1738134126474 2.865119218826294 28
1738134126475 2.789285182952881 29
1738134126477 2.7116172313690186 30
1738134126478 2.647740125656128 31
1738134126479 2.558781623840332 32
1738134126480 2.481687307357788 33
1738134126481 2.4122419357299805 34
1738134126483 2.339313268661499 35
1738134126484 2.269001007080078 36
1738134126485 2.1951558589935303 37
1738134126486 2.14432430267334 38
1738134126487 2.087862968444824 39
1738134126488 2.0187273025512695 40
1738134126490 1.969104290008545 41
1738134126491 1.9043891429901123 42
1738134126492 1.855948805809021 43
1738134126493 1.8093148469924927 44
1738134126495 1.7545756101608276 45
1738134126496 1.7058436870574951 46
1738134126497 1.6645910739898682 47
1738134126498 1.619714379310608 48
1738134126499 1.572910189628601 49
1738134126500 1.539427638053894 50
1738134126502 1.4999949932098389 51
1738134126503 1.4679570198059082 52
1738134126504 1.428096890449524 53
1738134126505 1.39076828956604 54
1738134126506 1.3689442873001099 55
1738134126508 1.3361374139785767 56
1738134126509 1.3109710216522217 57
1738134126510 1.2855124473571777 58
1738134126511 1.255183458328247 59
1738134126512 1.2332688570022583 60
1738134126513 1.206697940826416 61
1738134126515 1.1897372007369995 62
1738134126516 1.1647391319274902 63
1738134126517 1.143395185470581 64
1738134126518 1.1251922845840454 65
1738134126519 1.107305884361267 66
1738134126521 1.0974465608596802 67
1738134126522 1.0677927732467651 68
1738134126523 1.0737080574035645 69
1738134126524 1.0362648963928223 70
1738134126525 1.0323641300201416 71
1738134126527 1.0229755640029907 72
1738134126528 0.9999002814292908 73
1738134126529 0.9986463189125061 74
1738134126530 0.9774802923202515 75
1738134126531 0.9813681244850159 76
1738134126533 0.9638875722885132 77
1738134126534 0.9491550922393799 78
1738134126535 0.9416337609291077 79
1738134126536 0.9370216131210327 80
1738134126537 0.9163335561752319 81
1738134126538 0.9152976274490356 82
1738134126539 0.9069984555244446 83
1738134126541 0.9027857184410095 84
1738134126542 0.8958012461662292 85
1738134126543 0.8887823224067688 86
1738134126544 0.868075966835022 87
1738134126545 0.8781241774559021 88
1738134126547 0.8609743714332581 89
1738134126548 0.8590542078018188 90
1738134126549 0.8368862271308899 91
1738134126550 0.8461300730705261 92
1738134126551 0.8355371356010437 93
1738134126552 0.8327040672302246 94
1738134126553 0.8319464921951294 95
1738134126555 0.8117420077323914 96
1738134126556 0.8214577436447144 97
1738134126557 0.8211636543273926 98
1738134126558 0.8105862140655518 99
1738134126559 0.8138676285743713 100
1738134126561 0.8001630902290344 101
1738134126562 0.7972534894943237 102
1738134126563 0.7959095239639282 103
1738134126564 0.784935712814331 104
1738134126565 0.7766124606132507 105
1738134126566 0.7810924649238586 106
1738134126568 0.773946225643158 107
1738134126569 0.7626339793205261 108
1738134126570 0.7624253630638123 109
1738134126571 0.7624513506889343 110
1738134126572 0.7604486346244812 111
1738134126573 0.7573826313018799 112
1738134126575 0.7602206468582153 113
1738134126576 0.7647929191589355 114
1738134126577 0.7538601756095886 115
1738134126578 0.7471275329589844 116
1738134126579 0.7411446571350098 117
1738134126580 0.7601264119148254 118
1738134126582 0.7307680249214172 119
