1738434183741 0.19414062798023224 0
1738434183742 0.19921875 1
1738434183743 0.19246093928813934 2
1738434183744 0.1701953113079071 3
1738434183746 0.16792969405651093 4
1738434183747 0.17175781726837158 5
1738434183748 0.17015625536441803 6
1738434183750 0.1745312511920929 7
1738434183751 0.17363281548023224 8
1738434183753 0.17570312321186066 9
1738434183754 0.17234374582767487 10
1738434183755 0.17824219167232513 11
1738434183757 0.17964844405651093 12
1738434183759 0.18226562440395355 13
1738434183760 0.19582031667232513 14
1738434183761 0.2019921839237213 15
1738434183763 0.20917968451976776 16
1738434183764 0.2194531261920929 17
1738434183765 0.22527343034744263 18
1738434183766 0.2290624976158142 19
1738434183768 0.23722656071186066 20
1738434183769 0.2371484339237213 21
1738434183770 0.2449609339237213 22
1738434183771 0.25035154819488525 23
1738434183772 0.2533593773841858 24
1738434183773 0.25191405415534973 25
1738434183775 0.2356249988079071 26
1738434183776 0.16847656667232513 27
1738434183777 0.17343750596046448 28
1738434183778 0.17296874523162842 29
1738434183779 0.17488281428813934 30
1738434183780 0.17027343809604645 31
1738434183782 0.1704687476158142 32
1738434183783 0.17308594286441803 33
1738434183784 0.17179687321186066 34
1738434183785 0.17042969167232513 35
1738434183786 0.1657421886920929 36
1738434183787 0.17148438096046448 37
1738434183788 0.1691015660762787 38
1738434183789 0.17249999940395355 39
1738434183791 0.16832031309604645 40
1738434183792 0.17296874523162842 41
1738434183793 0.17234374582767487 42
1738434183794 0.17027343809604645 43
1738434183795 0.16734375059604645 44
1738434183796 0.17597655951976776 45
1738434183797 0.17125000059604645 46
1738434183798 0.17363281548023224 47
1738434183799 0.17847655713558197 48
1738434183801 0.18070311844348907 49
1738434183802 0.1838671863079071 50
1738434183803 0.18199218809604645 51
1738434183804 0.17624999582767487 52
1738434183805 0.16820313036441803 53
1738434183806 0.1707421839237213 54
1738434183807 0.17199218273162842 55
1738434183808 0.17281250655651093 56
1738434183809 0.1724218726158142 57
1738434183811 0.1686718761920929 58
1738434183812 0.16808593273162842 59
1738434183813 0.17347656190395355 60
1738434183814 0.17113281786441803 61
1738434183815 0.17492187023162842 62
1738434183816 0.16890625655651093 63
1738434183817 0.17109374701976776 64
1738434183818 0.16816405951976776 65
1738434183819 0.1685156226158142 66
1738434183820 0.16890625655651093 67
1738434183821 0.17058593034744263 68
1738434183823 0.1696484386920929 69
1738434183824 0.17406250536441803 70
1738434183825 0.17031249403953552 71
1738434183826 0.1733984351158142 72
1738434183827 0.17558594048023224 73
1738434183828 0.17542968690395355 74
1738434183829 0.1753515601158142 75
1738434183830 0.16960936784744263 76
1738434183831 0.1759375035762787 77
1738434183832 0.181640625 78
1738434183834 0.18660156428813934 79
1738434183835 0.19933593273162842 80
1738434183836 0.1997656226158142 81
1738434183837 0.20585937798023224 82
1738434183838 0.1752343773841858 83
1738434183839 0.16988281905651093 84
1738434183840 0.1692187488079071 85
1738434183841 0.1721484363079071 86
1738434183842 0.17011718451976776 87
1738434183843 0.1694921851158142 88
1738434183845 0.1703515648841858 89
1738434183846 0.17210938036441803 90
1738434183847 0.17042969167232513 91
1738434183848 0.1664453148841858 92
1738434183849 0.1696484386920929 93
1738434183850 0.1682421863079071 94
1738434183851 0.17238281667232513 95
1738434183852 0.16906249523162842 96
1738434183853 0.16832031309604645 97
1738434183854 0.16835936903953552 98
1738434183855 0.1726953089237213 99
1738434183857 0.16929687559604645 100
1738434183858 0.1704687476158142 101
1738434183859 0.16933593153953552 102
1738434183860 0.16835936903953552 103
1738434183861 0.1731249988079071 104
1738434183862 0.16890625655651093 105
1738434183863 0.17113281786441803 106
1738434183864 0.16972656548023224 107
1738434183865 0.17304687201976776 108
1738434183866 0.16914062201976776 109
1738434183867 0.16914062201976776 110
1738434183869 0.1735546886920929 111
1738434183870 0.169921875 112
1738434183871 0.17402343451976776 113
1738434183872 0.17406250536441803 114
1738434183873 0.16929687559604645 115
1738434183874 0.171875 116
1738434183875 0.1706250011920929 117
1738434183876 0.17281250655651093 118
1738434183877 0.16855469346046448 119
