1738434183741 1.9139841794967651 0
1738434183742 1.8862287998199463 1
1738434183743 3.4067556858062744 2
1738434183744 15.170269966125488 3
1738434183746 1.9512124061584473 4
1738434183747 1.8401341438293457 5
1738434183748 1.8402959108352661 6
1738434183750 1.8868703842163086 7
1738434183751 1.8382078409194946 8
1738434183753 1.8654698133468628 9
1738434183754 1.850438117980957 10
1738434183755 1.8308368921279907 11
1738434183757 1.86002516746521 12
1738434183759 1.8141652345657349 13
1738434183760 1.8101805448532104 14
1738434183761 1.8396414518356323 15
1738434183763 1.8316445350646973 16
1738434183764 1.8070985078811646 17
1738434183765 1.7916487455368042 18
1738434183766 1.7819437980651855 19
1738434183768 1.775189995765686 20
1738434183769 1.781517744064331 21
1738434183770 1.7698044776916504 22
1738434183771 1.7589799165725708 23
1738434183772 1.781206488609314 24
1738434183773 1.7833662033081055 25
1738434183775 2.488726854324341 26
1738434183776 96.37035369873047 27
1738434183777 2.293882131576538 28
1738434183778 1.8820672035217285 29
1738434183779 1.853325366973877 30
1738434183780 1.879318118095398 31
1738434183782 1.8557771444320679 32
1738434183783 1.8946316242218018 33
1738434183784 2.079169273376465 34
1738434183785 1.988224744796753 35
1738434183786 2.1680383682250977 36
1738434183787 2.484497547149658 37
1738434183788 2.1492209434509277 38
1738434183789 2.2077505588531494 39
1738434183791 2.2071409225463867 40
1738434183792 1.8215597867965698 41
1738434183793 1.839715600013733 42
1738434183794 2.06693959236145 43
1738434183795 1.8910936117172241 44
1738434183796 1.8553775548934937 45
1738434183797 1.8369572162628174 46
1738434183798 1.821245551109314 47
1738434183799 1.8111659288406372 48
1738434183801 1.8096058368682861 49
1738434183802 1.8490222692489624 50
1738434183803 1.9117677211761475 51
1738434183804 14.748770713806152 52
1738434183805 107.644287109375 53
1738434183806 2.321702003479004 54
1738434183807 1.869553804397583 55
1738434183808 1.8336290121078491 56
1738434183809 1.8267799615859985 57
1738434183811 1.8343169689178467 58
1738434183812 1.842464566230774 59
1738434183813 1.9643138647079468 60
1738434183814 1.9793869256973267 61
1738434183815 4.082026958465576 62
1738434183816 2.0724070072174072 63
1738434183817 1.921148419380188 64
1738434183818 1.907192349433899 65
1738434183819 2.039437770843506 66
1738434183820 2.261219024658203 67
1738434183821 2.017531394958496 68
1738434183823 1.9667788743972778 69
1738434183824 2.051663875579834 70
1738434183825 1.8794097900390625 71
1738434183826 2.1244711875915527 72
1738434183827 1.9384620189666748 73
1738434183828 1.8144943714141846 74
1738434183829 1.8796589374542236 75
1738434183830 1.9690138101577759 76
1738434183831 1.8145748376846313 77
1738434183832 1.8116881847381592 78
1738434183834 1.813141942024231 79
1738434183835 1.8085426092147827 80
1738434183836 1.8049870729446411 81
1738434183837 1.8783835172653198 82
1738434183838 205.4157257080078 83
1738434183839 19.84462547302246 84
1738434183840 2.917741298675537 85
1738434183841 2.2216434478759766 86
1738434183842 2.0495409965515137 87
1738434183843 1.9453190565109253 88
1738434183845 1.8873622417449951 89
1738434183846 1.873618483543396 90
1738434183847 1.9324918985366821 91
1738434183848 2.686458110809326 92
1738434183849 3.7033190727233887 93
1738434183850 2.81892466545105 94
1738434183851 3.009800672531128 95
1738434183852 2.4694294929504395 96
1738434183853 2.6599063873291016 97
1738434183854 2.539379596710205 98
1738434183855 2.3731579780578613 99
1738434183857 1.978347897529602 100
1738434183858 2.658259868621826 101
1738434183859 1.927077293395996 102
1738434183860 2.608175754547119 103
1738434183861 4.721586227416992 104
1738434183862 1.899814486503601 105
1738434183863 1.8099828958511353 106
1738434183864 1.811661720275879 107
1738434183865 1.8231191635131836 108
1738434183866 1.9368144273757935 109
1738434183867 1.8428856134414673 110
1738434183869 1.8213032484054565 111
1738434183870 2.6037087440490723 112
1738434183871 66.20441436767578 113
1738434183872 253.08445739746094 114
1738434183873 7.37484073638916 115
1738434183874 3.4750354290008545 116
1738434183875 2.6052606105804443 117
1738434183876 2.2544548511505127 118
1738434183877 2.151960849761963 119
