1738384853626 0.27253904938697815 0
1738384853627 0.4401171803474426 1
1738384853629 0.5489453077316284 2
1738384853630 0.6137109398841858 3
1738384853631 0.6678906083106995 4
1738384853634 0.7138281464576721 5
1738384853636 0.7523437738418579 6
1738384853638 0.7862890362739563 7
1738384853641 0.8106250166893005 8
1738384853643 0.8278124928474426 9
1738384853644 0.8399609327316284 10
1738384853645 0.8507421612739563 11
1738384853647 0.8607422113418579 12
1738384853650 0.8724609613418579 13
1738384853652 0.8757421970367432 14
1738384853653 0.8822656273841858 15
1738384853654 0.8883203268051147 16
1738384853655 0.894726574420929 17
1738384853657 0.899218738079071 18
1738384853658 0.9030078053474426 19
1738384853660 0.910937488079071 20
1738384853661 0.9100390672683716 21
1738384853662 0.9157031178474426 22
1738384853664 0.9137890338897705 23
1738384853665 0.9183202981948853 24
1738384853667 0.9221093654632568 25
1738384853668 0.9239453077316284 26
1738384853670 0.9240624904632568 27
1738384853671 0.9239062666893005 28
1738384853672 0.9266015887260437 29
1738384853673 0.9306640625 30
1738384853675 0.9323828220367432 31
1738384853676 0.9326953291893005 32
1738384853677 0.934374988079071 33
1738384853678 0.9362109303474426 34
1738384853679 0.9396093487739563 35
1738384853681 0.938671886920929 36
1738384853682 0.9417577981948853 37
1738384853683 0.9397656321525574 38
1738384853684 0.9410156011581421 39
1738384853685 0.9410547018051147 40
1738384853687 0.9450390338897705 41
1738384853688 0.9447656273841858 42
1738384853689 0.9456250071525574 43
1738384853691 0.9473828077316284 44
1738384853692 0.9471094012260437 45
1738384853693 0.947265625 46
1738384853694 0.9508203268051147 47
1738384853695 0.947265625 48
1738384853696 0.9499609470367432 49
1738384853698 0.9510156512260437 50
1738384853699 0.9499609470367432 51
1738384853700 0.951953113079071 52
1738384853701 0.9559375047683716 53
1738384853702 0.9536718726158142 54
1738384853703 0.9534375071525574 55
1738384853705 0.9534765481948853 56
1738384853706 0.9557031393051147 57
1738384853707 0.9562109112739563 58
