1738384853626 2.0540308952331543 0
1738384853627 1.471133828163147 1
1738384853629 1.2117319107055664 2
1738384853630 1.0438661575317383 3
1738384853631 0.9251847267150879 4
1738384853634 0.806702196598053 5
1738384853636 0.7126064300537109 6
1738384853638 0.6254235506057739 7
1738384853641 0.5687592625617981 8
1738384853643 0.5254397392272949 9
1738384853644 0.4954946041107178 10
1738384853645 0.457124263048172 11
1738384853647 0.4301051199436188 12
1738384853650 0.40382206439971924 13
1738384853652 0.38524356484413147 14
1738384853653 0.3654257655143738 15
1738384853654 0.3486819565296173 16
1738384853655 0.33704304695129395 17
1738384853657 0.3205467164516449 18
1738384853658 0.3077373206615448 19
1738384853660 0.2915427088737488 20
1738384853661 0.2866648733615875 21
1738384853662 0.276415079832077 22
1738384853664 0.275333434343338 23
1738384853665 0.26313507556915283 24
1738384853667 0.2509317994117737 25
1738384853668 0.2440320998430252 26
1738384853670 0.24437804520130157 27
1738384853671 0.23869341611862183 28
1738384853672 0.23263156414031982 29
1738384853673 0.22289012372493744 30
1738384853675 0.22152751684188843 31
1738384853676 0.21246086061000824 32
1738384853677 0.21247264742851257 33
1738384853678 0.20934785902500153 34
1738384853679 0.19859890639781952 35
1738384853681 0.2017948478460312 36
1738384853682 0.18994902074337006 37
1738384853683 0.1893235146999359 38
1738384853684 0.19260664284229279 39
1738384853685 0.19198165833950043 40
1738384853687 0.18131530284881592 41
1738384853688 0.18065448105335236 42
1738384853689 0.17900653183460236 43
1738384853691 0.1707153171300888 44
1738384853692 0.17280426621437073 45
1738384853693 0.16952480375766754 46
1738384853694 0.15700873732566833 47
1738384853695 0.16823039948940277 48
1738384853696 0.1639927625656128 49
1738384853698 0.16259253025054932 50
1738384853699 0.16217590868473053 51
1738384853700 0.1570075899362564 52
1738384853701 0.14536377787590027 53
1738384853702 0.1526118814945221 54
1738384853703 0.15253102779388428 55
1738384853705 0.15374113619327545 56
1738384853706 0.1444157063961029 57
1738384853707 0.14455662667751312 58
