1738025103071 1.6480700969696045 0
1738025103074 1.1775380373001099 1
1738025103075 1.0286595821380615 2
1738025103076 0.948232889175415 3
1738025103077 0.8853678703308105 4
1738025103079 0.828728437423706 5
1738025103080 0.7742228507995605 6
1738025103081 0.7318181395530701 7
1738025103082 0.7198766469955444 8
1738025103083 0.6829580664634705 9
1738025103085 0.6799885630607605 10
1738025103086 0.6570338606834412 11
1738025103088 0.6537896990776062 12
1738025103090 0.6164590120315552 13
1738025103091 0.6175854206085205 14
1738025103093 0.6181928515434265 15
1738025103095 0.6019882559776306 16
1738025103096 0.5800476670265198 17
1738025103098 0.5790054202079773 18
1738025103099 0.5655238628387451 19
1738025103100 0.554287850856781 20
1738025103101 0.553544819355011 21
1738025103102 0.5375760197639465 22
1738025103103 0.5176435708999634 23
1738025103104 0.521442174911499 24
1738025103105 0.5540600419044495 25
1738025103106 0.5096805691719055 26
1738025103107 0.49736881256103516 27
1738025103108 0.4925934672355652 28
1738025103110 0.49705421924591064 29
1738025103111 0.4887535572052002 30
1738025103113 0.481044203042984 31
1738025103114 0.513604998588562 32
1738025103115 0.4907848834991455 33
1738025103116 0.4638514816761017 34
1738025103117 0.4619142413139343 35
1738025103118 0.4535779058933258 36
1738025103119 0.45091328024864197 37
1738025103120 0.45079800486564636 38
1738025103120 0.4497218430042267 39
1738025103121 0.44120243191719055 40
1738025103122 0.44864383339881897 41
1738025103123 0.4350123107433319 42
1738025103124 0.425001859664917 43
1738025103125 0.4294818937778473 44
1738025103127 0.428756445646286 45
1738025103128 0.41712048649787903 46
1738025103129 0.41497766971588135 47
1738025103129 0.4239514172077179 48
1738025103131 0.4188059866428375 49
1738025103131 0.4100068211555481 50
1738025103132 0.40795665979385376 51
1738025103133 0.4129127562046051 52
1738025103134 0.3968541622161865 53
