1738025103071 0.3585156202316284 0
1738025103074 0.5705468654632568 1
1738025103075 0.6305859088897705 2
1738025103076 0.6669531464576721 3
1738025103077 0.6935155987739563 4
1738025103079 0.7170703411102295 5
1738025103080 0.7398828268051147 6
1738025103081 0.756640613079071 7
1738025103082 0.7614452838897705 8
1738025103083 0.7749999761581421 9
1738025103085 0.7759374976158142 10
1738025103086 0.7860937714576721 11
1738025103088 0.7883594036102295 12
1738025103090 0.7993359565734863 13
1738025103091 0.7957812547683716 14
1738025103093 0.796679675579071 15
1738025103095 0.8040624856948853 16
1738025103096 0.8107812404632568 17
1738025103098 0.8100390434265137 18
1738025103099 0.8148828148841858 19
1738025103100 0.8187890648841858 20
1738025103101 0.820507824420929 21
1738025103102 0.8235546946525574 22
1738025103103 0.8294922113418579 23
1738025103104 0.8307421803474426 24
1738025103105 0.8183203339576721 25
1738025103106 0.8331640362739563 26
1738025103107 0.8335546851158142 27
1738025103108 0.8403515815734863 28
1738025103110 0.8361718654632568 29
1738025103111 0.83984375 30
1738025103113 0.8423827886581421 31
1738025103114 0.835156261920929 32
1738025103115 0.840039074420929 33
1738025103116 0.84765625 34
1738025103117 0.8481640815734863 35
1738025103118 0.8525390625 36
1738025103119 0.8482031226158142 37
1738025103120 0.8511328101158142 38
1738025103120 0.8521484136581421 39
1738025103121 0.8509374856948853 40
1738025103122 0.8512109518051147 41
1738025103123 0.8560937643051147 42
1738025103124 0.859179675579071 43
1738025103125 0.8580859303474426 44
1738025103127 0.8581249713897705 45
1738025103128 0.8616015911102295 46
1738025103129 0.8604687452316284 47
1738025103129 0.8580468893051147 48
1738025103131 0.8604687452316284 49
1738025103131 0.8645312786102295 50
1738025103132 0.864062488079071 51
1738025103133 0.8618749976158142 52
1738025103134 0.8662890791893005 53
