1738444563972 5.1697916984558105 0
1738444563974 3.938427686691284 1
1738444563976 4.146270275115967 2
1738444563978 3.7072696685791016 3
1738444563980 3.83720326423645 4
1738444563982 3.7770659923553467 5
1738444563985 3.2847495079040527 6
1738444563988 3.4037106037139893 7
1738444563990 3.6675193309783936 8
1738444563992 3.4632294178009033 9
1738444563995 3.2517001628875732 10
1738444563996 3.406465530395508 11
1738444563998 3.4029595851898193 12
1738444564000 3.3787076473236084 13
1738444564003 3.3029913902282715 14
1738444564006 3.358229637145996 15
1738444564008 3.5750954151153564 16
1738444564010 3.404221534729004 17
1738444564012 3.373852491378784 18
1738444564014 3.422555446624756 19
1738444564016 3.649641513824463 20
1738444564018 3.3678152561187744 21
1738444564020 3.222135066986084 22
1738444564022 3.4628002643585205 23
1738444564023 3.5447568893432617 24
1738444564024 3.4057936668395996 25
1738444564026 3.3935558795928955 26
1738444564027 3.2862441539764404 27
1738444564028 3.3962531089782715 28
1738444564029 3.5587615966796875 29
1738444564031 3.3283779621124268 30
1738444564034 3.4295294284820557 31
1738444564036 3.3476922512054443 32
1738444564037 3.488607406616211 33
1738444564038 3.4915528297424316 34
1738444564039 3.334986925125122 35
1738444564041 3.2916934490203857 36
1738444564042 3.4087188243865967 37
1738444564043 3.652684211730957 38
1738444564044 3.281278133392334 39
1738444564045 3.307157039642334 40
1738444564047 3.391207218170166 41
1738444564048 3.395164728164673 42
1738444564049 3.448482036590576 43
1738444564051 3.435410261154175 44
1738444564053 3.2840771675109863 45
1738444564055 3.3595733642578125 46
1738444564057 3.596966028213501 47
1738444564058 3.6892249584198 48
1738444564059 3.121093988418579 49
1738444564060 3.101771593093872 50
1738444564062 3.1373629570007324 51
1738444564063 3.5038340091705322 52
1738444564064 4.2453460693359375 53
1738444564065 3.5999112129211426 54
1738444564067 3.0623390674591064 55
1738444564068 3.009397506713867 56
1738444564069 3.046478271484375 57
1738444564071 3.08981990814209 58
1738444564072 3.2978615760803223 59
1738444564074 3.531581163406372 60
1738444564075 3.8282980918884277 61
1738444564076 3.4971985816955566 62
1738444564078 3.196499824523926 63
1738444564079 3.34675669670105 64
1738444564080 3.4877638816833496 65
1738444564081 33.222068786621094 66
1738444564082 6.3530192375183105 67
1738444564084 3.39347767829895 68
1738444564086 3.1154074668884277 69
1738444564088 3.0944790840148926 70
1738444564090 3.0521399974823 71
1738444564091 3.057403564453125 72
1738444564092 3.0619444847106934 73
1738444564093 3.091710090637207 74
1738444564095 3.091831684112549 75
1738444564096 3.0514791011810303 76
1738444564097 3.075191020965576 77
1738444564098 3.1151959896087646 78
1738444564099 3.077061176300049 79
1738444564101 3.0772311687469482 80
1738444564102 3.1452691555023193 81
1738444564104 3.077045202255249 82
1738444564106 3.104429006576538 83
1738444564107 3.063572883605957 84
1738444564108 3.151083469390869 85
1738444564109 3.1371982097625732 86
1738444564111 3.1813437938690186 87
1738444564112 3.2225897312164307 88
1738444564113 3.3299503326416016 89
1738444564114 3.3600966930389404 90
1738444564115 3.2980899810791016 91
1738444564116 3.3398590087890625 92
1738444564119 3.269686698913574 93
1738444564121 3.1426260471343994 94
1738444564123 3.182232141494751 95
1738444564124 3.349794387817383 96
1738444564125 3.295772075653076 97
1738444564127 3.5192975997924805 98
1738444564128 3.5827622413635254 99
1738444564129 3.53872013092041 100
1738444564130 3.9435341358184814 101
1738444564131 3.7425620555877686 102
1738444564132 3.1815788745880127 103
1738444564133 3.2272567749023438 104
1738444564135 3.3566107749938965 105
1738444564136 3.7188897132873535 106
1738444564138 3.922980308532715 107
1738444564140 3.508040428161621 108
1738444564141 3.2644426822662354 109
1738444564142 3.2888858318328857 110
1738444564143 3.425713300704956 111
1738444564145 3.5028867721557617 112
1738444564146 3.772017240524292 113
1738444564148 3.6212027072906494 114
1738444564150 3.364737033843994 115
1738444564152 3.5396533012390137 116
1738444564154 3.4329800605773926 117
1738444564155 3.4708945751190186 118
1738444564156 3.6512033939361572 119
