1738444563972 0.17722655832767487 0
1738444563974 0.17582030594348907 1
1738444563976 0.17277343571186066 2
1738444563978 0.17109374701976776 3
1738444563980 0.16796875 4
1738444563982 0.1710546910762787 5
1738444563985 0.17000000178813934 6
1738444563988 0.16667968034744263 7
1738444563990 0.1648828089237213 8
1738444563992 0.1697656214237213 9
1738444563995 0.16898436844348907 10
1738444563996 0.1653124988079071 11
1738444563998 0.16578124463558197 12
1738444564000 0.1664453148841858 13
1738444564003 0.16374999284744263 14
1738444564006 0.16664062440395355 15
1738444564008 0.16746093332767487 16
1738444564010 0.17156249284744263 17
1738444564012 0.16691406071186066 18
1738444564014 0.16859374940395355 19
1738444564016 0.1711718738079071 20
1738444564018 0.17015625536441803 21
1738444564020 0.16859374940395355 22
1738444564022 0.1694921851158142 23
1738444564023 0.16632813215255737 24
1738444564024 0.1678124964237213 25
1738444564026 0.16480468213558197 26
1738444564027 0.16605468094348907 27
1738444564028 0.1646093726158142 28
1738444564029 0.1693750023841858 29
1738444564031 0.16847656667232513 30
1738444564034 0.17058593034744263 31
1738444564036 0.16425780951976776 32
1738444564037 0.16765624284744263 33
1738444564038 0.16593749821186066 34
1738444564039 0.16710937023162842 35
1738444564041 0.17082031071186066 36
1738444564042 0.16750000417232513 37
1738444564043 0.16859374940395355 38
1738444564044 0.1668359339237213 39
1738444564045 0.17031249403953552 40
1738444564047 0.1675390601158142 41
1738444564048 0.16550780832767487 42
1738444564049 0.1651953160762787 43
1738444564051 0.16386719048023224 44
1738444564053 0.16539062559604645 45
1738444564055 0.1682421863079071 46
1738444564057 0.16882812976837158 47
1738444564058 0.16929687559604645 48
1738444564059 0.16249999403953552 49
1738444564060 0.16374999284744263 50
1738444564062 0.16441406309604645 51
1738444564063 0.1650390625 52
1738444564064 0.17148438096046448 53
1738444564065 0.16757813096046448 54
1738444564067 0.16734375059604645 55
1738444564068 0.16542968153953552 56
1738444564069 0.16117186844348907 57
1738444564071 0.16468749940395355 58
1738444564072 0.1691015660762787 59
1738444564074 0.16863280534744263 60
1738444564075 0.1704687476158142 61
1738444564076 0.1689453125 62
1738444564078 0.1618359386920929 63
1738444564079 0.16941405832767487 64
1738444564080 0.16710937023162842 65
1738444564081 0.16675780713558197 66
1738444564082 0.16816405951976776 67
1738444564084 0.16785156726837158 68
1738444564086 0.16429688036441803 69
1738444564088 0.1678124964237213 70
1738444564090 0.16761718690395355 71
1738444564091 0.16691406071186066 72
1738444564092 0.1665624976158142 73
1738444564093 0.17093749344348907 74
1738444564095 0.1653124988079071 75
1738444564096 0.16773436963558197 76
1738444564097 0.16515624523162842 77
1738444564098 0.16589844226837158 78
1738444564099 0.16484375298023224 79
1738444564101 0.1700781285762787 80
1738444564102 0.16828125715255737 81
1738444564104 0.1623828113079071 82
1738444564106 0.16765624284744263 83
1738444564107 0.1692187488079071 84
1738444564108 0.16996093094348907 85
1738444564109 0.17027343809604645 86
1738444564111 0.1681250035762787 87
1738444564112 0.17164061963558197 88
1738444564113 0.1678124964237213 89
1738444564114 0.17109374701976776 90
1738444564115 0.17042969167232513 91
1738444564116 0.16640624403953552 92
1738444564119 0.16249999403953552 93
1738444564121 0.16652344167232513 94
1738444564123 0.1665624976158142 95
1738444564124 0.1721484363079071 96
1738444564125 0.16632813215255737 97
1738444564127 0.1654687523841858 98
1738444564128 0.16355468332767487 99
1738444564129 0.16570311784744263 100
1738444564130 0.1696484386920929 101
1738444564131 0.1683984398841858 102
1738444564132 0.1682421863079071 103
1738444564133 0.16925781965255737 104
1738444564135 0.1664453148841858 105
1738444564136 0.1675390601158142 106
1738444564138 0.17039062082767487 107
1738444564140 0.16761718690395355 108
1738444564141 0.16609375178813934 109
1738444564142 0.1676953136920929 110
1738444564143 0.16941405832767487 111
1738444564145 0.16414062678813934 112
1738444564146 0.16835936903953552 113
1738444564148 0.1671484410762787 114
1738444564150 0.16511718928813934 115
1738444564152 0.1639062464237213 116
1738444564154 0.16343750059604645 117
1738444564155 0.16890625655651093 118
1738444564156 0.16886718571186066 119
