1738854849129 1.3019403219223022 0
1738854849131 1.0312294960021973 1
1738854849132 0.9085958003997803 2
1738854849134 0.8402309417724609 3
1738854849136 0.7830814123153687 4
1738854849139 0.7539724111557007 5
1738854849142 0.7217767238616943 6
1738854849143 0.6838670372962952 7
1738854849144 0.6697558760643005 8
1738854849145 0.6482701301574707 9
1738854849146 0.6374325752258301 10
1738854849148 0.6173416972160339 11
1738854849149 0.608359694480896 12
1738854849150 0.5875008702278137 13
1738854849152 0.5865839719772339 14
1738854849154 0.5718241333961487 15
1738854849156 0.5684491991996765 16
1738854849157 0.5565652251243591 17
1738854849158 0.5498812198638916 18
1738854849159 0.5364425182342529 19
1738854849161 0.5436784625053406 20
1738854849162 0.5361177921295166 21
1738854849164 0.5348628759384155 22
1738854849165 0.5320336818695068 23
1738854849168 0.5292997360229492 24
1738854849170 0.5137148499488831 25
1738854849171 0.508945643901825 26
1738854849173 0.4985734522342682 27
1738854849174 0.5154686570167542 28
1738854849175 0.5094765424728394 29
1738854849176 0.5004937648773193 30
1738854849178 0.4966137707233429 31
1738854849179 0.49009251594543457 32
1738854849180 0.4987703561782837 33
1738854849182 0.4945104718208313 34
1738854849183 0.4941160976886749 35
1738854849185 0.4782148599624634 36
1738854849188 0.4790964126586914 37
1738854849189 0.48009151220321655 38
1738854849191 0.4680331349372864 39
1738854849193 0.4767724573612213 40
1738854849194 0.4758091866970062 41
1738854849196 0.46361246705055237 42
1738854849197 0.46729716658592224 43
1738854849199 0.4665340185165405 44
1738854849201 0.45541873574256897 45
1738854849202 0.4657822847366333 46
1738854849204 0.4565417766571045 47
1738854849206 0.4576488435268402 48
1738854849208 0.4656468331813812 49
1738854849210 0.4631773829460144 50
1738854849211 0.44789615273475647 51
1738854849212 0.4514710307121277 52
1738854849214 0.4481675326824188 53
1738854849215 0.445088267326355 54
1738854849216 0.45169830322265625 55
1738854849218 0.45083874464035034 56
1738854849219 0.44674789905548096 57
1738854849221 0.43427959084510803 58
1738854849223 0.448289155960083 59
1738854849224 0.440851628780365 60
1738854849226 0.44446441531181335 61
1738854849227 0.4372667670249939 62
1738854849228 0.4378306269645691 63
1738854849229 0.42211082577705383 64
1738854849231 0.43638014793395996 65
1738854849232 0.43707430362701416 66
1738854849234 0.4239453375339508 67
1738854849235 0.42893603444099426 68
1738854849237 0.4304555058479309 69
1738854849239 0.4206331670284271 70
1738854849240 0.42240551114082336 71
1738854849242 0.42975470423698425 72
1738854849243 0.41681674122810364 73
1738854849245 0.4207841157913208 74
1738854849246 0.42326533794403076 75
1738854849247 0.4194515645503998 76
1738854849249 0.4215213656425476 77
1738854849250 0.4227583706378937 78
1738854849252 0.4207274913787842 79
1738854849253 0.4132755994796753 80
1738854849254 0.4149185121059418 81
1738854849255 0.4163423776626587 82
1738854849257 0.4184533655643463 83
1738854849258 0.40872108936309814 84
1738854849259 0.4207930862903595 85
1738854849260 0.4171046316623688 86
1738854849261 0.41406238079071045 87
1738854849263 0.4123697578907013 88
1738854849264 0.4098227024078369 89
1738854849265 0.40929001569747925 90
1738854849266 0.40840545296669006 91
1738854849267 0.41292065382003784 92
1738854849268 0.40905269980430603 93
1738854849269 0.4114656150341034 94
1738854849271 0.41300830245018005 95
1738854849272 0.40873169898986816 96
1738854849274 0.3997664153575897 97
1738854849276 0.39364251494407654 98
1738854849278 0.3990858793258667 99
1738854849280 0.4090668857097626 100
1738854849282 0.4121008813381195 101
1738854849283 0.38895145058631897 102
1738854849284 0.4031886160373688 103
1738854849285 0.3958214819431305 104
1738854849286 0.3978899419307709 105
1738854849288 0.40607789158821106 106
1738854849289 0.3927586078643799 107
1738854849290 0.39597129821777344 108
1738854849292 0.3940843939781189 109
1738854849293 0.39248207211494446 110
1738854849294 0.395399808883667 111
1738854849296 0.3970651924610138 112
1738854849298 0.3993586003780365 113
1738854849299 0.3933148980140686 114
1738854849300 0.4024970531463623 115
1738854849301 0.38490623235702515 116
1738854849303 0.3961590826511383 117
1738854849305 0.3916984498500824 118
1738854849307 0.3904082179069519 119
