1738854849129 0.4853515625 0
1738854849131 0.6040624976158142 1
1738854849132 0.6583593487739563 2
1738854849134 0.6919531226158142 3
1738854849136 0.7155078053474426 4
1738854849139 0.728710949420929 5
1738854849142 0.7405078411102295 6
1738854849143 0.7588281035423279 7
1738854849144 0.7636328339576721 8
1738854849145 0.7733203172683716 9
1738854849146 0.7790234088897705 10
1738854849148 0.7842187285423279 11
1738854849149 0.7890625 12
1738854849150 0.7985156178474426 13
1738854849152 0.7993749976158142 14
1738854849154 0.8043749928474426 15
1738854849156 0.8021093606948853 16
1738854849157 0.8095312714576721 17
1738854849158 0.811328113079071 18
1738854849159 0.8162500262260437 19
1738854849161 0.8155468702316284 20
1738854849162 0.8144140839576721 21
1738854849164 0.816601574420929 22
1738854849165 0.819531261920929 23
1738854849168 0.8182421922683716 24
1738854849170 0.8253124952316284 25
1738854849171 0.8268749713897705 26
1738854849173 0.8282421827316284 27
1738854849174 0.8238672018051147 28
1738854849175 0.8269140720367432 29
1738854849176 0.830273449420929 30
1738854849178 0.8308203220367432 31
1738854849179 0.8335156440734863 32
1738854849180 0.8314453363418579 33
1738854849182 0.8339453339576721 34
1738854849183 0.8355078101158142 35
1738854849185 0.8387109637260437 36
1738854849188 0.8392578363418579 37
1738854849189 0.8396875262260437 38
1738854849191 0.842968761920929 39
1738854849193 0.8395312428474426 40
1738854849194 0.8399218916893005 41
1738854849196 0.8423047065734863 42
1738854849197 0.8408203125 43
1738854849199 0.8447656035423279 44
1738854849201 0.8462890386581421 45
1738854849202 0.8443359136581421 46
1738854849204 0.8462890386581421 47
1738854849206 0.8455859422683716 48
1738854849208 0.8428124785423279 49
1738854849210 0.8441406488418579 50
1738854849211 0.8510546684265137 51
1738854849212 0.8500781059265137 52
1738854849214 0.8495703339576721 53
1738854849215 0.8520703315734863 54
1738854849216 0.8496484160423279 55
1738854849218 0.8488671779632568 56
1738854849219 0.8500781059265137 57
1738854849221 0.8535546660423279 58
1738854849223 0.8505859375 59
1738854849224 0.8491406440734863 60
1738854849226 0.8532031178474426 61
1738854849227 0.8530859351158142 62
1738854849228 0.8562109470367432 63
1738854849229 0.8592968583106995 64
1738854849231 0.8544140458106995 65
1738854849232 0.8534374833106995 66
1738854849234 0.8584765791893005 67
1738854849235 0.8556249737739563 68
1738854849237 0.8567968606948853 69
1738854849239 0.8569140434265137 70
1738854849240 0.8593359589576721 71
1738854849242 0.8538281321525574 72
1738854849243 0.8612890839576721 73
1738854849245 0.8585156202316284 74
1738854849246 0.8589843511581421 75
1738854849247 0.8615624904632568 76
1738854849249 0.8598437309265137 77
1738854849250 0.8561328053474426 78
1738854849252 0.8594921827316284 79
1738854849253 0.863085925579071 80
1738854849254 0.8618749976158142 81
1738854849255 0.8635937571525574 82
1738854849257 0.8622656464576721 83
1738854849258 0.8648437261581421 84
1738854849259 0.8612499833106995 85
1738854849260 0.8642578125 86
1738854849261 0.8617968559265137 87
1738854849263 0.8629297018051147 88
1738854849264 0.8616796731948853 89
1738854849265 0.8646093606948853 90
1738854849266 0.8639453053474426 91
1738854849267 0.8610937595367432 92
1738854849268 0.862500011920929 93
1738854849269 0.8628515601158142 94
1738854849271 0.8657031059265137 95
1738854849272 0.8635937571525574 96
1738854849274 0.8662890791893005 97
1738854849276 0.8705078363418579 98
1738854849278 0.8666796684265137 99
1738854849280 0.8660547137260437 100
1738854849282 0.8633984327316284 101
1738854849283 0.8689062595367432 102
1738854849284 0.8657422065734863 103
1738854849285 0.8671875 104
1738854849286 0.8701562285423279 105
1738854849288 0.8660937547683716 106
1738854849289 0.867382824420929 107
1738854849290 0.8692968487739563 108
1738854849292 0.8690624833106995 109
1738854849293 0.8687499761581421 110
1738854849294 0.8714452981948853 111
1738854849296 0.868945300579071 112
1738854849298 0.8678905963897705 113
1738854849299 0.8685156106948853 114
1738854849300 0.8683984279632568 115
1738854849301 0.8717187643051147 116
1738854849303 0.8682812452316284 117
1738854849305 0.8719531297683716 118
1738854849307 0.8719921708106995 119
