1738761281975 1.3671367168426514 0
1738761281978 1.124645709991455 1
1738761281980 1.0490226745605469 2
1738761281981 1.0088573694229126 3
1738761281983 0.9647411108016968 4
1738761281984 0.9397456645965576 5
1738761281986 0.9167112112045288 6
1738761281988 0.8861576318740845 7
1738761281989 0.8644060492515564 8
1738761281990 0.8662042021751404 9
1738761281991 0.846204400062561 10
1738761281992 0.8304865956306458 11
1738761281993 0.8196712732315063 12
1738761281995 0.8185813426971436 13
1738761281996 0.8145563006401062 14
1738761281997 0.8056334853172302 15
1738761281998 0.7944327592849731 16
1738761281999 0.7883857488632202 17
1738761282001 0.7795072197914124 18
1738761282004 0.7727957963943481 19
1738761282006 0.7768873572349548 20
1738761282007 0.7683402299880981 21
1738761282008 0.7687817215919495 22
1738761282009 0.7756444811820984 23
1738761282011 0.750141978263855 24
1738761282012 0.7609459757804871 25
1738761282013 0.7568199634552002 26
1738761282014 0.749220609664917 27
1738761282015 0.7569440603256226 28
1738761282017 0.7452643513679504 29
1738761282019 0.7536839246749878 30
1738761282020 0.7348780632019043 31
1738761282021 0.7316952347755432 32
1738761282022 0.7318636178970337 33
1738761282024 0.7332788705825806 34
1738761282025 0.7139375805854797 35
1738761282026 0.7309162616729736 36
1738761282027 0.7201602458953857 37
1738761282028 0.729373037815094 38
1738761282029 0.7104218006134033 39
1738761282031 0.7201622724533081 40
1738761282032 0.7241994738578796 41
1738761282033 0.716386616230011 42
1738761282035 0.7049899101257324 43
1738761282036 0.7128781676292419 44
1738761282037 0.7029846906661987 45
1738761282038 0.7134544849395752 46
1738761282039 0.7130056619644165 47
1738761282040 0.7003820538520813 48
1738761282041 0.7177996039390564 49
1738761282043 0.7013491988182068 50
1738761282044 0.7053359150886536 51
1738761282045 0.7009492516517639 52
1738761282046 0.6889672875404358 53
1738761282047 0.7032678723335266 54
1738761282049 0.6865770220756531 55
1738761282050 0.6893062591552734 56
1738761282051 0.6949089765548706 57
1738761282052 0.6945304274559021 58
1738761282053 0.6870962381362915 59
1738761282054 0.6908718943595886 60
1738761282055 0.6807599663734436 61
1738761282057 0.6809648871421814 62
1738761282058 0.6925061941146851 63
1738761282059 0.6833562254905701 64
1738761282060 0.6864349246025085 65
1738761282061 0.6971762776374817 66
1738761282062 0.6770144701004028 67
1738761282063 0.6847565174102783 68
1738761282064 0.6741945743560791 69
1738761282066 0.671887218952179 70
1738761282067 0.6855437755584717 71
1738761282068 0.6630147695541382 72
1738761282069 0.6808502078056335 73
1738761282070 0.666557788848877 74
1738761282071 0.6672549247741699 75
1738761282072 0.6792725920677185 76
1738761282074 0.6688809394836426 77
1738761282075 0.6753931641578674 78
1738761282076 0.6674603819847107 79
1738761282077 0.6638001799583435 80
1738761282078 0.6758807301521301 81
1738761282079 0.6775396466255188 82
1738761282080 0.6653949618339539 83
1738761282081 0.6772235631942749 84
1738761282083 0.6708943843841553 85
1738761282084 0.6654995083808899 86
1738761282085 0.6753785610198975 87
1738761282086 0.6639575362205505 88
1738761282087 0.6575128436088562 89
1738761282088 0.6709032654762268 90
1738761282089 0.6679401993751526 91
1738761282091 0.6736447215080261 92
1738761282092 0.6633671522140503 93
1738761282093 0.671953022480011 94
1738761282094 0.6644924879074097 95
1738761282095 0.6598411798477173 96
1738761282096 0.6624240279197693 97
1738761282097 0.6573312282562256 98
1738761282098 0.6585308909416199 99
1738761282100 0.6417830586433411 100
1738761282101 0.6581423878669739 101
1738761282102 0.658356785774231 102
1738761282103 0.6618831157684326 103
1738761282104 0.6574485898017883 104
1738761282106 0.6463310122489929 105
1738761282107 0.6534321308135986 106
1738761282108 0.6634497046470642 107
1738761282109 0.6582126617431641 108
1738761282110 0.6548613905906677 109
1738761282111 0.6605117321014404 110
1738761282112 0.6584753394126892 111
1738761282113 0.6573330760002136 112
1738761282115 0.652656078338623 113
1738761282116 0.6513153314590454 114
1738761282117 0.6571924090385437 115
1738761282118 0.6501306891441345 116
1738761282119 0.6509372591972351 117
1738761282120 0.650373101234436 118
1738761282121 0.6661166548728943 119
