1738761281975 0.4606249928474426 0
1738761281978 0.5673828125 1
1738761281980 0.6005859375 2
1738761281981 0.6163671612739563 3
1738761281983 0.6360937356948853 4
1738761281984 0.651171863079071 5
1738761281986 0.6582812666893005 6
1738761281988 0.6750390529632568 7
1738761281989 0.6849609613418579 8
1738761281990 0.6822656393051147 9
1738761281991 0.698046863079071 10
1738761281992 0.7069922089576721 11
1738761281993 0.7058984637260437 12
1738761281995 0.7083984613418579 13
1738761281996 0.7107812762260437 14
1738761281997 0.713671863079071 15
1738761281998 0.7214062213897705 16
1738761281999 0.7187109589576721 17
1738761282001 0.7261718511581421 18
1738761282004 0.7293359637260437 19
1738761282006 0.7307422161102295 20
1738761282007 0.7313671708106995 21
1738761282008 0.7341406345367432 22
1738761282009 0.7334374785423279 23
1738761282011 0.7423046827316284 24
1738761282012 0.7351953387260437 25
1738761282013 0.7405859231948853 26
1738761282014 0.73828125 27
1738761282015 0.7352734208106995 28
1738761282017 0.7423046827316284 29
1738761282019 0.7396093606948853 30
1738761282020 0.7484765648841858 31
1738761282021 0.7454296946525574 32
1738761282022 0.7457812428474426 33
1738761282024 0.7483984231948853 34
1738761282025 0.7556250095367432 35
1738761282026 0.7478906512260437 36
1738761282027 0.7488672137260437 37
1738761282028 0.7454687356948853 38
1738761282029 0.7566797137260437 39
1738761282031 0.750781238079071 40
1738761282032 0.7488672137260437 41
1738761282033 0.7528125047683716 42
1738761282035 0.7572265863418579 43
1738761282036 0.7564062476158142 44
1738761282037 0.757617175579071 45
1738761282038 0.7544531226158142 46
1738761282039 0.7538672089576721 47
1738761282040 0.7604687213897705 48
1738761282041 0.7525390386581421 49
1738761282043 0.7598437666893005 50
1738761282044 0.7561328411102295 51
1738761282045 0.7584765553474426 52
1738761282046 0.7603124976158142 53
1738761282047 0.7605859637260437 54
1738761282049 0.767382800579071 55
1738761282050 0.7652734518051147 56
1738761282051 0.7624609470367432 57
1738761282052 0.7640234231948853 58
1738761282053 0.7658593654632568 59
1738761282054 0.7639062404632568 60
1738761282055 0.7679687738418579 61
1738761282057 0.76953125 62
1738761282058 0.7633984088897705 63
1738761282059 0.768359363079071 64
1738761282060 0.7649999856948853 65
1738761282061 0.76171875 66
1738761282062 0.7701562643051147 67
1738761282063 0.7682421803474426 68
1738761282064 0.7727344036102295 69
1738761282066 0.7699999809265137 70
1738761282067 0.7681249976158142 71
1738761282068 0.7721484303474426 72
1738761282069 0.7673046588897705 73
1738761282070 0.7710156440734863 74
1738761282071 0.7710546851158142 75
1738761282072 0.7693750262260437 76
1738761282074 0.7749999761581421 77
1738761282075 0.7719531059265137 78
1738761282076 0.7764453291893005 79
1738761282077 0.7728906273841858 80
1738761282078 0.7683203220367432 81
1738761282079 0.7685937285423279 82
1738761282080 0.772656261920929 83
1738761282081 0.7708593606948853 84
1738761282083 0.7737109661102295 85
1738761282084 0.7729687690734863 86
1738761282085 0.7711328268051147 87
1738761282086 0.7757812738418579 88
1738761282087 0.7783593535423279 89
1738761282088 0.7714453339576721 90
1738761282089 0.774218738079071 91
1738761282091 0.7715625166893005 92
1738761282092 0.774609386920929 93
1738761282093 0.772265613079071 94
1738761282094 0.7725390791893005 95
1738761282095 0.7749609351158142 96
1738761282096 0.7757421731948853 97
1738761282097 0.7791796922683716 98
1738761282098 0.7767187356948853 99
1738761282100 0.7816796898841858 100
1738761282101 0.7780078053474426 101
1738761282102 0.7755078077316284 102
1738761282103 0.7753515839576721 103
1738761282104 0.7782421708106995 104
1738761282106 0.7793750166893005 105
1738761282107 0.7782031297683716 106
1738761282108 0.7735546827316284 107
1738761282109 0.7755468487739563 108
1738761282110 0.7780078053474426 109
1738761282111 0.7740625143051147 110
1738761282112 0.7781640887260437 111
1738761282113 0.7793359160423279 112
1738761282115 0.7791796922683716 113
1738761282116 0.7772656083106995 114
1738761282117 0.7774999737739563 115
1738761282118 0.7817187309265137 116
1738761282119 0.7785546779632568 117
1738761282120 0.7828124761581421 118
1738761282121 0.7746875286102295 119
