1738307430549 3.136767864227295 0
1738307430550 2.3004932403564453 1
1738307430552 1.8644087314605713 2
1738307430553 1.5652685165405273 3
1738307430555 1.3361499309539795 4
1738307430556 1.143692135810852 5
1738307430557 1.0119272470474243 6
1738307430558 0.9054508209228516 7
1738307430560 0.8506742119789124 8
1738307430561 0.7966910600662231 9
1738307430562 0.7598724365234375 10
1738307430563 0.7562928199768066 11
1738307430564 0.7597532868385315 12
1738307430566 0.7401444911956787 13
1738307430567 0.7213156223297119 14
1738307430568 0.7293567657470703 15
1738307430569 0.7430789470672607 16
1738307430570 0.7216446399688721 17
1738307430572 0.7289153933525085 18
1738307430573 0.7276480197906494 19
1738307430574 0.7482978105545044 20
1738307430575 0.7229813933372498 21
1738307430578 0.7186837792396545 22
1738307430579 0.716681718826294 23
1738307430580 0.7264467477798462 24
1738307430581 0.7248181700706482 25
1738307430582 0.7342826128005981 26
1738307430584 0.7226496934890747 27
