1738307430549 0.4088671803474426 0
1738307430550 0.6389453411102295 1
1738307430552 0.7360546588897705 2
1738307430553 0.775195300579071 3
1738307430555 0.7999218702316284 4
1738307430556 0.816601574420929 5
1738307430557 0.8243359327316284 6
1738307430558 0.834179699420929 7
1738307430560 0.8344531059265137 8
1738307430561 0.8385546803474426 9
1738307430562 0.8446875214576721 10
1738307430563 0.8430078029632568 11
1738307430564 0.8441796898841858 12
1738307430566 0.8470703363418579 13
1738307430567 0.8489843606948853 14
1738307430568 0.8505859375 15
1738307430569 0.8490625023841858 16
1738307430570 0.8538671731948853 17
1738307430572 0.8528125286102295 18
1738307430573 0.855273425579071 19
1738307430574 0.8475000262260437 20
1738307430575 0.8600390553474426 21
1738307430578 0.8551562428474426 22
1738307430579 0.8574609160423279 23
1738307430580 0.8549218773841858 24
1738307430581 0.8576953411102295 25
1738307430582 0.8549609184265137 26
1738307430584 0.8567968606948853 27
