1738432000562 1.7616428136825562 0
1738432000564 1.5421165227890015 1
1738432000565 1.4736028909683228 2
1738432000566 1.4112063646316528 3
1738432000568 1.3919143676757812 4
1738432000570 1.372524619102478 5
1738432000572 1.3520779609680176 6
1738432000574 1.3393125534057617 7
1738432000577 1.3331550359725952 8
1738432000578 1.32198166847229 9
1738432000580 1.3148492574691772 10
1738432000581 1.3109568357467651 11
1738432000582 1.3082727193832397 12
1738432000583 1.3040385246276855 13
1738432000585 1.304724931716919 14
1738432000586 1.2842310667037964 15
1738432000587 1.292425513267517 16
1738432000589 1.294985294342041 17
1738432000590 1.2872798442840576 18
1738432000591 1.2877296209335327 19
1738432000593 1.2697532176971436 20
1738432000594 1.2580478191375732 21
1738432000595 1.2855044603347778 22
1738432000597 1.265800952911377 23
1738432000598 1.2683701515197754 24
1738432000599 1.2680820226669312 25
1738432000601 1.2517495155334473 26
1738432000602 1.2580950260162354 27
1738432000603 1.2552701234817505 28
1738432000605 1.2533385753631592 29
1738432000606 1.2539082765579224 30
1738432000607 1.2446768283843994 31
1738432000608 1.2465749979019165 32
1738432000610 1.2430014610290527 33
1738432000611 1.2410078048706055 34
1738432000612 1.2430081367492676 35
1738432000614 1.2434754371643066 36
1738432000615 1.2367007732391357 37
1738432000617 1.2311774492263794 38
1738432000618 1.2395412921905518 39
1738432000619 1.2328132390975952 40
1738432000620 1.2350387573242188 41
1738432000621 1.2286704778671265 42
1738432000622 1.2306134700775146 43
1738432000623 1.2330749034881592 44
1738432000624 1.230833649635315 45
1738432000625 1.2311687469482422 46
1738432000627 1.2446722984313965 47
1738432000628 1.2218022346496582 48
1738432000629 1.2242157459259033 49
1738432000630 1.2335419654846191 50
1738432000631 1.2221553325653076 51
1738432000632 1.2287707328796387 52
1738432000633 1.230385184288025 53
1738432000634 1.2262250185012817 54
1738432000635 1.225796103477478 55
1738432000636 1.2163583040237427 56
1738432000637 1.2190932035446167 57
1738432000639 1.213331699371338 58
1738432000640 1.2221778631210327 59
1738432000641 1.219294548034668 60
1738432000642 1.2147972583770752 61
1738432000643 1.21485435962677 62
1738432000644 1.2228113412857056 63
1738432000645 1.2282785177230835 64
1738432000646 1.2180426120758057 65
1738432000648 1.2099231481552124 66
1738432000649 1.219402551651001 67
1738432000650 1.2172306776046753 68
1738432000651 1.208666205406189 69
1738432000652 1.2104052305221558 70
1738432000653 1.2103039026260376 71
1738432000654 1.224338173866272 72
1738432000655 1.2114167213439941 73
1738432000656 1.2232732772827148 74
1738432000658 1.2052576541900635 75
1738432000659 1.2182279825210571 76
1738432000660 1.2107839584350586 77
1738432000661 1.2146522998809814 78
1738432000662 1.2012745141983032 79
1738432000663 1.204188346862793 80
1738432000664 1.2059662342071533 81
1738432000665 1.2004046440124512 82
1738432000666 1.2134976387023926 83
1738432000668 1.2134242057800293 84
1738432000669 1.207679033279419 85
1738432000670 1.200446605682373 86
1738432000671 1.2124607563018799 87
1738432000672 1.1974921226501465 88
1738432000673 1.2037602663040161 89
1738432000674 1.1931438446044922 90
1738432000675 1.1972041130065918 91
1738432000677 1.2083932161331177 92
1738432000678 1.1980396509170532 93
1738432000679 1.2141512632369995 94
1738432000680 1.1969523429870605 95
1738432000681 1.2091158628463745 96
1738432000682 1.1986321210861206 97
1738432000683 1.1985172033309937 98
1738432000684 1.1911821365356445 99
1738432000685 1.198533296585083 100
1738432000687 1.1994619369506836 101
1738432000688 1.1985349655151367 102
1738432000689 1.1818995475769043 103
1738432000690 1.2058253288269043 104
1738432000691 1.1873157024383545 105
1738432000692 1.1955360174179077 106
1738432000693 1.1925867795944214 107
1738432000694 1.1978646516799927 108
1738432000696 1.198100209236145 109
1738432000697 1.19011390209198 110
1738432000698 1.1934136152267456 111
1738432000699 1.1981006860733032 112
1738432000700 1.203361988067627 113
1738432000701 1.1951273679733276 114
1738432000702 1.1863783597946167 115
1738432000703 1.203565001487732 116
1738432000705 1.18340003490448 117
1738432000706 1.1912480592727661 118
1738432000707 1.198784589767456 119
