1738432000562 0.2711718678474426 0
1738432000564 0.37523436546325684 1
1738432000565 0.4137499928474426 2
1738432000566 0.44972655177116394 3
1738432000568 0.4567578136920929 4
1738432000570 0.4676562547683716 5
1738432000572 0.47679686546325684 6
1738432000574 0.48218750953674316 7
1738432000577 0.4895703196525574 8
1738432000578 0.4916406273841858 9
1738432000580 0.4976562559604645 10
1738432000581 0.4978906214237213 11
1738432000582 0.4994531273841858 12
1738432000583 0.4984374940395355 13
1738432000585 0.49921876192092896 14
1738432000586 0.5064843893051147 15
1738432000587 0.5083593726158142 16
1738432000589 0.5049999952316284 17
1738432000590 0.505078136920929 18
1738432000591 0.5091406106948853 19
1738432000593 0.5143749713897705 20
1738432000594 0.5234765410423279 21
1738432000595 0.5074218511581421 22
1738432000597 0.5148828029632568 23
1738432000598 0.5175390839576721 24
1738432000599 0.5178906321525574 25
1738432000601 0.5187890529632568 26
1738432000602 0.5229296684265137 27
1738432000603 0.519726574420929 28
1738432000605 0.5236718654632568 29
1738432000606 0.5210937261581421 30
1738432000607 0.5266406536102295 31
1738432000608 0.5303124785423279 32
1738432000610 0.5282031297683716 33
1738432000611 0.5283984541893005 34
1738432000612 0.5273827910423279 35
1738432000614 0.5293359160423279 36
1738432000615 0.5311718583106995 37
1738432000617 0.5296875238418579 38
1738432000618 0.5306640863418579 39
1738432000619 0.5269531011581421 40
1738432000620 0.5264062285423279 41
1738432000621 0.5283593535423279 42
1738432000622 0.5351952910423279 43
1738432000623 0.529492199420929 44
1738432000624 0.5293359160423279 45
1738432000625 0.530078113079071 46
1738432000627 0.5284374952316284 47
1738432000628 0.5321093797683716 48
1738432000629 0.5347265601158142 49
1738432000630 0.5340625047683716 50
1738432000631 0.5340625047683716 51
1738432000632 0.5309374928474426 52
1738432000633 0.5322656035423279 53
1738432000634 0.5307812690734863 54
1738432000635 0.5355468988418579 55
1738432000636 0.5373828411102295 56
1738432000637 0.537109375 57
1738432000639 0.5393750071525574 58
1738432000640 0.540820300579071 59
1738432000641 0.5363671779632568 60
1738432000642 0.5379687547683716 61
1738432000643 0.5380859375 62
1738432000644 0.5360546708106995 63
1738432000645 0.5325000286102295 64
1738432000646 0.5354297161102295 65
1738432000648 0.5400781035423279 66
1738432000649 0.5399218797683716 67
1738432000650 0.5391406416893005 68
1738432000651 0.5414062738418579 69
1738432000652 0.5412890911102295 70
1738432000653 0.541015625 71
1738432000654 0.5354297161102295 72
1738432000655 0.5382031202316284 73
1738432000656 0.538281261920929 74
1738432000658 0.5466406345367432 75
1738432000659 0.5337499976158142 76
1738432000660 0.5391015410423279 77
1738432000661 0.5407421588897705 78
1738432000662 0.5415624976158142 79
1738432000663 0.5405859351158142 80
1738432000664 0.5424218773841858 81
1738432000665 0.5443359613418579 82
1738432000666 0.537890613079071 83
1738432000668 0.5364062786102295 84
1738432000669 0.54296875 85
1738432000670 0.5457422137260437 86
1738432000671 0.5375000238418579 87
1738432000672 0.5448046922683716 88
1738432000673 0.5453906059265137 89
1738432000674 0.5478125214576721 90
1738432000675 0.5465234518051147 91
1738432000677 0.5400390625 92
1738432000678 0.5452734231948853 93
1738432000679 0.5389843583106995 94
1738432000680 0.5410546660423279 95
1738432000681 0.5414453148841858 96
1738432000682 0.5510156154632568 97
1738432000683 0.5434374809265137 98
1738432000684 0.5430859327316284 99
1738432000685 0.5425390601158142 100
1738432000687 0.5403906106948853 101
1738432000688 0.5398828387260437 102
1738432000689 0.5508593916893005 103
1738432000690 0.5403515696525574 104
1738432000691 0.5463281273841858 105
1738432000692 0.5445703268051147 106
1738432000693 0.5403515696525574 107
1738432000694 0.5461719036102295 108
1738432000696 0.5432422161102295 109
1738432000697 0.5434374809265137 110
1738432000698 0.5446875095367432 111
1738432000699 0.5432422161102295 112
1738432000700 0.5427343845367432 113
1738432000701 0.5441796779632568 114
1738432000702 0.5446093678474426 115
1738432000703 0.5453515648841858 116
1738432000705 0.5463281273841858 117
1738432000706 0.5431249737739563 118
1738432000707 0.544726550579071 119
