1738112873071 6.156914234161377 0
1738112873073 4.055596351623535 1
1738112873074 1.8734958171844482 2
1738112873076 1.694242238998413 3
1738112873077 1.609056830406189 4
1738112873079 1.5945228338241577 5
1738112873080 1.5171022415161133 6
1738112873082 1.5346555709838867 7
1738112873083 295.00506591796875 8
1738112873085 29.765911102294922 9
1738112873086 3.023989677429199 10
1738112873087 2.283693552017212 11
1738112873089 1.9917235374450684 12
1738112873090 1.9556870460510254 13
1738112873091 1.938564658164978 14
