1738112873071 0.1898828148841858 0
1738112873073 0.1865234375 1
1738112873074 0.2737109363079071 2
1738112873076 0.31757813692092896 3
1738112873077 0.3610546886920929 4
1738112873079 0.3657812476158142 5
1738112873080 0.4039843678474426 6
1738112873082 0.41039061546325684 7
1738112873083 0.2731249928474426 8
1738112873085 0.16117186844348907 9
1738112873086 0.17753906548023224 10
1738112873087 0.19257812201976776 11
1738112873089 0.21496093273162842 12
1738112873090 0.22394531965255737 13
1738112873091 0.22480468451976776 14
