1738447070519 0.41187500953674316 0
1738447070521 0.509765625 1
1738447070523 0.5442578196525574 2
1738447070525 0.5649218559265137 3
1738447070527 0.5766406059265137 4
1738447070529 0.5897656083106995 5
1738447070532 0.5956640839576721 6
1738447070533 0.6025000214576721 7
1738447070536 0.6042578220367432 8
1738447070538 0.6181250214576721 9
1738447070539 0.6208202838897705 10
1738447070541 0.6242969036102295 11
1738447070542 0.6285547018051147 12
1738447070544 0.6354687213897705 13
1738447070547 0.6358593702316284 14
1738447070548 0.6478906273841858 15
1738447070550 0.6419140696525574 16
1738447070552 0.6490625143051147 17
1738447070553 0.6497265696525574 18
1738447070555 0.6580859422683716 19
1738447070556 0.6544140577316284 20
1738447070557 0.6598827838897705 21
1738447070559 0.6686718463897705 22
1738447070562 0.6592578291893005 23
1738447070564 0.664843738079071 24
1738447070565 0.6666015386581421 25
1738447070567 0.6661718487739563 26
1738447070569 0.6741796731948853 27
1738447070571 0.6673046946525574 28
1738447070572 0.6717187762260437 29
1738447070574 0.67578125 30
1738447070576 0.6750390529632568 31
1738447070577 0.6807031035423279 32
1738447070580 0.6735937595367432 33
1738447070583 0.6806250214576721 34
1738447070585 0.6832031011581421 35
1738447070587 0.6800390481948853 36
1738447070588 0.6887109279632568 37
1738447070591 0.6817968487739563 38
1738447070592 0.6867578029632568 39
1738447070594 0.6881640553474426 40
1738447070595 0.6855078339576721 41
1738447070597 0.6933203339576721 42
1738447070599 0.683398425579071 43
1738447070600 0.6879296898841858 44
1738447070602 0.6871874928474426 45
1738447070604 0.6927734613418579 46
1738447070606 0.6878125071525574 47
1738447070607 0.6900781393051147 48
1738447070608 0.697460949420929 49
1738447070610 0.6941797137260437 50
1738447070612 0.6945703029632568 51
1738447070614 0.6927343606948853 52
1738447070616 0.693359375 53
1738447070618 0.6992968916893005 54
1738447070619 0.7001562714576721 55
1738447070621 0.6957812309265137 56
1738447070622 0.7028124928474426 57
1738447070624 0.7001953125 58
1738447070625 0.6964452862739563 59
1738447070627 0.6976562738418579 60
1738447070631 0.6998828053474426 61
1738447070634 0.7017187476158142 62
1738447070635 0.7004296779632568 63
1738447070638 0.7017968893051147 64
1738447070641 0.704296886920929 65
1738447070643 0.7031640410423279 66
1738447070646 0.7002343535423279 67
1738447070649 0.703320324420929 68
1738447070651 0.7060156464576721 69
1738447070654 0.7033984661102295 70
1738447070656 0.7077343463897705 71
1738447070659 0.7045702934265137 72
1738447070661 0.7035546898841858 73
1738447070664 0.7029687762260437 74
1738447070666 0.7062890529632568 75
1738447070669 0.7083593606948853 76
1738447070671 0.7067968845367432 77
1738447070674 0.7078906297683716 78
1738447070676 0.7062109112739563 79
1738447070679 0.7070702910423279 80
1738447070683 0.712109386920929 81
1738447070684 0.7054296731948853 82
1738447070687 0.7071484327316284 83
1738447070689 0.7105078101158142 84
1738447070691 0.7087500095367432 85
1738447070693 0.7107812762260437 86
1738447070695 0.7070702910423279 87
1738447070698 0.7118750214576721 88
1738447070700 0.7089062333106995 89
1738447070703 0.711718738079071 90
1738447070705 0.7121875286102295 91
1738447070707 0.712109386920929 92
1738447070709 0.719921886920929 93
1738447070711 0.7115625143051147 94
1738447070714 0.7121484279632568 95
1738447070716 0.7185937762260437 96
1738447070718 0.7149999737739563 97
1738447070721 0.7152343988418579 98
1738447070723 0.7127344012260437 99
1738447070726 0.714648425579071 100
1738447070729 0.7128124833106995 101
1738447070731 0.7144922018051147 102
1738447070734 0.7163281440734863 103
1738447070736 0.7161718606948853 104
1738447070738 0.7108593583106995 105
1738447070740 0.7162890434265137 106
1738447070741 0.7107812762260437 107
1738447070743 0.717968761920929 108
1738447070745 0.721484363079071 109
1738447070747 0.7151562571525574 110
1738447070748 0.7167187333106995 111
1738447070750 0.7168750166893005 112
1738447070751 0.7187890410423279 113
1738447070752 0.7172265648841858 114
1738447070754 0.7171093821525574 115
1738447070755 0.7173827886581421 116
1738447070757 0.716601550579071 117
1738447070758 0.7173047065734863 118
1738447070760 0.7142968773841858 119
