1738447070519 1.479875087738037 0
1738447070521 1.2539150714874268 1
1738447070523 1.185699701309204 2
1738447070525 1.1362422704696655 3
1738447070527 1.1111629009246826 4
1738447070529 1.0825326442718506 5
1738447070532 1.0636589527130127 6
1738447070533 1.0465699434280396 7
1738447070536 1.0413851737976074 8
1738447070538 1.018613338470459 9
1738447070539 1.0097763538360596 10
1738447070541 0.9943354725837708 11
1738447070542 0.9965152144432068 12
1738447070544 0.9811914563179016 13
1738447070547 0.9800399541854858 14
1738447070548 0.960854709148407 15
1738447070550 0.9658300876617432 16
1738447070552 0.9546416997909546 17
1738447070553 0.9532595872879028 18
1738447070555 0.9324185252189636 19
1738447070556 0.9404520392417908 20
1738447070557 0.9351398944854736 21
1738447070559 0.9247648119926453 22
1738447070562 0.9404571652412415 23
1738447070564 0.9284327030181885 24
1738447070565 0.9211010932922363 25
1738447070567 0.9262605309486389 26
1738447070569 0.9140878319740295 27
1738447070571 0.9247386455535889 28
1738447070572 0.9121682047843933 29
1738447070574 0.9020123481750488 30
1738447070576 0.9112064838409424 31
1738447070577 0.9004762768745422 32
1738447070580 0.9100047945976257 33
1738447070583 0.9101837277412415 34
1738447070585 0.8838146924972534 35
1738447070587 0.8929253220558167 36
1738447070588 0.8835089206695557 37
1738447070591 0.89301598072052 38
1738447070592 0.8840159773826599 39
1738447070594 0.8827828764915466 40
1738447070595 0.8813562989234924 41
1738447070597 0.8796371221542358 42
1738447070599 0.8926742076873779 43
1738447070600 0.8734419345855713 44
1738447070602 0.8869772553443909 45
1738447070604 0.8738627433776855 46
1738447070606 0.8792703151702881 47
1738447070607 0.8802181482315063 48
1738447070608 0.8671996593475342 49
1738447070610 0.8636678457260132 50
1738447070612 0.8729197978973389 51
1738447070614 0.8734877109527588 52
1738447070616 0.8642252087593079 53
1738447070618 0.86602383852005 54
1738447070619 0.8530469536781311 55
1738447070621 0.8633336424827576 56
1738447070622 0.8602024912834167 57
1738447070624 0.8615729808807373 58
1738447070625 0.8655301928520203 59
1738447070627 0.8644583821296692 60
1738447070631 0.8562510013580322 61
1738447070634 0.8577169179916382 62
1738447070635 0.8620693683624268 63
1738447070638 0.8579948544502258 64
1738447070641 0.8451409339904785 65
1738447070643 0.8481624722480774 66
1738447070646 0.8540753722190857 67
1738447070649 0.8500609397888184 68
1738447070651 0.8427902460098267 69
1738447070654 0.8499624133110046 70
1738447070656 0.8446606993675232 71
1738447070659 0.8514008522033691 72
1738447070661 0.8435065746307373 73
1738447070664 0.8517665266990662 74
1738447070666 0.8466668725013733 75
1738447070669 0.8492085933685303 76
1738447070671 0.8467352390289307 77
1738447070674 0.8363291025161743 78
1738447070676 0.8463958501815796 79
1738447070679 0.8425852060317993 80
1738447070683 0.8410516381263733 81
1738447070684 0.8449507355690002 82
1738447070687 0.8389264941215515 83
1738447070689 0.8326190710067749 84
1738447070691 0.8382393717765808 85
1738447070693 0.8335650563240051 86
1738447070695 0.839111328125 87
1738447070698 0.8330332040786743 88
1738447070700 0.8378123641014099 89
1738447070703 0.8356818556785583 90
1738447070705 0.8260084390640259 91
1738447070707 0.8352667093276978 92
1738447070709 0.8160672783851624 93
1738447070711 0.8338481783866882 94
1738447070714 0.8334900140762329 95
1738447070716 0.8228302597999573 96
1738447070718 0.8228145837783813 97
1738447070721 0.8284360766410828 98
1738447070723 0.8205769062042236 99
1738447070726 0.8204004764556885 100
1738447070729 0.8313697576522827 101
1738447070731 0.8207078576087952 102
1738447070734 0.8298296928405762 103
1738447070736 0.8177516460418701 104
1738447070738 0.8282849788665771 105
1738447070740 0.8213451504707336 106
1738447070741 0.8241112232208252 107
1738447070743 0.8182691931724548 108
1738447070745 0.8208062648773193 109
1738447070747 0.8304503560066223 110
1738447070748 0.8116834163665771 111
1738447070750 0.8171688914299011 112
1738447070751 0.8238745331764221 113
1738447070752 0.819071352481842 114
1738447070754 0.8209108710289001 115
1738447070755 0.8195787072181702 116
1738447070757 0.821122407913208 117
1738447070758 0.8243768215179443 118
1738447070760 0.8231143951416016 119
