1738443638074 0.2737109363079071 0
1738443638075 0.3742968738079071 1
1738443638078 0.4173828065395355 2
1738443638081 0.4432421922683716 3
1738443638082 0.4626171886920929 4
1738443638084 0.47414061427116394 5
1738443638086 0.47902342677116394 6
1738443638088 0.4880078136920929 7
1738443638090 0.48179686069488525 8
1738443638091 0.4930078089237213 9
1738443638094 0.5010156035423279 10
1738443638095 0.4983203113079071 11
1738443638097 0.4986328184604645 12
1738443638098 0.5070703029632568 13
1738443638099 0.5005468726158142 14
1738443638100 0.51171875 15
1738443638101 0.5025781393051147 16
1738443638103 0.508984386920929 17
1738443638104 0.5145312547683716 18
1738443638105 0.5064062476158142 19
1738443638106 0.5089062452316284 20
1738443638108 0.5100781321525574 21
1738443638109 0.5142577886581421 22
1738443638112 0.5102343559265137 23
1738443638113 0.514843761920929 24
1738443638115 0.516796886920929 25
1738443638116 0.5235546827316284 26
1738443638117 0.5204687714576721 27
1738443638118 0.5217578411102295 28
1738443638119 0.5189453363418579 29
1738443638120 0.5191015601158142 30
1738443638122 0.5228906273841858 31
1738443638123 0.5243359208106995 32
1738443638124 0.5237890481948853 33
1738443638125 0.5233984589576721 34
1738443638127 0.5260937213897705 35
1738443638129 0.5282421708106995 36
1738443638131 0.5280468463897705 37
1738443638132 0.5233984589576721 38
1738443638133 0.524609386920929 39
1738443638134 0.5295703411102295 40
1738443638135 0.5274218916893005 41
1738443638137 0.5245702862739563 42
1738443638138 0.5249999761581421 43
1738443638139 0.5301562547683716 44
1738443638140 0.5306249856948853 45
1738443638142 0.5285546779632568 46
1738443638143 0.5265234112739563 47
1738443638145 0.5362499952316284 48
1738443638146 0.5302343964576721 49
1738443638147 0.5252344012260437 50
1738443638149 0.5292578339576721 51
1738443638150 0.5298827886581421 52
1738443638151 0.5341406464576721 53
1738443638152 0.5385156273841858 54
1738443638153 0.5284765362739563 55
1738443638155 0.5292187333106995 56
1738443638156 0.5305469036102295 57
1738443638157 0.5333203077316284 58
1738443638158 0.5323437452316284 59
1738443638159 0.5288281440734863 60
1738443638162 0.5330469012260437 61
1738443638163 0.5302343964576721 62
1738443638164 0.5272265672683716 63
1738443638165 0.5326562523841858 64
1738443638167 0.5323047041893005 65
1738443638168 0.5344140529632568 66
1738443638169 0.5359765887260437 67
1738443638170 0.5314062237739563 68
1738443638171 0.5365234613418579 69
1738443638172 0.5341406464576721 70
1738443638174 0.5389453172683716 71
1738443638175 0.5402734279632568 72
1738443638177 0.538867175579071 73
1738443638179 0.5407031178474426 74
1738443638180 0.5421484112739563 75
1738443638181 0.5436718463897705 76
1738443638183 0.540820300579071 77
1738443638184 0.5394531488418579 78
1738443638185 0.5428515672683716 79
1738443638186 0.5362109541893005 80
1738443638187 0.5389843583106995 81
1738443638188 0.5357421636581421 82
1738443638189 0.542187511920929 83
1738443638191 0.5414062738418579 84
1738443638192 0.5397655963897705 85
1738443638193 0.5381249785423279 86
1738443638195 0.5390234589576721 87
1738443638196 0.5401172041893005 88
1738443638197 0.5341796875 89
1738443638199 0.5403515696525574 90
1738443638200 0.5432422161102295 91
1738443638201 0.5413281321525574 92
1738443638202 0.541015625 93
1738443638204 0.5434374809265137 94
1738443638205 0.5385937690734863 95
1738443638206 0.5446875095367432 96
1738443638207 0.5393750071525574 97
1738443638208 0.5427343845367432 98
1738443638210 0.5373828411102295 99
1738443638211 0.5405077934265137 100
1738443638212 0.5367187261581421 101
1738443638213 0.5442187786102295 102
1738443638215 0.5411718487739563 103
1738443638216 0.5395703315734863 104
1738443638217 0.5445312261581421 105
1738443638218 0.5385937690734863 106
1738443638219 0.5440624952316284 107
1738443638220 0.5437890887260437 108
1738443638221 0.5483984351158142 109
1738443638222 0.5419531464576721 110
1738443638223 0.543164074420929 111
1738443638225 0.545117199420929 112
1738443638226 0.5430859327316284 113
1738443638227 0.5472656488418579 114
1738443638228 0.5429297089576721 115
1738443638230 0.5443359613418579 116
1738443638231 0.5502734184265137 117
1738443638232 0.541796863079071 118
1738443638233 0.5365234613418579 119
