1738443638074 1.7641879320144653 0
1738443638075 1.5371497869491577 1
1738443638078 1.4619925022125244 2
1738443638081 1.4110957384109497 3
1738443638082 1.3910850286483765 4
1738443638084 1.3671793937683105 5
1738443638086 1.357749581336975 6
1738443638088 1.3400689363479614 7
1738443638090 1.3356648683547974 8
1738443638091 1.3164410591125488 9
1738443638094 1.3146916627883911 10
1738443638095 1.310909628868103 11
1738443638097 1.3074039220809937 12
1738443638098 1.293639063835144 13
1738443638099 1.303494930267334 14
1738443638100 1.2870739698410034 15
1738443638101 1.3036388158798218 16
1738443638103 1.2907475233078003 17
1738443638104 1.285631537437439 18
1738443638105 1.2901402711868286 19
1738443638106 1.2808092832565308 20
1738443638108 1.2804572582244873 21
1738443638109 1.2765847444534302 22
1738443638112 1.2731387615203857 23
1738443638113 1.276334285736084 24
1738443638115 1.2665976285934448 25
1738443638116 1.2555781602859497 26
1738443638117 1.2606769800186157 27
1738443638118 1.2544896602630615 28
1738443638119 1.266356348991394 29
1738443638120 1.2632794380187988 30
1738443638122 1.2534749507904053 31
1738443638123 1.2514499425888062 32
1738443638124 1.252100944519043 33
1738443638125 1.2479908466339111 34
1738443638127 1.2508578300476074 35
1738443638129 1.235093116760254 36
1738443638131 1.2416150569915771 37
1738443638132 1.2512633800506592 38
1738443638133 1.2520735263824463 39
1738443638134 1.2426828145980835 40
1738443638135 1.238960862159729 41
1738443638137 1.2496461868286133 42
1738443638138 1.2395838499069214 43
1738443638139 1.2411020994186401 44
1738443638140 1.2346230745315552 45
1738443638142 1.234770655632019 46
1738443638143 1.2422152757644653 47
1738443638145 1.2297966480255127 48
1738443638146 1.2342609167099 49
1738443638147 1.2470329999923706 50
1738443638149 1.2333531379699707 51
1738443638150 1.228957176208496 52
1738443638151 1.2192474603652954 53
1738443638152 1.2158265113830566 54
1738443638153 1.2329143285751343 55
1738443638155 1.2277988195419312 56
1738443638156 1.2258617877960205 57
1738443638157 1.2308003902435303 58
1738443638158 1.2234359979629517 59
1738443638159 1.2313182353973389 60
1738443638162 1.2285799980163574 61
1738443638163 1.2314025163650513 62
1738443638164 1.2253683805465698 63
1738443638165 1.2179100513458252 64
1738443638167 1.2217421531677246 65
1738443638168 1.224786639213562 66
1738443638169 1.2218400239944458 67
1738443638170 1.2293483018875122 68
1738443638171 1.2169748544692993 69
1738443638172 1.2208529710769653 70
1738443638174 1.2182188034057617 71
1738443638175 1.2108922004699707 72
1738443638177 1.213878870010376 73
1738443638179 1.2104841470718384 74
1738443638180 1.2070671319961548 75
1738443638181 1.1991811990737915 76
1738443638183 1.2080687284469604 77
1738443638184 1.211572289466858 78
1738443638185 1.2069469690322876 79
1738443638186 1.2136952877044678 80
1738443638187 1.2067700624465942 81
1738443638188 1.2105408906936646 82
1738443638189 1.202681303024292 83
1738443638191 1.201490879058838 84
1738443638192 1.2110227346420288 85
1738443638193 1.207666039466858 86
1738443638195 1.210354208946228 87
1738443638196 1.2032948732376099 88
1738443638197 1.2079668045043945 89
1738443638199 1.2141720056533813 90
1738443638200 1.1925781965255737 91
1738443638201 1.2121509313583374 92
1738443638202 1.207563042640686 93
1738443638204 1.2041332721710205 94
1738443638205 1.20480215549469 95
1738443638206 1.2055153846740723 96
1738443638207 1.208590030670166 97
1738443638208 1.2015905380249023 98
1738443638210 1.2069575786590576 99
1738443638211 1.2026174068450928 100
1738443638212 1.2125804424285889 101
1738443638213 1.1954549551010132 102
1738443638215 1.198289155960083 103
1738443638216 1.2103651762008667 104
1738443638217 1.1856136322021484 105
1738443638218 1.2085705995559692 106
1738443638219 1.1947160959243774 107
1738443638220 1.2026822566986084 108
1738443638221 1.189247727394104 109
1738443638222 1.2056201696395874 110
1738443638223 1.1961783170700073 111
1738443638225 1.1981441974639893 112
1738443638226 1.1988662481307983 113
1738443638227 1.1887363195419312 114
1738443638228 1.1959189176559448 115
1738443638230 1.1977277994155884 116
1738443638231 1.1890535354614258 117
1738443638232 1.2042847871780396 118
1738443638233 1.1985182762145996 119
