1738018960689 2.178205966949463 0
1738018960691 1.490598440170288 1
1738018960692 1.289656162261963 2
1738018960693 1.1642969846725464 3
1738018960694 1.0832422971725464 4
1738018960695 1.0762096643447876 5
1738018960696 1.0079480409622192 6
1738018960697 0.959256649017334 7
1738018960699 0.9040898680686951 8
1738018960700 0.9041295051574707 9
1738018960701 0.8624159097671509 10
1738018960702 0.862508237361908 11
1738018960704 0.8086574673652649 12
1738018960705 0.8199538588523865 13
1738018960707 0.7915247082710266 14
1738018960709 0.7667591571807861 15
1738018960710 0.7574589252471924 16
1738018960711 0.7579166889190674 17
1738018960712 0.7620118856430054 18
1738018960713 0.7206897139549255 19
1738018960715 0.7580153942108154 20
1738018960717 0.732292890548706 21
1738018960718 0.7015835046768188 22
1738018960719 0.6779124736785889 23
1738018960720 0.7209522128105164 24
1738018960721 0.6793292760848999 25
1738018960722 0.6583949327468872 26
1738018960723 0.656583309173584 27
1738018960724 0.6467179656028748 28
1738018960725 0.6415889263153076 29
1738018960726 0.6307582855224609 30
1738018960727 0.6282221078872681 31
1738018960728 0.6206240653991699 32
1738018960729 0.6202253103256226 33
1738018960730 0.5966047048568726 34
1738018960731 0.6177860498428345 35
1738018960732 0.5998150110244751 36
1738018960734 0.6002061367034912 37
1738018960735 0.580405592918396 38
1738018960736 0.5745793581008911 39
1738018960737 0.5827250480651855 40
1738018960738 0.5730029940605164 41
1738018960739 0.5657541155815125 42
1738018960740 0.6100058555603027 43
1738018960741 0.5730207562446594 44
1738018960742 0.5719379186630249 45
1738018960743 0.5513122081756592 46
1738018960744 0.549206554889679 47
1738018960745 0.6391361355781555 48
1738018960746 0.5887964367866516 49
1738018960747 0.577317476272583 50
1738018960748 0.5605366826057434 51
1738018960749 0.5488860607147217 52
1738018960750 0.5547428131103516 53
