1738018960689 0.3314843773841858 0
1738018960691 0.4693359434604645 1
1738018960692 0.5669140815734863 2
1738018960693 0.6069140434265137 3
1738018960694 0.6424219012260437 4
1738018960695 0.6518359184265137 5
1738018960696 0.6768359541893005 6
1738018960697 0.6973046660423279 7
1738018960699 0.7200781106948853 8
1738018960700 0.7195703387260437 9
1738018960701 0.7314843535423279 10
1738018960702 0.7301172018051147 11
1738018960704 0.7490624785423279 12
1738018960705 0.744335949420929 13
1738018960707 0.7563281059265137 14
1738018960709 0.7643749713897705 15
1738018960710 0.7675390839576721 16
1738018960711 0.7673046588897705 17
1738018960712 0.7712109088897705 18
1738018960713 0.7810937762260437 19
1738018960715 0.7717968821525574 20
1738018960717 0.7817968726158142 21
1738018960718 0.7875390648841858 22
1738018960719 0.797656238079071 23
1738018960720 0.7857421636581421 24
1738018960721 0.7964062690734863 25
1738018960722 0.7995703220367432 26
1738018960723 0.8025781512260437 27
1738018960724 0.801562488079071 28
1738018960725 0.8044140338897705 29
1738018960726 0.807421863079071 30
1738018960727 0.8128125071525574 31
1738018960728 0.8114843964576721 32
1738018960729 0.8139843940734863 33
1738018960730 0.8169140815734863 34
1738018960731 0.8140234351158142 35
1738018960732 0.8166406154632568 36
1738018960734 0.8223437666893005 37
1738018960735 0.8277734518051147 38
1738018960736 0.8276171684265137 39
1738018960737 0.8244531154632568 40
1738018960738 0.8254296779632568 41
1738018960739 0.831250011920929 42
1738018960740 0.8198828101158142 43
1738018960741 0.8296484351158142 44
1738018960742 0.8296874761581421 45
1738018960743 0.8358203172683716 46
1738018960744 0.8362109661102295 47
1738018960745 0.8154687285423279 48
1738018960746 0.8253124952316284 49
1738018960747 0.8273046612739563 50
1738018960748 0.8313671946525574 51
1738018960749 0.8360156416893005 52
1738018960750 0.8362500071525574 53
