1738771648032 0.5155859589576721 0
1738771648034 0.6044531464576721 1
1738771648037 0.6417577862739563 2
1738771648039 0.6765234470367432 3
1738771648042 0.6949218511581421 4
1738771648043 0.7128515839576721 5
1738771648045 0.7216796875 6
1738771648047 0.7315624952316284 7
1738771648049 0.7401953339576721 8
1738771648051 0.747265636920929 9
1738771648054 0.7489843964576721 10
1738771648055 0.7532421946525574 11
1738771648057 0.7582421898841858 12
1738771648059 0.7643359303474426 13
1738771648061 0.7685937285423279 14
1738771648062 0.7671874761581421 15
1738771648063 0.7733593583106995 16
1738771648066 0.7730078101158142 17
1738771648069 0.7778515815734863 18
1738771648071 0.778515636920929 19
1738771648072 0.7802343964576721 20
1738771648074 0.7828906178474426 21
1738771648075 0.7813671827316284 22
1738771648076 0.7858203053474426 23
1738771648077 0.7908984422683716 24
1738771648079 0.7846484184265137 25
1738771648080 0.7922265529632568 26
1738771648082 0.7932812571525574 27
1738771648084 0.7921093702316284 28
1738771648087 0.7953515648841858 29
1738771648089 0.7955468893051147 30
1738771648091 0.798828125 31
1738771648092 0.7966406345367432 32
1738771648093 0.7973046898841858 33
1738771648095 0.800585925579071 34
1738771648096 0.7999218702316284 35
1738771648097 0.8046875 36
1738771648098 0.8030078411102295 37
1738771648100 0.8001953363418579 38
1738771648103 0.8071484565734863 39
1738771648105 0.8085547089576721 40
1738771648106 0.804882824420929 41
1738771648108 0.8045703172683716 42
1738771648109 0.808398425579071 43
1738771648110 0.8067968487739563 44
1738771648111 0.8050000071525574 45
1738771648113 0.8114843964576721 46
1738771648114 0.8112109303474426 47
1738771648115 0.8082812428474426 48
1738771648116 0.8181250095367432 49
1738771648118 0.8092187643051147 50
1738771648120 0.804492175579071 51
1738771648122 0.8117578029632568 52
1738771648123 0.8149999976158142 53
1738771648124 0.8096093535423279 54
1738771648126 0.8120703101158142 55
1738771648128 0.8123437762260437 56
1738771648129 0.8178515434265137 57
1738771648131 0.8173046708106995 58
1738771648132 0.8159765601158142 59
1738771648134 0.8170703053474426 60
1738771648136 0.818554699420929 61
1738771648138 0.8132421970367432 62
1738771648141 0.8197656273841858 63
1738771648143 0.8199999928474426 64
1738771648144 0.8101562261581421 65
1738771648146 0.8180859088897705 66
1738771648148 0.8196874856948853 67
1738771648150 0.8190234303474426 68
1738771648152 0.8142969012260437 69
1738771648153 0.8169531226158142 70
1738771648156 0.816210925579071 71
1738771648158 0.8190624713897705 72
1738771648159 0.8230078220367432 73
1738771648160 0.8148828148841858 74
1738771648162 0.8200390338897705 75
1738771648163 0.8180859088897705 76
1738771648165 0.820507824420929 77
1738771648166 0.8221874833106995 78
1738771648168 0.8192577958106995 79
1738771648170 0.8219531178474426 80
1738771648171 0.8216015696525574 81
1738771648173 0.8214452862739563 82
1738771648174 0.8244531154632568 83
1738771648175 0.8206640481948853 84
1738771648176 0.8224218487739563 85
1738771648177 0.8189062476158142 86
1738771648179 0.820117175579071 87
1738771648180 0.8207031488418579 88
1738771648181 0.82421875 89
1738771648182 0.8211718797683716 90
1738771648184 0.8233593702316284 91
1738771648185 0.8208203315734863 92
1738771648188 0.8203906416893005 93
1738771648190 0.823046863079071 94
1738771648191 0.82421875 95
1738771648193 0.8229687213897705 96
1738771648194 0.8241406083106995 97
1738771648196 0.8290625214576721 98
1738771648197 0.8233203291893005 99
1738771648198 0.827929675579071 100
1738771648199 0.8288671970367432 101
1738771648201 0.8233984112739563 102
1738771648203 0.8258203268051147 103
1738771648205 0.8231640458106995 104
1738771648206 0.8265234231948853 105
1738771648208 0.8238672018051147 106
1738771648209 0.8227734565734863 107
1738771648210 0.822460949420929 108
1738771648211 0.8274219036102295 109
1738771648212 0.8248437643051147 110
1738771648214 0.8274219036102295 111
1738771648215 0.8267968893051147 112
1738771648216 0.8321874737739563 113
1738771648218 0.8267577886581421 114
1738771648219 0.8289843797683716 115
1738771648221 0.8273828029632568 116
1738771648222 0.8224999904632568 117
1738771648223 0.825390636920929 118
1738771648225 0.8288671970367432 119
