1738771648032 1.4986701011657715 0
1738771648034 1.2483786344528198 1
1738771648037 1.1627527475357056 2
1738771648039 1.0890307426452637 3
1738771648042 1.0439796447753906 4
1738771648043 1.0122910737991333 5
1738771648045 0.988076388835907 6
1738771648047 0.9557085633277893 7
1738771648049 0.9408101439476013 8
1738771648051 0.9261884093284607 9
1738771648054 0.9094842672348022 10
1738771648055 0.9066857695579529 11
1738771648057 0.8975532650947571 12
1738771648059 0.8762634992599487 13
1738771648061 0.8707250952720642 14
1738771648062 0.8797059059143066 15
1738771648063 0.8560322523117065 16
1738771648066 0.8518398404121399 17
1738771648069 0.8410840034484863 18
1738771648071 0.8367615342140198 19
1738771648072 0.8400071859359741 20
1738771648074 0.8286454081535339 21
1738771648075 0.8375290632247925 22
1738771648076 0.8245980739593506 23
1738771648077 0.8090270757675171 24
1738771648079 0.819186806678772 25
1738771648080 0.803307294845581 26
1738771648082 0.8025392293930054 27
1738771648084 0.8049477338790894 28
1738771648087 0.7941690683364868 29
1738771648089 0.8001896739006042 30
1738771648091 0.7948095798492432 31
1738771648092 0.8000495433807373 32
1738771648093 0.7947143316268921 33
1738771648095 0.7855584025382996 34
1738771648096 0.7873071432113647 35
1738771648097 0.7765575647354126 36
1738771648098 0.775694727897644 37
1738771648100 0.7855260968208313 38
1738771648103 0.7694134712219238 39
1738771648105 0.7717626690864563 40
1738771648106 0.7762199640274048 41
1738771648108 0.7716492414474487 42
1738771648109 0.7695579528808594 43
1738771648110 0.7613224983215332 44
1738771648111 0.7753227353096008 45
1738771648113 0.7598218321800232 46
1738771648114 0.7593817114830017 47
1738771648115 0.7574965953826904 48
1738771648116 0.7434263825416565 49
1738771648118 0.7592481970787048 50
1738771648120 0.7761353850364685 51
1738771648122 0.7590885162353516 52
1738771648123 0.7458572387695312 53
1738771648124 0.7604037523269653 54
1738771648126 0.7622897624969482 55
1738771648128 0.7551639080047607 56
1738771648129 0.7420088052749634 57
1738771648131 0.7492112517356873 58
1738771648132 0.7475910186767578 59
1738771648134 0.7413885593414307 60
1738771648136 0.7437484264373779 61
1738771648138 0.7490125894546509 62
1738771648141 0.740970253944397 63
1738771648143 0.7350180745124817 64
1738771648144 0.7599452137947083 65
1738771648146 0.739306628704071 66
1738771648148 0.7471851110458374 67
1738771648150 0.7402095198631287 68
1738771648152 0.7453497052192688 69
1738771648153 0.7415006160736084 70
1738771648156 0.7523225545883179 71
1738771648158 0.7371694445610046 72
1738771648159 0.730080783367157 73
1738771648160 0.7489023804664612 74
1738771648162 0.7408657073974609 75
1738771648163 0.7370867133140564 76
1738771648165 0.7402283549308777 77
1738771648166 0.7344362139701843 78
1738771648168 0.7432352304458618 79
1738771648170 0.7330820560455322 80
1738771648171 0.7443578243255615 81
1738771648173 0.7339377403259277 82
1738771648174 0.7241959571838379 83
1738771648175 0.7417474389076233 84
1738771648176 0.7337060570716858 85
1738771648177 0.735358476638794 86
1738771648179 0.7401712536811829 87
1738771648180 0.7350548505783081 88
1738771648181 0.7302044034004211 89
1738771648182 0.738494336605072 90
1738771648184 0.7279401421546936 91
1738771648185 0.7380689382553101 92
1738771648188 0.7339887022972107 93
1738771648190 0.7274395227432251 94
1738771648191 0.7313170433044434 95
1738771648193 0.7372750639915466 96
1738771648194 0.7260525226593018 97
1738771648196 0.7235395312309265 98
1738771648197 0.729860782623291 99
1738771648198 0.7252576351165771 100
1738771648199 0.7192699909210205 101
1738771648201 0.7301938533782959 102
1738771648203 0.7214671969413757 103
1738771648205 0.7308759093284607 104
1738771648206 0.7197487354278564 105
1738771648208 0.7265798449516296 106
1738771648209 0.7358834743499756 107
1738771648210 0.7337393164634705 108
1738771648211 0.7200140953063965 109
1738771648212 0.7270949482917786 110
1738771648214 0.7232546806335449 111
1738771648215 0.7259372472763062 112
1738771648216 0.7099980711936951 113
1738771648218 0.7290379405021667 114
1738771648219 0.7167208790779114 115
1738771648221 0.7201576232910156 116
1738771648222 0.7324053049087524 117
1738771648223 0.7235748767852783 118
1738771648225 0.7188014984130859 119
