1738707956952 0.3610156178474426 0
1738707956958 0.5282031297683716 1
1738707956959 0.6160937547683716 2
1738707956961 0.6858984231948853 3
1738707956964 0.7369531393051147 4
1738707956966 0.7730078101158142 5
1738707956969 0.8016796708106995 6
1738707956971 0.8221874833106995 7
1738707956974 0.8329296708106995 8
1738707956977 0.8439843654632568 9
1738707956979 0.8520312309265137 10
1738707956982 0.8621484637260437 11
1738707956984 0.8697265386581421 12
1738707956987 0.8728906512260437 13
1738707956989 0.8776953220367432 14
1738707956992 0.8855078220367432 15
1738707956995 0.8831250071525574 16
1738707956997 0.8899609446525574 17
1738707957000 0.8951953053474426 18
1738707957001 0.8978515863418579 19
1738707957003 0.8978124856948853 20
1738707957004 0.9030859470367432 21
1738707957005 0.9031640887260437 22
1738707957006 0.9085937738418579 23
1738707957008 0.908007800579071 24
1738707957011 0.910351574420929 25
1738707957012 0.912109375 26
1738707957013 0.9143359661102295 27
1738707957014 0.9166406393051147 28
1738707957016 0.915820300579071 29
1738707957017 0.921679675579071 30
1738707957018 0.9202734231948853 31
1738707957019 0.9233593940734863 32
1738707957020 0.9226171970367432 33
1738707957021 0.9248046875 34
1738707957022 0.9244531393051147 35
1738707957024 0.9266796708106995 36
1738707957025 0.9269140362739563 37
1738707957026 0.9253125190734863 38
1738707957027 0.930468738079071 39
1738707957028 0.9286718964576721 40
1738707957029 0.933398425579071 41
1738707957030 0.9319531321525574 42
1738707957031 0.934374988079071 43
1738707957033 0.938281238079071 44
1738707957034 0.9348046779632568 45
1738707957035 0.9385156035423279 46
1738707957036 0.9387890696525574 47
1738707957037 0.9393749833106995 48
1738707957038 0.9369531273841858 49
