1738707956952 1.6702086925506592 0
1738707956958 1.2210934162139893 1
1738707956959 1.0292869806289673 2
1738707956961 0.8838088512420654 3
1738707956964 0.765856921672821 4
1738707956966 0.6829155683517456 5
1738707956969 0.6033436059951782 6
1738707956971 0.5546554327011108 7
1738707956974 0.523576021194458 8
1738707956977 0.4878765940666199 9
1738707956979 0.46714991331100464 10
1738707956982 0.4428575038909912 11
1738707956984 0.41994723677635193 12
1738707956987 0.4130498170852661 13
1738707956989 0.4002421200275421 14
1738707956992 0.3775731921195984 15
1738707956995 0.3833971917629242 16
1738707956997 0.36925482749938965 17
1738707957000 0.3490692377090454 18
1738707957001 0.34383922815322876 19
1738707957003 0.3350635766983032 20
1738707957004 0.3204410970211029 21
1738707957005 0.32351380586624146 22
1738707957006 0.30645015835762024 23
1738707957008 0.3121093511581421 24
1738707957011 0.2981952428817749 25
1738707957012 0.30244728922843933 26
1738707957013 0.2932523190975189 27
1738707957014 0.2835380733013153 28
1738707957016 0.28454867005348206 29
1738707957017 0.27100107073783875 30
1738707957018 0.27730998396873474 31
1738707957019 0.2625909149646759 32
1738707957020 0.27292129397392273 33
1738707957021 0.2595420777797699 34
1738707957022 0.26056721806526184 35
1738707957024 0.2482360303401947 36
1738707957025 0.25294139981269836 37
1738707957026 0.25456273555755615 38
1738707957027 0.2438097596168518 39
1738707957028 0.2401554137468338 40
1738707957029 0.22903543710708618 41
1738707957030 0.23645123839378357 42
1738707957031 0.23038412630558014 43
1738707957033 0.21305866539478302 44
1738707957034 0.23068174719810486 45
1738707957035 0.22082708775997162 46
1738707957036 0.2152821123600006 47
1738707957037 0.21440154314041138 48
1738707957038 0.2196243405342102 49
