1738020752046 5.715001106262207 0
1738020752048 1.6811785697937012 1
1738020752049 1.6455416679382324 2
1738020752051 1.5478219985961914 3
1738020752053 1.474520206451416 4
1738020752055 1.43634831905365 5
1738020752056 1.3726240396499634 6
1738020752057 1.2871204614639282 7
1738020752058 1.2476669549942017 8
1738020752059 1.1864874362945557 9
1738020752061 1.1754329204559326 10
1738020752062 1.1263763904571533 11
1738020752063 1.0774807929992676 12
1738020752064 1.0867213010787964 13
1738020752065 1.0731459856033325 14
1738020752067 1.0301499366760254 15
1738020752069 1.0059781074523926 16
1738020752071 0.9824527502059937 17
1738020752072 1.0761401653289795 18
1738020752073 0.9961228370666504 19
1738020752075 0.9614830613136292 20
1738020752076 0.9562630653381348 21
1738020752077 0.9299600720405579 22
1738020752078 1.0440911054611206 23
1738020752079 0.9544990658760071 24
1738020752080 0.9042393565177917 25
1738020752081 0.8861384391784668 26
1738020752081 0.8658307790756226 27
1738020752082 0.8554712533950806 28
1738020752084 0.8655695915222168 29
1738020752086 0.8348612189292908 30
1738020752088 0.8309486508369446 31
1738020752090 0.8343435525894165 32
1738020752091 0.8359514474868774 33
1738020752093 0.8024458289146423 34
1738020752094 0.8272050619125366 35
1738020752095 0.80647873878479 36
1738020752096 0.7943071722984314 37
1738020752097 0.832875669002533 38
1738020752098 0.7957902550697327 39
1738020752099 0.8163555860519409 40
1738020752100 0.7844241261482239 41
1738020752102 0.7761344909667969 42
1738020752104 0.7691583037376404 43
1738020752106 0.7614397406578064 44
1738020752108 0.7683463096618652 45
1738020752109 0.7725824117660522 46
1738020752110 0.7477517127990723 47
1738020752111 0.7542029023170471 48
1738020752112 0.7335222363471985 49
1738020752113 0.8305870294570923 50
1738020752114 0.7428898811340332 51
