1738020752046 0.31351563334465027 0
1738020752048 0.39644530415534973 1
1738020752049 0.41398438811302185 2
1738020752051 0.4613671898841858 3
1738020752053 0.48613280057907104 4
1738020752055 0.5011327862739563 5
1738020752056 0.5327734351158142 6
1738020752057 0.5639062523841858 7
1738020752058 0.583984375 8
1738020752059 0.6046093702316284 9
1738020752061 0.6153905987739563 10
1738020752062 0.6258203387260437 11
1738020752063 0.6435156464576721 12
1738020752064 0.6428515911102295 13
1738020752065 0.6549218893051147 14
1738020752067 0.6660937666893005 15
1738020752069 0.6763281226158142 16
1738020752071 0.6856640577316284 17
1738020752072 0.6684374809265137 18
1738020752073 0.6937500238418579 19
1738020752075 0.6956250071525574 20
1738020752076 0.701367199420929 21
1738020752077 0.7082421779632568 22
1738020752078 0.686718761920929 23
1738020752079 0.7005859613418579 24
1738020752080 0.7148047089576721 25
1738020752081 0.7229687571525574 26
1738020752081 0.7246484160423279 27
1738020752082 0.7342187762260437 28
1738020752084 0.7312890887260437 29
1738020752086 0.7396875023841858 30
1738020752088 0.7398046851158142 31
1738020752090 0.7376562356948853 32
1738020752091 0.7431640625 33
1738020752093 0.7506250143051147 34
1738020752094 0.7468359470367432 35
1738020752095 0.7515234351158142 36
1738020752096 0.753710925579071 37
1738020752097 0.7425781488418579 38
1738020752098 0.7525390386581421 39
1738020752099 0.7492578029632568 40
1738020752100 0.7552734613418579 41
1738020752102 0.7603906393051147 42
1738020752104 0.7632812261581421 43
1738020752106 0.7633984088897705 44
1738020752108 0.7647265791893005 45
1738020752109 0.7649219036102295 46
1738020752110 0.7717968821525574 47
1738020752111 0.7697656154632568 48
1738020752112 0.7768359184265137 49
1738020752113 0.7575390338897705 50
1738020752114 0.7786328196525574 51
