1738715364837 0.42386719584465027 0
1738715364839 0.6479296684265137 1
1738715364840 0.7602734565734863 2
1738715364841 0.8270702958106995 3
1738715364843 0.8557422161102295 4
1738715364845 0.8775390386581421 5
1738715364846 0.887890636920929 6
1738715364847 0.8999609351158142 7
1738715364849 0.9050390720367432 8
1738715364850 0.9188281297683716 9
1738715364851 0.9170312285423279 10
1738715364852 0.9301562309265137 11
1738715364853 0.9291796684265137 12
1738715364855 0.9322265386581421 13
1738715364856 0.9366796612739563 14
1738715364857 0.9362499713897705 15
1738715364860 0.9400390386581421 16
1738715364862 0.9411327838897705 17
1738715364863 0.9427734613418579 18
1738715364864 0.946484386920929 19
1738715364866 0.9465625286102295 20
1738715364867 0.9474999904632568 21
1738715364868 0.9516406059265137 22
1738715364869 0.9485546946525574 23
1738715364871 0.9522265791893005 24
1738715364872 0.9541015625 25
1738715364873 0.954882800579071 26
1738715364875 0.958203136920929 27
1738715364877 0.9562890529632568 28
1738715364879 0.9570702910423279 29
1738715364880 0.9576953053474426 30
1738715364881 0.9592968821525574 31
1738715364882 0.9602734446525574 32
1738715364884 0.9628515839576721 33
1738715364885 0.9575390815734863 34
1738715364886 0.9639062285423279 35
1738715364887 0.9618750214576721 36
