1738715364837 1.4938507080078125 0
1738715364839 0.9389418959617615 1
1738715364840 0.6958248615264893 2
1738715364841 0.533867597579956 3
1738715364843 0.448418527841568 4
1738715364845 0.3864792585372925 5
1738715364846 0.3526332378387451 6
1738715364847 0.324057012796402 7
1738715364849 0.3068311810493469 8
1738715364850 0.2611743211746216 9
1738715364851 0.26700419187545776 10
1738715364852 0.22963744401931763 11
1738715364853 0.23671279847621918 12
1738715364855 0.22563275694847107 13
1738715364856 0.20766620337963104 14
1738715364857 0.21726766228675842 15
1738715364860 0.20106631517410278 16
1738715364862 0.19595500826835632 17
1738715364863 0.1854417771100998 18
1738715364864 0.1800176203250885 19
1738715364866 0.1769564002752304 20
1738715364867 0.17138585448265076 21
1738715364868 0.16495192050933838 22
1738715364869 0.16852764785289764 23
1738715364871 0.15836367011070251 24
1738715364872 0.15576952695846558 25
1738715364873 0.15066954493522644 26
1738715364875 0.1408906728029251 27
1738715364877 0.14571699500083923 28
1738715364879 0.14549146592617035 29
1738715364880 0.14251594245433807 30
1738715364881 0.14247991144657135 31
1738715364882 0.136768639087677 32
1738715364884 0.12639465928077698 33
1738715364885 0.14489507675170898 34
1738715364886 0.12340222299098969 35
1738715364887 0.12754088640213013 36
