1738278169395 1.3296962976455688 0
1738278169396 0.7682402729988098 1
1738278169398 0.6635782718658447 2
1738278169399 0.5868602395057678 3
1738278169400 0.5616141557693481 4
1738278169402 0.5322127938270569 5
1738278169403 0.4986819326877594 6
1738278169404 0.47349563241004944 7
1738278169406 0.46495091915130615 8
1738278169407 0.46233561635017395 9
1738278169409 0.4591269791126251 10
1738278169410 0.4591326117515564 11
1738278169411 0.4380757808685303 12
1738278169412 0.42876923084259033 13
1738278169414 0.42529627680778503 14
1738278169416 0.4230843782424927 15
1738278169418 0.41370686888694763 16
1738278169419 0.4149620532989502 17
1738278169420 0.4097299873828888 18
1738278169421 0.4095611870288849 19
1738278169422 0.4030570983886719 20
1738278169424 0.4122666120529175 21
1738278169425 0.3977191150188446 22
1738278169426 0.3918931186199188 23
1738278169427 0.40895166993141174 24
1738278169428 0.4039298892021179 25
1738278169430 0.39710304141044617 26
1738278169431 0.39012283086776733 27
1738278169433 0.3967587649822235 28
1738278169434 0.37929069995880127 29
1738278169436 0.3835814297199249 30
1738278169437 0.3755304217338562 31
1738278169438 0.38023680448532104 32
1738278169439 0.37505730986595154 33
1738278169440 0.37669888138771057 34
1738278169442 0.37558218836784363 35
1738278169443 0.39905789494514465 36
1738278169444 0.3827323019504547 37
1738278169445 0.37045904994010925 38
1738278169447 0.3686234652996063 39
1738278169448 0.3684779703617096 40
1738278169449 0.36650508642196655 41
1738278169450 0.3664754629135132 42
1738278169452 0.36807942390441895 43
1738278169453 0.3685756027698517 44
1738278169454 0.3664398491382599 45
1738278169455 0.3572796881198883 46
1738278169456 0.3620545268058777 47
1738278169458 0.358761191368103 48
