1738278169395 0.5153124928474426 0
1738278169396 0.7269921898841858 1
1738278169398 0.7717187404632568 2
1738278169399 0.8000781536102295 3
1738278169400 0.8091796636581421 4
1738278169402 0.8198046684265137 5
1738278169403 0.8311718702316284 6
1738278169404 0.8394140601158142 7
1738278169406 0.8419140577316284 8
1738278169407 0.8420703411102295 9
1738278169409 0.8471484184265137 10
1738278169410 0.8457421660423279 11
1738278169411 0.8524609208106995 12
1738278169412 0.8555468916893005 13
1738278169414 0.8539062738418579 14
1738278169416 0.8579687476158142 15
1738278169418 0.8580077886581421 16
1738278169419 0.8606250286102295 17
1738278169420 0.8589062690734863 18
1738278169421 0.8591406345367432 19
1738278169422 0.8633202910423279 20
1738278169424 0.8583593964576721 21
1738278169425 0.8663281202316284 22
1738278169426 0.8675390481948853 23
1738278169427 0.859570324420929 24
1738278169428 0.8627734184265137 25
1738278169430 0.8655468821525574 26
1738278169431 0.8681250214576721 27
1738278169433 0.8628906011581421 28
1738278169434 0.8721484541893005 29
1738278169436 0.8695312738418579 30
1738278169437 0.8733984231948853 31
1738278169438 0.8695312738418579 32
1738278169439 0.8751562237739563 33
1738278169440 0.8698437213897705 34
1738278169442 0.8718359470367432 35
1738278169443 0.8633202910423279 36
1738278169444 0.87109375 37
1738278169445 0.874218761920929 38
1738278169447 0.8744921684265137 39
1738278169448 0.8739062547683716 40
1738278169449 0.8758984208106995 41
1738278169450 0.8761327862739563 42
1738278169452 0.874804675579071 43
1738278169453 0.8756640553474426 44
1738278169454 0.8754687309265137 45
1738278169455 0.8780468702316284 46
1738278169456 0.8762109279632568 47
1738278169458 0.8783203363418579 48
