1738717929632 0.2185937464237213 0
1738717929633 0.2406640648841858 1
1738717929635 0.24476562440395355 2
1738717929636 0.24960938096046448 3
1738717929637 0.2592187523841858 4
1738717929639 0.27406251430511475 5
1738717929640 0.28609374165534973 6
1738717929642 0.29121094942092896 7
1738717929644 0.3024218678474426 8
1738717929646 0.30980467796325684 9
1738717929648 0.3155859410762787 10
1738717929651 0.3334375023841858 11
1738717929653 0.36320313811302185 12
1738717929655 0.3665234446525574 13
1738717929656 0.3690234422683716 14
1738717929657 0.37035155296325684 15
1738717929659 0.37812501192092896 16
1738717929660 0.38566407561302185 17
1738717929661 0.3780859410762787 18
1738717929662 0.37773436307907104 19
1738717929663 0.37601563334465027 20
1738717929664 0.37449219822883606 21
1738717929666 0.3768359422683716 22
1738717929667 0.3756640553474426 23
1738717929669 0.3761328160762787 24
1738717929670 0.3792187571525574 25
1738717929671 0.38316404819488525 26
1738717929672 0.38718751072883606 27
1738717929674 0.38667967915534973 28
1738717929675 0.3743359446525574 29
1738717929676 0.3818359375 30
1738717929677 0.3879687488079071 31
1738717929678 0.3871484398841858 32
1738717929679 0.38191404938697815 33
1738717929681 0.37644532322883606 34
1738717929682 0.3807421922683716 35
1738717929683 0.37996092438697815 36
1738717929684 0.3792187571525574 37
1738717929685 0.3773437440395355 38
1738717929687 0.3829296827316284 39
1738717929688 0.3800390660762787 40
1738717929689 0.3771093785762787 41
1738717929690 0.36960938572883606 42
1738717929692 0.37621092796325684 43
1738717929693 0.37867188453674316 44
1738717929694 0.3786328136920929 45
1738717929695 0.37871092557907104 46
1738717929696 0.37964844703674316 47
1738717929697 0.38671875 48
