1738717929632 50.2512092590332 0
1738717929633 36.41770935058594 1
1738717929635 32.00834655761719 2
1738717929636 29.21941375732422 3
1738717929637 30.200166702270508 4
1738717929639 28.90489959716797 5
1738717929640 24.073095321655273 6
1738717929642 22.382553100585938 7
1738717929644 20.06283187866211 8
1738717929646 19.7613468170166 9
1738717929648 18.798908233642578 10
1738717929651 17.548830032348633 11
1738717929653 16.4280948638916 12
1738717929655 16.141660690307617 13
1738717929656 15.694662094116211 14
1738717929657 15.815678596496582 15
1738717929659 15.544857025146484 16
1738717929660 15.78614616394043 17
1738717929661 15.571512222290039 18
1738717929662 15.008025169372559 19
1738717929663 14.948269844055176 20
1738717929664 14.943619728088379 21
1738717929666 14.88194465637207 22
1738717929667 14.824923515319824 23
1738717929669 15.05936050415039 24
1738717929670 14.770151138305664 25
1738717929671 14.826613426208496 26
1738717929672 14.830008506774902 27
1738717929674 14.84814453125 28
1738717929675 14.774203300476074 29
1738717929676 14.783730506896973 30
1738717929677 14.719779968261719 31
1738717929678 14.7510986328125 32
1738717929679 14.842177391052246 33
1738717929681 15.378274917602539 34
1738717929682 14.987349510192871 35
1738717929683 14.73126220703125 36
1738717929684 14.690157890319824 37
1738717929685 14.696480751037598 38
1738717929687 14.725367546081543 39
1738717929688 14.717187881469727 40
1738717929689 14.719130516052246 41
1738717929690 14.668078422546387 42
1738717929692 14.709647178649902 43
1738717929693 14.71796989440918 44
1738717929694 14.607928276062012 45
1738717929695 14.670501708984375 46
1738717929696 14.698904991149902 47
1738717929697 14.731237411499023 48
